                                    QX( 2)  Manderfield outflow                                                          PAGE  1

           WATER
           YEAR    OCT     NOV     DEC     JAN     FEB     MAR     APR     MAY     JUN     JUL     AUG     SEP       ANN

           1972   1692.    481.   -918.    466.   -304.   -756.    124.   -294.   1998.    502.   1043.     19.     4052.
           1973    799.     45.    541.    783.     84.    434.   1328.  -1400.   1029.   4979.   2389.     49.    11060.
           1974    478.  -3329.   2004.   2003.    803.    477.   -509.    571.   3148.   1500.   1241.   1069.     9456.
           1975   1217.    -39.    298.    656.   -447.   -704.    801.    912.   -444.   1771.   -446.    976.     4552.
           1976    482.     82.    378.    616.      9.   -436.    -37.   1315.  -1206.   1181.    815.   -297.     2902.
           1977    499.   -463.   -325.   1674.   -603.    238.    402.   -184.    281.   -685.   1230.    511.     2574.
           1978     41.   -851.   1311.     49.   -288.   -792.    152.   -174.   -929.   1021.    819.    606.      964.
           1979    483.    206.   -452.   -528.     79.   -183.   -115.  -6196.   -641.   1457.   1014.    223.    -4653.
           1980   1474.   -855.    165.    536.   1756.   -602.  -1116.   2078.  -3993.  -2373.   4436.   -145.     1361.
           1981   1130.     55.   -483.    -90.    165.     -5.    387.    626.   1490.   1354.    506.   1301.     6436.
           1982   1066.    136.    -90.   -754.    513.   -345.    189.    804.   1193.   3243.   2663.   1080.     9697.
           1983    830.    -90.   -100.   -360.   -400.    470.   1000.   1280. -10740.    920.   2440.    590.    -4160.
           1984    865.    510.   1715.   2501.  -1624.   1869.    276.  -7761.   -407.   2535.   3200.   1813.     5492.
           1985   1050.   -370.   -517.    894.   2309.    903.    948.  -1633.   1662.   1628.   3221.   1519.    11614.
           1986   1366.  -1136.   -290.   -176.   -243.   -590.    949.    -39.    343.   1826.   2732.   1509.     6251.
           1987    918.    -69.   -277.    -56.    340.     59.   2499.    409.   1843.   1186.   2809.   1317.    10979.
           1988    785.    926.     78.    -17.   1082.     30.   -145.    303.    495.   1293.   1182.    962.     6974.
           1989   1452.    273.    248.    609.    299.    659.    337.    582.    171.    -31.    619.    235.     5452.
           1990    828.    528.    343.     17.    200.    -43.   -440.    444.    393.    693.    615.    630.     4208.
           1991    667.    293.    137.    -46.   -557.    518.      2.    452.    490.    798.    841.    759.     4353.
           1992    851.     77.     13.   -186.    196.   -290.   -672.    965.    279.    292.    992.    468.     2986.
           1993   1013.   -362.   -406.     37.    -40.     44.   -283.  -4974.   1179.   1483.   1444.    941.       76.
           1994    663.     53.   -117.   -200.   -121.   -258.     78.    996.    337.    868.    981.    360.     3640.
           1995    290.    140.    390.    180.    -30.   -330.    160.     10. -14080.    950.   1150.   1380.    -9790.
           1996    594.     92.    316.    -68.    -32.   -473.    588.    509.    509.    674.    902.    367.     3978.
           1997    265.    747.   1034.    590.    -70.    115.    256.    231.   -558.   2372.   2357.   -152.     7186.
           1998    217.   -138.    128.    572.   -399.   -169.    856.    887.   4168.      1.   2906.    837.     9867.
           1999    -59.    228.   -354.    360.    -37.   -296.   1002.  -1299.  -1634.   7030.   4978.   7103.    17022.
           2000    661.  -1826.  -3371.    275.   -269.  -1108.   -466.    117.    377.   1193.    196.   -422.    -4643.
           2001    683.   -769.   -243.     52.    -23.   -356.    -20.    -98.   2282.   1035.    901.     54.     3499.
           2002  -1337.  -1897.   -160.   -344.   -265.   -651.      6.   1130.    -88.    304.     55.    377.    -2870.
           2003    149.     48.   -149.   -320.   -259.   -212.   -445.    202.     98.    190.    175.    774.      250.

           AVE.    691.   -227.     26.    304.     57.    -87.    253.   -288.   -342.   1287.   1575.    838.     4086.

           NUMBER OF YEARS   32
                        10234500 BEAVER RIVER NEAR BEAVER, UT                     Acre-Feet                              PAGE  2

           WATER
           YEAR    OCT     NOV     DEC     JAN     FEB     MAR     APR     MAY     JUN     JUL     AUG     SEP       ANN

           1915   2550.   1730.   1630.   1430.   1260.   1670.   4730.  10830.  11440.   4310.   2260.   1790.    45630.
           1916   1700.   1580.   1390.   1010.   1510.   2760.   6230.  13830.   9080.   4500.   3390.   2240.    49220.
           1917   2480.   1940.   1190.   1180.   1460.   1610.   3140.   6790.  11760.   3960.   1830.   1560.    38900.
           1918   1517.   1242.   1265.   1260.   1083.   1440.   3181.   8424.   5881.   3235.   1916.   1468.    31912.
           1919   1730.   1500.   1400.   1190.    970.   1380.   5540.  12430.   3810.   2150.   1530.   1450.    35080.
           1920   1410.   1410.   1190.    980.    920.   1030.   1690.  20020.  12730.   4390.   2560.   1710.    50040.
           1921   1780.   1510.   1090.   1250.   1240.   2150.   2940.  12840.  18540.   4890.   2880.   2180.    53290.
           1922   1790.   1560.   1470.   1280.   1150.   1440.   2180.  20750.  17240.   4630.   2880.   1940.    58310.
           1923   1630.   1520.   1520.   1470.   1270.   1510.   3190.  19240.  10520.   5200.   2650.   1820.    51540.
           1924   1734.   1509.   1390.   1363.   1377.   1454.   4461.   8279.   3457.   1686.   1218.   1079.    29007.
           1925   1070.   1050.   1110.    960.    970.   1440.   3810.  12690.   5840.   3890.   2300.   1740.    36870.
           1926   1940.   1690.   1530.   1290.   1210.   1730.   5270.  17200.   6430.   2670.   1910.   1490.    44360.
           1927   1450.   1280.   1320.   1320.   1340.   1500.   3370.  10940.   5950.   3310.   2380.   1910.    36070.
           1928   1880.   2000.   1610.   1650.   1540.   2180.   3540.  12860.   6440.   3270.   2200.   1670.    40840.
           1929   1730.   1550.   1230.   1230.   1290.   1750.   2960.  17780.   8180.   3800.   2340.   2130.    45970.
           1930   1620.   1490.   1420.   1230.   1090.   1420.   5870.  10010.   6290.   2560.   2030.   1660.    36690.
           1931   1599.   1208.   1168.   1107.   1154.   1315.   2315.   3820.   2079.   1260.    950.    732.    18707.
           1932   1020.    810.    800.    740.    920.   1150.   3240.  12920.   8710.   4450.   1750.   1240.    37750.
           1933   1360.   1110.   1230.   1540.   1000.    940.   1300.   5510.  12990.   3370.   1900.   1380.    33630.
           1934   1382.   1252.    980.    861.    980.   1406.   2515.   3005.   1432.   1140.    867.    662.    16482.
           1935    830.    860.    920.    980.   1000.   1190.   2760.   7260.  13410.   3660.   1870.   1370.    36110.
           1936   1230.   1180.   1100.   1210.   1100.   1300.   5000.  12230.  12360.   5660.   3810.   2170.    48350.
           1937   1790.   1460.   1350.   1230.   1110.   1460.   4920.  23640.  10340.   4780.   2360.   1680.    56120.
           1938   1450.   1380.   1450.   1120.   1010.   1420.   4590.  13010.  10740.   4200.   1990.   1460.    43820.
           1939   1646.   1315.   1361.   1317.   1144.   1726.   3715.   5679.   2789.   1732.   1333.   1343.    25100.
           1940   1430.   1100.   1010.    960.   1060.   1480.   5050.  14780.   5360.   2020.   1550.   1550.    37350.
           1941   1470.   1200.   1170.   1200.   1120.   1290.   1560.  20740.  21180.   6040.   3090.   2010.    62070.
           1942   2110.   1920.   1710.   1660.   1380.   1580.   4800.  15030.   9820.   3570.   2190.   1520.    47290.
           1943   1496.   1347.   1258.   1206.   1297.   1684.   6966.   8894.   4818.   2283.   2198.   1430.    34877.
           1944   1550.   1310.   1220.   1170.   1110.   1320.   2310.  14600.  17010.   5640.   2380.   1790.    51410.
           1945   1580.   1480.   1380.   1310.   1200.   1440.   2470.  12930.   9610.   5050.   2610.   1780.    42840.
           1946   1692.   1466.   1448.   1382.   1238.   1478.   5222.   7420.   5012.   1968.   1710.   1273.    31309.
           1947   1550.   1390.   1320.   1110.   1110.   1810.   4290.  18820.   9210.   4590.   3240.   1980.    50420.
           1948   1830.   1380.   1400.   1180.   1090.   1250.   3030.  12230.   6540.   2770.   1760.   1300.    35760.
           1949   1250.   1190.   1200.   1110.   1030.   1340.   4480.  12390.  13450.   4990.   2250.   1520.    46200.
           1950   1619.   1386.   1269.   1200.   1212.   1406.   3031.   5449.   3652.   1906.   1166.    954.    24250.
           1951    978.   1041.   1012.    891.    825.   1129.   2079.   5744.   5278.   2071.   1646.   1196.    23890.
           1952   1160.   1070.   1030.    920.    950.   1220.   4970.  22410.  17970.   6680.   3220.   2040.    63640.
           1953   1613.   1349.   1333.   1428.   1206.   1496.   2011.   3344.   4943.   1918.   1557.    988.    23186.
           1954   1105.   1043.    956.    950.    940.   1111.   3400.   6303.   3765.   1567.   1269.   1069.    23478.
           1955   1016.    948.    922.    889.    807.   1039.   1847.   5496.   4572.   1997.   1486.   1025.    22044.
           1956    944.    902.    956.    996.    944.   1315.   2301.   7002.   5552.   3015.   1511.   1002.    26440.
           1957   1010.    950.    940.    930.    890.   1080.   2200.   7080.  22900.   7380.   3340.   1650.    50350.
           1958   1710.   1410.   1450.   1240.   1170.   1310.   3440.  17150.  12130.   6450.   2200.   1860.    51520.
           1959   1521.   1379.   1186.   1164.   1043.   1273.   2027.   2594.   1783.   1039.    990.    801.    16800.
           1960    895.    799.    821.    893.    789.   1101.   2428.   5816.   2999.   1210.    847.    900.    19498.
           1961    962.    932.    873.    740.    716.   1023.   2204.   4869.   2809.   1079.   1162.   1240.    18609.
           1962   1061.    924.    940.    853.    833.    966.   5066.   7882.   7029.   4479.   1968.   1258.    33259.
           1963   1246.   1045.    960.    807.    978.   1025.   1398.   5710.   3449.   1355.   1390.   1069.    20432.
           1964    948.    954.    867.    803.    713.    835.   1696.   7331.   5407.   3445.   1559.   1053.    25611.
           1965    952.    944.    940.    906.    799.    916.   1855.   5478.   9187.   6004.   3900.   1930.    33811.
           1966   1517.   1230.   1137.    982.    891.   1224.   2809.   6528.   2642.   1260.    944.    895.    22059.
           1967    940.    860.   1300.    830.    800.   1090.   1380.   6200.  10920.   6640.   3160.   2080.    36200.
           1968   1550.   1210.   1160.   1010.    980.   1250.   2250.  10410.  12430.   5240.   3260.   1590.    42340.
           1969   1480.   1190.   1130.   1140.    950.   1170.   4120.  16440.  10020.   5730.   3030.   1820.    48220.
           1970   1666.   1339.   1232.   1188.   1033.   1204.   1563.   7751.   8803.   5032.   2319.   1666.    34796.
           1971   1398.   1279.   1230.   1071.   1123.   1267.   2717.   6218.   6363.   3439.   1870.   1325.    29300.
           1972   1273.   1144.   1111.    958.    895.   1470.   1492.   2402.   1831.    972.    773.    847.    15168.
           1973   1190.   1040.    950.    900.    790.    950.   2070.  15480.  14460.   7680.   2890.   1360.    49760.
           1974   1267.   1097.   1140.   1144.   1061.   1597.   2473.   8598.   5954.   1767.   1077.    940.    28115.
           1975    934.   1000.    924.    845.    827.    954.   1109.   5209.   9427.   4360.   1759.   1228.    28576.
           1976   1140.    962.    990.    918.    873.    958.   1486.   5316.   2489.   1214.    908.    764.    18018.
           1977    823.    738.    612.    612.    635.    791.   1960.   1583.   1662.    916.    723.    635.    11690.
           1978    820.    690.    620.    710.    740.   1190.   2990.   9670.  15800.   4360.   3760.   1620.    42970.
           1979   1340.   1120.   1120.   1080.    910.   1080.   2990.  17130.  19580.   4060.   2150.   1350.    53910.
           1980   1210.   1160.   1070.   1020.   1040.   1250.   4530.  13300.  26400.   9680.   4720.   2490.    67870.
           1981   2069.   1797.   1537.   1472.   1027.   1234.   4324.   7622.   5833.   2225.   1654.   1313.    32107.
           1982   1460.   1410.   1230.   1010.   1000.   1210.   2880.  12920.  10230.   5420.   3260.   2070.    44100.
           1983   2160.   1840.   1330.   1360.   1220.   1640.   2300.  14700.  37980.  12190.   6030.   3760.    86510.
           1984   2060.   2790.   2320.   1560.   1600.   1750.   4270.  25130.  15750.   7110.   4840.   2590.    71770.
           1985   2320.   1580.   1710.   1630.   1220.   1640.   4940.  14640.   9200.   4540.   2930.   1760.    48110.
           1986   1530.   1270.   1180.   1390.   1310.   2760.   5540.  15050.   8770.   5460.   4480.   2600.    51340.
           1987   2220.   1777.   1440.   1394.   1218.   1517.   4050.   7014.   6290.   4489.   2723.   1682.    35814.
           1988   1510.   1490.   1340.   1410.   1110.   1760.   3250.  10450.   7830.   4040.   3690.   1750.    39630.
           1989   1343.   1317.   1240.   1085.    988.   1835.   4056.   3931.   2287.   1327.   1103.    879.    21391.
           1990    904.    968.    980.    853.    833.   1170.   1924.   3957.   3275.   1432.   1067.    974.    18337.
                        10234500 BEAVER RIVER NEAR BEAVER, UT                     Acre-Feet                              PAGE  3

           WATER
           YEAR    OCT     NOV     DEC     JAN     FEB     MAR     APR     MAY     JUN     JUL     AUG     SEP       ANN

           1991   1021.    928.    889.    839.    766.    960.   1801.   5181.   6688.   4013.   2225.   1315.    26626.
           1992   1176.   1186.    952.    893.    893.   1228.   3275.   6301.   4657.   1843.   1714.   1236.    25354.
           1993   1160.   1110.    980.   1020.    950.   1680.   3470.  14430.  11690.   5290.   3050.   1630.    46460.
           1994   1339.   1139.   1192.   1107.   1004.   1424.   2396.   5540.   4784.   1954.   1454.   1111.    24444.
           1995   1450.   1280.   1010.   1040.   1250.   2000.   2740.   7950.  21880.  11790.   4390.   2710.    59490.
           1996   1728.   1515.   1377.   1260.   1242.   1367.   2481.   6206.   4465.   2053.   1379.   1137.    26210.
           1997   1090.   1100.   1070.   1110.   1000.   1730.   2780.  14730.  11760.   5300.   3140.   2530.    47340.
           1998   2090.   1690.   1330.   1170.   1140.   1660.   2770.  12070.  18100.   9270.   4810.   3280.    59380.
           1999   1989.   1775.   1500.   1335.   1172.   1559.   1888.   7416.   8465.   4828.   3275.   1660.    36862.
           2000   1515.   1365.   1204.   1184.   1103.   1359.   2997.   5869.   3870.   1795.   1379.   1075.    24715.
           2001   1208.   1188.   1109.   1021.    942.   1410.   2471.   8257.   4986.   3358.   1817.   1305.    29072.
           2002   1218.   1176.   1164.   1150.    877.   1067.   1894.   2418.   1456.   1206.    829.    863.    15318.
           2003   1077.   1095.    920.    922.    807.   1045.   1831.   6224.   5623.   2987.   1684.   1216.    25431.
           2004    966.    936.    992.    974.    956.   1640.   2898.   6123.   3933.   1515.   1139.    998.    23070.
           2005   1140.   1230.   1160.   1080.   1030.   1210.   2720.  17210.  26630.  10520.   4410.   2550.    70890.
           2006   1956.   1851.   1741.   1636.   1676.   1412.   3104.   9090.   4746.   2684.   1418.   1252.    32566.
           2007   1519.   1254.   1208.   1436.   1331.   1694.   2388.   4568.   1987.   1202.   1095.    944.    20626.
           2008    964.    912.    859.    887.    865.   1091.   1847.   5064.   5304.   3542.   1329.   1014.    23678.
           2009   1090.   1020.    940.    970.   1000.   1490.   3090.  11250.   4700.   3720.   2210.   1140.    32620.

          +AVE.   1426.   1304.   1173.   1106.   1014.   1414.   2857.   9272.   9796.   4342.   2553.   1615.    37872.


          +   AVE. GIVEN FOR YEARS OF CONCURRENT DATA WITH CORRELATED STATION
                                    QX( 2)  Manderfield outflow                                                          PAGE  4

           R      0.332   0.451   0.201   0.256   0.146   0.383   0.339   0.796   0.803   0.325   0.811   0.401               0.287
           A   -.12E+04-.30E+04-.32E+04-.29E+04-.34E+04-.22E+04-.16E+040.35E+040.39E+04-.99E+03-.67E+03-.19E+04           0.157E+05
           B   0.13E+010.21E+010.28E+010.29E+010.35E+010.15E+010.64E+00-.41E+00-.43E+000.52E+000.88E+000.17E+01          -0.306E+00

           WATER
           YEAR    OCT     NOV     DEC     JAN     FEB     MAR     APR     MAY     JUN     JUL     AUG     SEP       SUM       ANN

          *1915   2154.    676.   1299.   1241.    908.    294.   1452.      0.      0.   1271.   1317.   1129.    11741.     1710.
          *1916   1048.    357.    631.     25.   1772.   1915.   2412.      0.      0.   1370.   2313.   1879.    13722.      610.
          *1917   2063.   1121.     73.    517.   1599.    205.    434.    718.      0.   1087.    938.    746.     9503.     3771.
          *1918    809.      0.    282.    749.    296.      0.    460.     55.   1349.    708.   1014.    593.     6315.     5912.
          *1919   1087.    188.    659.    546.      0.      0.   1970.      0.   2243.    139.    674.    563.     8068.     4941.
          *1920    670.      0.     73.      0.      0.      0.      0.      0.      0.   1313.   1582.    996.     4634.      359.
          *1921   1152.    209.      0.    720.    839.   1008.    306.      0.      0.   1574.   1864.   1779.     9450.        0.
          *1922   1165.    315.    854.    807.    528.      0.      0.      0.      0.   1438.   1864.   1379.     8349.        0.
          *1923    956.    230.    993.   1357.    943.     56.    466.      0.      0.   1737.   1661.   1179.     9578.        0.
          *1924   1092.    207.    631.   1047.   1313.      0.   1279.    114.   2395.      0.    399.      0.     8477.     6802.
          *1925    227.      0.      0.      0.      0.      0.    863.      0.   1366.   1051.   1352.   1046.     5906.     4393.
          *1926   1360.    591.   1021.    836.    735.    383.   1797.      0.   1111.    412.   1009.    630.     9884.     2099.
          *1927    722.      0.    436.    922.   1185.     41.    581.      0.   1319.    747.   1423.   1329.     8705.     4638.
          *1928   1282.   1248.   1244.   1877.   1876.   1053.    690.      0.   1107.    726.   1264.    929.    13297.     3177.
          *1929   1087.    294.    185.    662.   1012.    413.    319.      0.    356.   1004.   1388.   1695.     8413.     1606.
          *1930    943.    167.    714.    662.    320.      0.   2181.      0.   1172.    354.   1115.    913.     8541.     4448.
          *1931    916.      0.     12.    306.    542.      0.      0.   1923.   2991.      0.    163.      0.     6852.     9957.
          *1932    162.      0.      0.      0.      0.      0.    498.      0.    127.   1344.    868.    214.     3212.     4124.
          *1933    605.      0.    185.   1559.      9.      0.      0.   1238.      0.    778.   1000.    447.     5821.     5386.
          *1934    634.      0.      0.      0.      0.      0.     34.   2254.   3270.      0.     89.      0.     6281.    10639.
          *1935      0.      0.      0.      0.      9.      0.    191.    528.      0.    930.    973.    430.     3061.     4626.
          *1936    436.      0.      0.    604.    355.      0.   1624.      0.      0.   1978.   2683.   1762.     9442.      877.
          *1937   1165.    103.    519.    662.    389.      0.   1573.      0.      0.   1517.   1405.    946.     8280.        0.
          *1938    722.      0.    798.    344.     44.      0.   1362.      0.      0.   1213.   1079.    580.     6141.     2264.
          *1939    977.      0.    550.    914.    507.    377.    802.   1169.   2684.      0.    500.    385.     8865.     7999.
          *1940    696.      0.      0.      0.    217.     11.   1656.      0.   1574.     71.    691.    730.     5646.     4246.
          *1941    748.      0.     18.    575.    424.      0.      0.      0.      0.   2177.   2049.   1496.     7486.        0.
          *1942   1581.   1078.   1522.   1906.   1323.    160.   1496.      0.      0.    883.   1256.    680.    11886.     1201.
          *1943    782.      0.    263.    592.   1036.    315.   2883.      0.   1808.    209.   1263.    530.     9680.     5004.
          *1944    852.      0.    157.    488.    389.      0.      0.      0.      0.   1967.   1423.   1129.     6407.        0.
          *1945    891.    145.    603.    893.    701.      0.      5.      0.      0.   1658.   1626.   1113.     7635.     2564.
          *1946   1037.    116.    792.   1102.    832.      8.   1767.    463.   1724.     44.    832.    268.     8985.     6097.
          *1947    852.      0.    436.    315.    389.    502.   1170.      0.      0.   1417.   2181.   1446.     8708.      242.
          *1948   1217.      0.    659.    517.    320.      0.    363.      0.   1064.    464.    877.    313.     5794.     4733.
          *1949    462.      0.    101.    315.    113.      0.   1292.      0.      0.   1627.   1308.    680.     5897.     1535.
          *1950    942.      0.    293.    575.    742.      0.    364.   1262.   2311.     11.    353.      0.     6855.     8259.
          *1951    108.      0.      0.      0.      0.      0.      0.   1143.   1609.     98.    776.    140.     3874.     8369.
          *1952    345.      0.      0.      0.      0.      0.   1605.      0.      0.   2512.   2163.   1546.     8171.        0.
          *1953    934.      0.    472.   1235.    721.     35.      0.   2116.   1754.     18.    698.      0.     7983.     8585.
          *1954    273.      0.      0.      0.      0.      0.    600.    916.   2262.      0.    444.      0.     4495.     8495.
          *1955    157.      0.      0.      0.      0.      0.      0.   1243.   1914.     59.    635.      0.     4008.     8935.
          *1956     63.      0.      0.      0.      0.      0.      0.    632.   1491.    592.    657.      0.     3436.     7588.
          *1957    149.      0.      0.      0.      0.      0.      0.    601.      0.   2879.   2269.    896.     6794.      264.
          *1958   1061.      0.    798.    691.    597.      0.    626.      0.      0.   2392.   1264.   1246.     8674.        0.
          *1959    815.      0.     62.    471.    158.      0.      0.   2421.   3118.      0.    198.      0.     7242.    10541.
          *1960      0.      0.      0.      0.      0.      0.      0.   1114.   2593.      0.     72.      0.     3779.     9715.
          *1961     87.      0.      0.      0.      0.      0.      0.   1498.   2675.      0.    349.    214.     4823.     9987.
          *1962    216.      0.      0.      0.      0.      0.   1667.    275.    853.   1359.   1060.    244.     5673.     5499.
          *1963    457.      0.      0.      0.      0.      0.      0.   1157.   2399.      0.    550.      0.     4562.     9429.
          *1964     69.      0.      0.      0.      0.      0.      0.    499.   1553.    818.    699.      0.     3638.     7842.
          *1965     74.      0.      0.      0.      0.      0.      0.   1251.      0.   2158.   2763.   1362.     7608.     5330.
          *1966    809.      0.      0.      0.      0.      0.    222.    825.   2747.      0.    157.      0.     4761.     8930.
          *1967     58.      0.    380.      0.      0.      0.      0.    958.      0.   2491.   2111.   1612.     7610.     4598.
          *1968    852.      0.      0.     25.      0.      0.      0.      0.      0.   1758.   2199.    796.     5630.     2718.
          *1969    761.      0.      0.    401.      0.      0.   1061.      0.      0.   2015.   1996.   1179.     7414.      916.
          *1970   1003.      0.    190.    540.    123.      0.      0.    329.     87.   1649.   1369.    923.     6213.     5028.
          *1971    654.      0.    185.    202.    434.      0.    163.    950.   1140.    814.    973.    355.     5872.     6712.
           1972   1692.    481.   -918.    466.   -304.   -756.    124.   -294.   1998.    502.   1043.     19.     4052.     4052.
           1973    799.     45.    541.    783.     84.    434.   1328.  -1400.   1029.   4979.   2389.     49.    11060.    11060.
           1974    478.  -3329.   2004.   2003.    803.    477.   -509.    571.   3148.   1500.   1241.   1069.     9456.     9456.
           1975   1217.    -39.    298.    656.   -447.   -704.    801.    912.   -444.   1771.   -446.    976.     4552.     4552.
           1976    482.     82.    378.    616.      9.   -436.    -37.   1315.  -1206.   1181.    815.   -297.     2902.     2902.
           1977    499.   -463.   -325.   1674.   -603.    238.    402.   -184.    281.   -685.   1230.    511.     2574.     2574.
           1978     41.   -851.   1311.     49.   -288.   -792.    152.   -174.   -929.   1021.    819.    606.      964.      964.
           1979    483.    206.   -452.   -528.     79.   -183.   -115.  -6196.   -641.   1457.   1014.    223.    -4653.    -4653.
           1980   1474.   -855.    165.    536.   1756.   -602.  -1116.   2078.  -3993.  -2373.   4436.   -145.     1361.     1361.
           1981   1130.     55.   -483.    -90.    165.     -5.    387.    626.   1490.   1354.    506.   1301.     6436.     6436.
           1982   1066.    136.    -90.   -754.    513.   -345.    189.    804.   1193.   3243.   2663.   1080.     9697.     9697.
           1983    830.    -90.   -100.   -360.   -400.    470.   1000.   1280. -10740.    920.   2440.    590.    -4160.    -4160.
           1984    865.    510.   1715.   2501.  -1624.   1869.    276.  -7761.   -407.   2535.   3200.   1813.     5492.     5492.
           1985   1050.   -370.   -517.    894.   2309.    903.    948.  -1633.   1662.   1628.   3221.   1519.    11614.    11614.
                                    QX( 2)  Manderfield outflow                                                          PAGE  5

           R      0.332   0.451   0.201   0.256   0.146   0.383   0.339   0.796   0.803   0.325   0.811   0.401               0.287
           A   -.12E+04-.30E+04-.32E+04-.29E+04-.34E+04-.22E+04-.16E+040.35E+040.39E+04-.99E+03-.67E+03-.19E+04           0.157E+05
           B   0.13E+010.21E+010.28E+010.29E+010.35E+010.15E+010.64E+00-.41E+00-.43E+000.52E+000.88E+000.17E+01          -0.306E+00

           WATER
           YEAR    OCT     NOV     DEC     JAN     FEB     MAR     APR     MAY     JUN     JUL     AUG     SEP       SUM       ANN

           1986   1366.  -1136.   -290.   -176.   -243.   -590.    949.    -39.    343.   1826.   2732.   1509.     6251.     6251.
           1987    918.    -69.   -277.    -56.    340.     59.   2499.    409.   1843.   1186.   2809.   1317.    10979.    10979.
           1988    785.    926.     78.    -17.   1082.     30.   -145.    303.    495.   1293.   1182.    962.     6974.     6974.
           1989   1452.    273.    248.    609.    299.    659.    337.    582.    171.    -31.    619.    235.     5452.     5452.
           1990    828.    528.    343.     17.    200.    -43.   -440.    444.    393.    693.    615.    630.     4208.     4208.
           1991    667.    293.    137.    -46.   -557.    518.      2.    452.    490.    798.    841.    759.     4353.     4353.
           1992    851.     77.     13.   -186.    196.   -290.   -672.    965.    279.    292.    992.    468.     2986.     2986.
           1993   1013.   -362.   -406.     37.    -40.     44.   -283.  -4974.   1179.   1483.   1444.    941.       76.       76.
           1994    663.     53.   -117.   -200.   -121.   -258.     78.    996.    337.    868.    981.    360.     3640.     3640.
           1995    290.    140.    390.    180.    -30.   -330.    160.     10. -14080.    950.   1150.   1380.    -9790.    -9790.
           1996    594.     92.    316.    -68.    -32.   -473.    588.    509.    509.    674.    902.    367.     3978.     3978.
           1997    265.    747.   1034.    590.    -70.    115.    256.    231.   -558.   2372.   2357.   -152.     7186.     7186.
           1998    217.   -138.    128.    572.   -399.   -169.    856.    887.   4168.      1.   2906.    837.     9867.     9867.
           1999    -59.    228.   -354.    360.    -37.   -296.   1002.  -1299.  -1634.   7030.   4978.   7103.    17022.    17022.
           2000    661.  -1826.  -3371.    275.   -269.  -1108.   -466.    117.    377.   1193.    196.   -422.    -4643.    -4643.
           2001    683.   -769.   -243.     52.    -23.   -356.    -20.    -98.   2282.   1035.    901.     54.     3499.     3499.
           2002  -1337.  -1897.   -160.   -344.   -265.   -651.      6.   1130.    -88.    304.     55.    377.    -2870.    -2870.
           2003    149.     48.   -149.   -320.   -259.   -212.   -445.    202.     98.    190.    175.    774.      250.      250.
          *2004     92.      0.      0.      0.      0.    249.    279.    989.   2190.      0.    329.      0.     4128.     8620.
          *2005    319.      0.      0.    228.    113.      0.    165.      0.      0.   4524.   3212.   2395.    10955.        0.
          *2006   1381.    932.   1609.   1837.   2346.      0.    411.      0.   1839.    419.    575.    234.    11582.     5712.
          *2007    812.      0.    123.   1258.   1153.    330.      0.   1620.   3030.      0.    290.      0.     8617.     9369.
          *2008     90.      0.      0.      0.      0.      0.      0.   1419.   1598.    868.    497.      0.     4471.     8434.
          *2009    254.      0.      0.      0.      9.     26.    402.      0.   1859.    962.   1273.     47.     4831.     5695.

           AVE.    710.      7.    218.    424.    307.     48.    501.    236.    587.   1082.   1303.    736.     6159.     4445.


          * DATA CORRELATED WITH STATION:     10234500 BEAVER RIVER NEAR BEAVER, UT                     Acre-Feet             

           NUMBER OF YEARS   95                       Linear Regression   
                                                                                                                        PAGE  6

          Correlation Coefficients           09:15:39.4          05/15/2011
                      Linear Regression   
          1 OCT  A=-.116527780E+04, B=0.130165643E+01, R=  0.332224, R*R=  0.110373
          2 NOV  A=-.299319401E+04, B=0.212065574E+01, R=  0.451108, R*R=  0.203499
          3 DEC  A=-.324276587E+04, B=0.278663083E+01, R=  0.201420, R*R=  0.040570
          4 JAN  A=-.289797117E+04, B=0.289422285E+01, R=  0.255672, R*R=  0.065368
          5 FEB  A=-.344824975E+04, B=0.345735573E+01, R=  0.145940, R*R=  0.021298
          6 MAR  A=-.219010971E+04, B=0.148747730E+01, R=  0.382975, R*R=  0.146670
          7 APR  A=-.157596659E+04, B=0.640082152E+00, R=  0.339443, R*R=  0.115222
          8 MAY  A=0.347317015E+04, B=-.405709401E+00, R=  0.795895, R*R=  0.633449
          9 JUN  A=0.388849150E+04, B=-.431892571E+00, R=  0.802894, R*R=  0.644639
         10 JUL  A=-.987094871E+03, B=0.523843372E+00, R=  0.324837, R*R=  0.105519
         11 AUG  A=-.674835853E+03, B=0.881447147E+00, R=  0.810923, R*R=  0.657597
         12 SEP  A=-.185110606E+04, B=0.166503278E+01, R=  0.400757, R*R=  0.160606
         13 ANN  A=0.156873668E+05, B=-.306325615E+00, R=  0.287152, R*R=  0.082456


         Base Station:       O:\STREAMFL\MONTH\10234500.mon
         Correlated Station: O:\DATABASE\WATBUDG\Data\OutPut\MaderfieldOutflow.mon
         Print File Name:    O:\DATABASE\WATBUDG\Data\OutPut\MaderfieldOutflow.prn
         Output/Save File:   O:\DATABASE\WATBUDG\Data\OutPut\MaderfieldOutflow.corr
