                                    QX( 3)  Balancing Flow for Minersville Reservoir                                     PAGE  1

           WATER
           YEAR    OCT     NOV     DEC     JAN     FEB     MAR     APR     MAY     JUN     JUL     AUG     SEP       ANN

           1989   1491.    282.    248.    585.    325.    830.    643.    800.    288.      4.    603.    209.     6309.
           1990    819.    527.    346.     16.    197.    -27.   -397.    477.    409.    683.    589.    605.     4244.
           1991    656.    291.    136.    -46.   -547.    529.     36.    482.    508.    775.    804.    730.     4355.
           1992    845.     78.     14.   -184.    202.   -307.   -584.   1014.    292.    270.    954.    430.     3025.
           1993   1006.   -364.   -406.     30.    -54.     61.   -203.  -4786.   1456.   1658.   1493.    960.      851.
           1994    665.     63.   -115.   -177.   -128.   -155.    175.   1128.    394.    862.    946.    328.     3986.
           1995    290.    150.    390.    180.    -10.   -330.    200.    100. -13740.   1460.   1380.   1490.    -8440.
           1996    680.    176.    348.    -62.      4.   -325.    853.    761.    676.    720.    888.    347.     5064.
           1997    256.    747.   1033.    583.    -64.    190.    296.    517.   -283.   2513.   2433.   -126.     8095.
           1998    273.    -97.    146.    559.   -455.   -119.   1019.   1293.   4488.    330.   3165.    979.    11581.
           1999    -23.    313.   -358.    432.     -2.    -71.   1111.  -1067.  -1535.   7083.   5013.   7124.    18020.
           2000    672.  -1824.  -3372.    273.   -273.  -1076.   -396.    155.    370.   1162.    161.   -467.    -4615.
           2001    684.   -770.   -241.     53.    -25.   -332.     16.    -55.   2309.   1047.    901.     43.     3628.
           2002  -1351.  -1901.   -160.   -340.   -257.   -636.     41.   1152.   -102.    258.    -12.    340.    -2968.
           2003    138.     36.   -152.   -323.   -259.   -210.   -442.    198.     73.    135.    111.    721.       28.

           AVE.    473.   -153.   -143.    105.    -90.   -132.    158.    145.   -293.   1264.   1295.    914.     3544.

           NUMBER OF YEARS   15
                        10234500 BEAVER RIVER NEAR BEAVER, UT                     Acre-Feet                              PAGE  2

           WATER
           YEAR    OCT     NOV     DEC     JAN     FEB     MAR     APR     MAY     JUN     JUL     AUG     SEP       ANN

           1915   2550.   1730.   1630.   1430.   1260.   1670.   4730.  10830.  11440.   4310.   2260.   1790.    45630.
           1916   1700.   1580.   1390.   1010.   1510.   2760.   6230.  13830.   9080.   4500.   3390.   2240.    49220.
           1917   2480.   1940.   1190.   1180.   1460.   1610.   3140.   6790.  11760.   3960.   1830.   1560.    38900.
           1918   1517.   1242.   1265.   1260.   1083.   1440.   3181.   8424.   5881.   3235.   1916.   1468.    31912.
           1919   1730.   1500.   1400.   1190.    970.   1380.   5540.  12430.   3810.   2150.   1530.   1450.    35080.
           1920   1410.   1410.   1190.    980.    920.   1030.   1690.  20020.  12730.   4390.   2560.   1710.    50040.
           1921   1780.   1510.   1090.   1250.   1240.   2150.   2940.  12840.  18540.   4890.   2880.   2180.    53290.
           1922   1790.   1560.   1470.   1280.   1150.   1440.   2180.  20750.  17240.   4630.   2880.   1940.    58310.
           1923   1630.   1520.   1520.   1470.   1270.   1510.   3190.  19240.  10520.   5200.   2650.   1820.    51540.
           1924   1734.   1509.   1390.   1363.   1377.   1454.   4461.   8279.   3457.   1686.   1218.   1079.    29007.
           1925   1070.   1050.   1110.    960.    970.   1440.   3810.  12690.   5840.   3890.   2300.   1740.    36870.
           1926   1940.   1690.   1530.   1290.   1210.   1730.   5270.  17200.   6430.   2670.   1910.   1490.    44360.
           1927   1450.   1280.   1320.   1320.   1340.   1500.   3370.  10940.   5950.   3310.   2380.   1910.    36070.
           1928   1880.   2000.   1610.   1650.   1540.   2180.   3540.  12860.   6440.   3270.   2200.   1670.    40840.
           1929   1730.   1550.   1230.   1230.   1290.   1750.   2960.  17780.   8180.   3800.   2340.   2130.    45970.
           1930   1620.   1490.   1420.   1230.   1090.   1420.   5870.  10010.   6290.   2560.   2030.   1660.    36690.
           1931   1599.   1208.   1168.   1107.   1154.   1315.   2315.   3820.   2079.   1260.    950.    732.    18707.
           1932   1020.    810.    800.    740.    920.   1150.   3240.  12920.   8710.   4450.   1750.   1240.    37750.
           1933   1360.   1110.   1230.   1540.   1000.    940.   1300.   5510.  12990.   3370.   1900.   1380.    33630.
           1934   1382.   1252.    980.    861.    980.   1406.   2515.   3005.   1432.   1140.    867.    662.    16482.
           1935    830.    860.    920.    980.   1000.   1190.   2760.   7260.  13410.   3660.   1870.   1370.    36110.
           1936   1230.   1180.   1100.   1210.   1100.   1300.   5000.  12230.  12360.   5660.   3810.   2170.    48350.
           1937   1790.   1460.   1350.   1230.   1110.   1460.   4920.  23640.  10340.   4780.   2360.   1680.    56120.
           1938   1450.   1380.   1450.   1120.   1010.   1420.   4590.  13010.  10740.   4200.   1990.   1460.    43820.
           1939   1646.   1315.   1361.   1317.   1144.   1726.   3715.   5679.   2789.   1732.   1333.   1343.    25100.
           1940   1430.   1100.   1010.    960.   1060.   1480.   5050.  14780.   5360.   2020.   1550.   1550.    37350.
           1941   1470.   1200.   1170.   1200.   1120.   1290.   1560.  20740.  21180.   6040.   3090.   2010.    62070.
           1942   2110.   1920.   1710.   1660.   1380.   1580.   4800.  15030.   9820.   3570.   2190.   1520.    47290.
           1943   1496.   1347.   1258.   1206.   1297.   1684.   6966.   8894.   4818.   2283.   2198.   1430.    34877.
           1944   1550.   1310.   1220.   1170.   1110.   1320.   2310.  14600.  17010.   5640.   2380.   1790.    51410.
           1945   1580.   1480.   1380.   1310.   1200.   1440.   2470.  12930.   9610.   5050.   2610.   1780.    42840.
           1946   1692.   1466.   1448.   1382.   1238.   1478.   5222.   7420.   5012.   1968.   1710.   1273.    31309.
           1947   1550.   1390.   1320.   1110.   1110.   1810.   4290.  18820.   9210.   4590.   3240.   1980.    50420.
           1948   1830.   1380.   1400.   1180.   1090.   1250.   3030.  12230.   6540.   2770.   1760.   1300.    35760.
           1949   1250.   1190.   1200.   1110.   1030.   1340.   4480.  12390.  13450.   4990.   2250.   1520.    46200.
           1950   1619.   1386.   1269.   1200.   1212.   1406.   3031.   5449.   3652.   1906.   1166.    954.    24250.
           1951    978.   1041.   1012.    891.    825.   1129.   2079.   5744.   5278.   2071.   1646.   1196.    23890.
           1952   1160.   1070.   1030.    920.    950.   1220.   4970.  22410.  17970.   6680.   3220.   2040.    63640.
           1953   1613.   1349.   1333.   1428.   1206.   1496.   2011.   3344.   4943.   1918.   1557.    988.    23186.
           1954   1105.   1043.    956.    950.    940.   1111.   3400.   6303.   3765.   1567.   1269.   1069.    23478.
           1955   1016.    948.    922.    889.    807.   1039.   1847.   5496.   4572.   1997.   1486.   1025.    22044.
           1956    944.    902.    956.    996.    944.   1315.   2301.   7002.   5552.   3015.   1511.   1002.    26440.
           1957   1010.    950.    940.    930.    890.   1080.   2200.   7080.  22900.   7380.   3340.   1650.    50350.
           1958   1710.   1410.   1450.   1240.   1170.   1310.   3440.  17150.  12130.   6450.   2200.   1860.    51520.
           1959   1521.   1379.   1186.   1164.   1043.   1273.   2027.   2594.   1783.   1039.    990.    801.    16800.
           1960    895.    799.    821.    893.    789.   1101.   2428.   5816.   2999.   1210.    847.    900.    19498.
           1961    962.    932.    873.    740.    716.   1023.   2204.   4869.   2809.   1079.   1162.   1240.    18609.
           1962   1061.    924.    940.    853.    833.    966.   5066.   7882.   7029.   4479.   1968.   1258.    33259.
           1963   1246.   1045.    960.    807.    978.   1025.   1398.   5710.   3449.   1355.   1390.   1069.    20432.
           1964    948.    954.    867.    803.    713.    835.   1696.   7331.   5407.   3445.   1559.   1053.    25611.
           1965    952.    944.    940.    906.    799.    916.   1855.   5478.   9187.   6004.   3900.   1930.    33811.
           1966   1517.   1230.   1137.    982.    891.   1224.   2809.   6528.   2642.   1260.    944.    895.    22059.
           1967    940.    860.   1300.    830.    800.   1090.   1380.   6200.  10920.   6640.   3160.   2080.    36200.
           1968   1550.   1210.   1160.   1010.    980.   1250.   2250.  10410.  12430.   5240.   3260.   1590.    42340.
           1969   1480.   1190.   1130.   1140.    950.   1170.   4120.  16440.  10020.   5730.   3030.   1820.    48220.
           1970   1666.   1339.   1232.   1188.   1033.   1204.   1563.   7751.   8803.   5032.   2319.   1666.    34796.
           1971   1398.   1279.   1230.   1071.   1123.   1267.   2717.   6218.   6363.   3439.   1870.   1325.    29300.
           1972   1273.   1144.   1111.    958.    895.   1470.   1492.   2402.   1831.    972.    773.    847.    15168.
           1973   1190.   1040.    950.    900.    790.    950.   2070.  15480.  14460.   7680.   2890.   1360.    49760.
           1974   1267.   1097.   1140.   1144.   1061.   1597.   2473.   8598.   5954.   1767.   1077.    940.    28115.
           1975    934.   1000.    924.    845.    827.    954.   1109.   5209.   9427.   4360.   1759.   1228.    28576.
           1976   1140.    962.    990.    918.    873.    958.   1486.   5316.   2489.   1214.    908.    764.    18018.
           1977    823.    738.    612.    612.    635.    791.   1960.   1583.   1662.    916.    723.    635.    11690.
           1978    820.    690.    620.    710.    740.   1190.   2990.   9670.  15800.   4360.   3760.   1620.    42970.
           1979   1340.   1120.   1120.   1080.    910.   1080.   2990.  17130.  19580.   4060.   2150.   1350.    53910.
           1980   1210.   1160.   1070.   1020.   1040.   1250.   4530.  13300.  26400.   9680.   4720.   2490.    67870.
           1981   2069.   1797.   1537.   1472.   1027.   1234.   4324.   7622.   5833.   2225.   1654.   1313.    32107.
           1982   1460.   1410.   1230.   1010.   1000.   1210.   2880.  12920.  10230.   5420.   3260.   2070.    44100.
           1983   2160.   1840.   1330.   1360.   1220.   1640.   2300.  14700.  37980.  12190.   6030.   3760.    86510.
           1984   2060.   2790.   2320.   1560.   1600.   1750.   4270.  25130.  15750.   7110.   4840.   2590.    71770.
           1985   2320.   1580.   1710.   1630.   1220.   1640.   4940.  14640.   9200.   4540.   2930.   1760.    48110.
           1986   1530.   1270.   1180.   1390.   1310.   2760.   5540.  15050.   8770.   5460.   4480.   2600.    51340.
           1987   2220.   1777.   1440.   1394.   1218.   1517.   4050.   7014.   6290.   4489.   2723.   1682.    35814.
           1988   1510.   1490.   1340.   1410.   1110.   1760.   3250.  10450.   7830.   4040.   3690.   1750.    39630.
           1989   1343.   1317.   1240.   1085.    988.   1835.   4056.   3931.   2287.   1327.   1103.    879.    21391.
           1990    904.    968.    980.    853.    833.   1170.   1924.   3957.   3275.   1432.   1067.    974.    18337.
                        10234500 BEAVER RIVER NEAR BEAVER, UT                     Acre-Feet                              PAGE  3

           WATER
           YEAR    OCT     NOV     DEC     JAN     FEB     MAR     APR     MAY     JUN     JUL     AUG     SEP       ANN

           1991   1021.    928.    889.    839.    766.    960.   1801.   5181.   6688.   4013.   2225.   1315.    26626.
           1992   1176.   1186.    952.    893.    893.   1228.   3275.   6301.   4657.   1843.   1714.   1236.    25354.
           1993   1160.   1110.    980.   1020.    950.   1680.   3470.  14430.  11690.   5290.   3050.   1630.    46460.
           1994   1339.   1139.   1192.   1107.   1004.   1424.   2396.   5540.   4784.   1954.   1454.   1111.    24444.
           1995   1450.   1280.   1010.   1040.   1250.   2000.   2740.   7950.  21880.  11790.   4390.   2710.    59490.
           1996   1728.   1515.   1377.   1260.   1242.   1367.   2481.   6206.   4465.   2053.   1379.   1137.    26210.
           1997   1090.   1100.   1070.   1110.   1000.   1730.   2780.  14730.  11760.   5300.   3140.   2530.    47340.
           1998   2090.   1690.   1330.   1170.   1140.   1660.   2770.  12070.  18100.   9270.   4810.   3280.    59380.
           1999   1989.   1775.   1500.   1335.   1172.   1559.   1888.   7416.   8465.   4828.   3275.   1660.    36862.
           2000   1515.   1365.   1204.   1184.   1103.   1359.   2997.   5869.   3870.   1795.   1379.   1075.    24715.
           2001   1208.   1188.   1109.   1021.    942.   1410.   2471.   8257.   4986.   3358.   1817.   1305.    29072.
           2002   1218.   1176.   1164.   1150.    877.   1067.   1894.   2418.   1456.   1206.    829.    863.    15318.
           2003   1077.   1095.    920.    922.    807.   1045.   1831.   6224.   5623.   2987.   1684.   1216.    25431.
           2004    966.    936.    992.    974.    956.   1640.   2898.   6123.   3933.   1515.   1139.    998.    23070.
           2005   1140.   1230.   1160.   1080.   1030.   1210.   2720.  17210.  26630.  10520.   4410.   2550.    70890.
           2006   1956.   1851.   1741.   1636.   1676.   1412.   3104.   9090.   4746.   2684.   1418.   1252.    32566.
           2007   1519.   1254.   1208.   1436.   1331.   1694.   2388.   4568.   1987.   1202.   1095.    944.    20626.
           2008    964.    912.    859.    887.    865.   1091.   1847.   5064.   5304.   3542.   1329.   1014.    23678.
           2009   1090.   1020.    940.    970.   1000.   1490.   3090.  11250.   4700.   3720.   2210.   1140.    32620.

          +AVE.   1354.   1255.   1128.   1066.    998.   1433.   2585.   7365.   7599.   3896.   2221.   1528.    32429.


          +   AVE. GIVEN FOR YEARS OF CONCURRENT DATA WITH CORRELATED STATION
                                    QX( 3)  Balancing Flow for Minersville Reservoir                                     PAGE  4

           R      0.363   0.228   0.381   0.647   0.335   0.469   0.153   0.718   0.701   0.472   0.837   0.413               0.320
           A   0.29E+040.39E+040.59E+04-.22E+04-.16E+04-.22E+04-.19E+040.31E+040.48E+04-.94E+03-.11E+04-.28E+04          -0.112E+05
           B   -.18E+01-.32E+01-.53E+010.22E+010.16E+010.15E+010.80E+00-.40E+00-.67E+000.57E+000.11E+010.24E+01           0.453E+00

           WATER
           YEAR    OCT     NOV     DEC     JAN     FEB     MAR     APR     MAY     JUN     JUL     AUG     SEP       SUM       ANN

          *1915  -1701.  -1668.  -2823.    899.    317.    213.   1883.  -1258.  -2872.   1498.   1337.   1553.    -2621.     9528.
          *1916   -156.  -1189.  -1542.    -17.    705.   1800.   3089.  -2473.  -1288.   1605.   2558.   2652.     5745.    11155.
          *1917  -1574.  -2338.   -475.    354.    628.    126.    604.    378.  -3087.   1300.    873.    992.    -2219.     6477.
          *1918    177.   -110.   -875.    529.     42.   -122.    637.   -284.    860.    890.    966.    768.     3478.     3310.
          *1919   -210.   -934.  -1596.    376.   -133.   -209.   2534.  -1906.   2251.    277.    549.    724.     1723.     4746.
          *1920    371.   -646.   -475.    -82.   -211.   -718.   -562.  -4979.  -3738.   1543.   1661.   1358.    -6477.    11527.
          *1921   -301.   -965.     59.    507.    286.    912.    443.  -2072.  -7639.   1826.   2007.   2505.    -2433.    13000.
          *1922   -319.  -1125.  -1969.    572.    146.   -122.   -168.  -5275.  -6766.   1679.   2007.   1920.    -9420.    15275.
          *1923    -29.   -997.  -2236.    986.    333.    -20.    644.  -4663.  -2254.   2001.   1759.   1627.    -2850.    12206.
          *1924   -218.   -962.  -1542.    753.    499.   -101.   1667.   -225.   2488.     14.    212.   -182.     2402.     1993.
          *1925    989.    503.    -48.   -126.   -133.   -122.   1143.  -2011.    888.   1260.   1381.   1431.     5157.     5557.
          *1926   -592.  -1540.  -2289.    594.    240.    301.   2317.  -3837.    492.    571.    959.    821.    -1965.     8952.
          *1927    299.   -231.  -1169.    659.    441.    -34.    789.  -1303.    814.    932.   1467.   1846.     4512.     5195.
          *1928   -483.  -2530.  -2716.   1379.    752.    955.    926.  -2080.    485.    910.   1272.   1261.      131.     7357.
          *1929   -210.  -1093.   -688.    463.    364.    330.    459.  -4072.   -683.   1209.   1424.   2383.     -115.     9682.
          *1930    -10.   -902.  -1702.    463.     53.   -151.   2800.   -926.    586.    509.   1089.   1236.     3044.     5476.
          *1931     28.     -1.   -357.    195.    153.   -304.    -59.   1580.   3413.   -226.    -78.  -1029.     3314.    -2675.
          *1932   1080.   1269.   1607.   -605.   -211.   -544.    685.  -2104.  -1039.   1577.    786.    211.     2713.     5956.
          *1933    462.    312.   -688.   1139.    -86.   -849.   -875.    896.  -3913.    966.    948.    553.    -1136.     4089.
          *1934    422.   -142.    646.   -341.   -117.   -171.    102.   1910.   3847.   -294.   -167.  -1199.     4495.    -3684.
          *1935   1426.   1110.    966.    -82.    -86.   -485.    299.    187.  -4195.   1130.    916.    528.     1714.     5213.
          *1936    699.     88.      6.    420.     69.   -325.   2100.  -1825.  -3490.   2261.   3012.   2481.     5494.    10761.
          *1937   -319.   -806.  -1329.    463.     84.    -92.   2036.  -6445.  -2134.   1763.   1445.   1285.    -4048.    14282.
          *1938    299.   -550.  -1862.    223.    -71.   -151.   1770.  -2141.  -2402.   1436.   1046.    748.    -1656.     8707.
          *1939    -58.   -343.  -1387.    653.    137.    295.   1067.    827.   2936.     40.    336.    463.     4966.      222.
          *1940    335.    343.    486.   -126.      7.    -63.   2140.  -2857.   1210.    203.    570.    968.     3216.     5775.
          *1941    262.     24.   -368.    398.    100.   -340.   -666.  -5271.  -9412.   2476.   2234.   2090.    -8472.    16979.
          *1942   -901.  -2274.  -3250.   1401.    504.     82.   1939.  -2959.  -1784.   1079.   1262.    895.    -4007.    10280.
          *1943    215.   -445.   -838.    411.    375.    234.   3681.   -474.   1574.    352.   1270.    675.     7029.     4654.
          *1944    117.   -327.   -635.    332.     84.   -296.    -63.  -2785.  -6612.   2250.   1467.   1553.    -4914.    12148.
          *1945     62.   -870.  -1489.    638.    224.   -122.     65.  -2108.  -1643.   1916.   1715.   1529.      -82.     8263.
          *1946   -141.   -825.  -1852.    795.    283.    -66.   2278.    122.   1444.    174.    743.    292.     3247.     3037.
          *1947    117.   -582.  -1169.    201.     84.    417.   1529.  -4493.  -1375.   1656.   2396.   2017.      799.    11699.
          *1948   -392.   -550.  -1596.    354.     53.   -398.    516.  -1825.    418.    627.    797.    358.    -1638.     5054.
          *1949    662.     56.   -528.    201.    -40.   -267.   1682.  -1890.  -4222.   1882.   1327.    895.     -242.     9786.
          *1950     -9.   -570.   -896.    398.    243.   -171.    517.    921.   2357.    139.    156.   -487.     2596.     -163.
          *1951   1157.    532.    475.   -276.   -358.   -574.   -249.    801.   1265.    232.    674.    104.     3783.     -326.
          *1952    826.    439.    379.   -213.   -164.   -442.   2076.  -5947.  -7256.   2838.   2374.   2164.    -2926.    17691.
          *1953      2.   -451.  -1238.    895.    233.    -40.   -304.   1773.   1490.    146.    578.   -404.     2680.     -645.
          *1954    926.    525.    774.   -147.   -180.   -600.    813.    575.   2281.    -53.    267.   -206.     4975.     -513.
          *1955   1088.    829.    956.   -280.   -386.   -705.   -436.    901.   1739.    190.    501.   -314.     4083.    -1163.
          *1956   1218.    976.    774.    -47.   -173.   -304.    -71.    292.   1081.    766.    528.   -370.     4671.      830.
          *1957   1098.    822.    860.   -191.   -257.   -646.   -152.    260. -10567.   3233.   2504.   1212.    -1822.    11667.
          *1958   -174.   -646.  -1862.    485.    178.   -311.    845.  -3817.  -3335.   2708.   1272.   1724.    -2934.    12197.
          *1959    170.   -547.   -453.    319.    -20.   -365.   -291.   2076.   3612.   -351.    -35.   -860.     3255.    -3540.
          *1960   1308.   1304.   1495.   -272.   -414.   -615.     32.    772.   2795.   -255.   -189.   -619.     5343.    -2317.
          *1961   1186.    880.   1217.   -605.   -527.   -729.   -149.   1155.   2923.   -329.    151.    211.     5385.    -2720.
          *1962   1006.    905.    860.   -359.   -346.   -811.   2153.    -65.     90.   1593.   1022.    255.     6303.     3921.
          *1963    669.    519.    753.   -459.   -121.   -726.   -797.    815.   2493.   -173.    397.   -206.     3166.    -1893.
          *1964   1211.    810.   1249.   -468.   -532.  -1002.   -557.    159.   1179.   1009.    580.   -245.     3392.      454.
          *1965   1204.    841.    860.   -243.   -398.   -884.   -429.    909.  -1359.   2455.   3109.   1895.     7959.     4171.
          *1966    177.    -72.   -192.    -78.   -256.   -436.    338.    484.   3035.   -226.    -84.   -631.     2060.    -1156.
          *1967   1226.   1110.  -1062.   -409.   -397.   -631.   -811.    616.  -2523.   2815.   2310.   2261.     4505.     5254.
          *1968    117.     -8.   -315.    -17.   -117.   -398.   -112.  -1088.  -3537.   2024.   2418.   1065.       32.     8037.
          *1969    244.     56.   -155.    267.   -164.   -515.   1392.  -3530.  -1919.   2301.   2169.   1627.     1774.    10702.
          *1970    -94.   -420.   -699.    372.    -35.   -465.   -664.    -12.  -1102.   1906.   1401.   1251.     1440.     4617.
          *1971    393.   -228.   -688.    116.    105.   -373.    264.    609.    537.   1005.    916.    419.     3075.     2126.
          *1972    620.    203.    -53.   -130.   -249.    -78.   -721.   2154.   3580.   -389.   -269.   -748.     3920.    -4279.
          *1973    771.    535.    806.   -256.   -412.   -835.   -256.  -3141.  -4900.   3403.   2018.    504.    -1763.    11400.
          *1974    631.    353.   -208.    276.      8.    107.     68.   -354.    811.     60.     59.   -521.     1291.     1589.
          *1975   1237.    663.    945.   -376.   -355.   -829.  -1029.   1018.  -1521.   1526.    796.    182.     2256.     1798.
          *1976    862.    784.    593.   -217.   -284.   -823.   -726.    974.   3138.   -252.   -123.   -951.     2975.    -2988.
          *1977   1438.   1499.   2610.   -884.   -653.  -1066.   -345.   2486.   3693.   -421.   -323.  -1265.     6769.    -5856.
          *1978   1444.   1652.   2567.   -671.   -490.   -485.    484.   -788.  -5799.   1526.   2958.   1139.     3536.     8322.
          *1979    499.    280.   -101.    136.   -226.   -646.    484.  -3809.  -8337.   1356.   1218.    480.    -8667.    13281.
          *1980    735.    152.    166.      5.    -24.   -398.   1722.  -2258. -12916.   4533.   3995.   3262.    -1027.    19608.
          *1981   -827.  -1882.  -2327.    991.    -44.   -421.   1556.     41.    893.    319.    683.    389.     -629.     3398.
          *1982    280.   -646.   -688.    -17.    -86.   -456.    395.  -2104.  -2060.   2125.   2418.   2237.     1397.     8834.
          *1983   -992.  -2019.  -1222.    747.    255.    170.    -71.  -2825. -20691.   5952.   5410.   6361.    -8926.    28057.
          *1984   -810.  -5052.  -6506.   1183.    845.    330.   1513.  -7048.  -5766.   3081.   4124.   3506.   -10601.    21376.
          *1985  -1283.  -1189.  -3250.   1335.    255.    170.   2052.  -2801.  -1368.   1628.   2061.   1480.     -910.    10652.
                                    QX( 3)  Balancing Flow for Minersville Reservoir                                     PAGE  5

           R      0.363   0.228   0.381   0.647   0.335   0.469   0.153   0.718   0.701   0.472   0.837   0.413               0.320
           A   0.29E+040.39E+040.59E+04-.22E+04-.16E+04-.22E+04-.19E+040.31E+040.48E+04-.94E+03-.11E+04-.28E+04          -0.112E+05
           B   -.18E+01-.32E+01-.53E+010.22E+010.16E+010.15E+010.80E+00-.40E+00-.67E+000.57E+000.11E+010.24E+01           0.453E+00

           WATER
           YEAR    OCT     NOV     DEC     JAN     FEB     MAR     APR     MAY     JUN     JUL     AUG     SEP       SUM       ANN

          *1986    153.   -199.   -421.    812.    395.   1800.   2534.  -2967.  -1079.   2148.   3735.   3530.    10441.    12116.
          *1987  -1101.  -1818.  -1809.    821.    252.     -9.   1336.    287.    586.   1599.   1837.   1290.     3270.     5079.
          *1988    190.   -902.  -1275.    856.     84.    344.    693.  -1104.   -448.   1345.   2882.   1456.     4120.     6808.
           1989   1491.    282.    248.    585.    325.    830.    643.    800.    288.      4.    603.    209.     6309.     6309.
           1990    819.    527.    346.     16.    197.    -27.   -397.    477.    409.    683.    589.    605.     4244.     4244.
           1991    656.    291.    136.    -46.   -547.    529.     36.    482.    508.    775.    804.    730.     4355.     4355.
           1992    845.     78.     14.   -184.    202.   -307.   -584.   1014.    292.    270.    954.    430.     3025.     3025.
           1993   1006.   -364.   -406.     30.    -54.     61.   -203.  -4786.   1456.   1658.   1493.    960.      851.      851.
           1994    665.     63.   -115.   -177.   -128.   -155.    175.   1128.    394.    862.    946.    328.     3986.     3986.
           1995    290.    150.    390.    180.    -10.   -330.    200.    100. -13740.   1460.   1380.   1490.    -8440.    -8440.
           1996    680.    176.    348.    -62.      4.   -325.    853.    761.    676.    720.    888.    347.     5064.     5064.
           1997    256.    747.   1033.    583.    -64.    190.    296.    517.   -283.   2513.   2433.   -126.     8095.     8095.
           1998    273.    -97.    146.    559.   -455.   -119.   1019.   1293.   4488.    330.   3165.    979.    11581.    11581.
           1999    -23.    313.   -358.    432.     -2.    -71.   1111.  -1067.  -1535.   7083.   5013.   7124.    18020.    18020.
           2000    672.  -1824.  -3372.    273.   -273.  -1076.   -396.    155.    370.   1162.    161.   -467.    -4615.    -4615.
           2001    684.   -770.   -241.     53.    -25.   -332.     16.    -55.   2309.   1047.    901.     43.     3628.     3628.
           2002  -1351.  -1901.   -160.   -340.   -257.   -636.     41.   1152.   -102.    258.    -12.    340.    -2968.    -2968.
           2003    138.     36.   -152.   -323.   -259.   -210.   -442.    198.     73.    135.    111.    721.       28.       28.
          *2004   1178.    867.    582.    -95.   -155.    170.    410.    648.   2168.    -82.    126.   -379.     5438.     -698.
          *2005    862.    -72.   -315.    136.    -40.   -456.    266.  -3841. -13071.   5008.   3660.   3408.    -4454.    20977.
          *2006   -621.  -2054.  -3416.   1348.    963.   -162.    575.   -554.   1622.    579.    428.    240.    -1051.     3606.
          *2007    173.   -148.   -571.    912.    427.    248.     -1.   1277.   3475.   -259.     79.   -511.     5102.    -1805.
          *2008   1182.    944.   1292.   -285.   -296.   -630.   -436.   1076.   1248.   1064.    332.   -340.     5151.     -422.
          *2009    953.    599.    860.   -104.    -86.    -49.    564.  -1428.   1653.   1164.   1283.    -33.     5376.     3631.

           AVE.    316.   -246.   -490.    230.      6.   -191.    592.   -978.  -1169.   1255.   1320.    910.     1556.     5756.


          * DATA CORRELATED WITH STATION:     10234500 BEAVER RIVER NEAR BEAVER, UT                     Acre-Feet             

           NUMBER OF YEARS   95                       Linear Regression   
                                                                                                                        PAGE  6

          Correlation Coefficients           13:07:54.6          06/01/2011
                      Linear Regression   
          1 OCT  A=0.293446700E+04, B=-.181779126E+01, R=  0.362629, R*R=  0.131500
          2 NOV  A=0.385527913E+04, B=-.319256515E+01, R=  0.227783, R*R=  0.051885
          3 DEC  A=0.587663597E+04, B=-.533731983E+01, R=  0.381307, R*R=  0.145395
          4 JAN  A=-.221877160E+04, B=0.218040365E+01, R=  0.647309, R*R=  0.419009
          5 FEB  A=-.163873745E+04, B=0.155237267E+01, R=  0.334874, R*R=  0.112141
          6 MAR  A=-.221746472E+04, B=0.145548390E+01, R=  0.469202, R*R=  0.220150
          7 APR  A=-.192093134E+04, B=0.804179864E+00, R=  0.153251, R*R=  0.023486
          8 MAY  A=0.312670565E+04, B=-.404880383E+00, R=  0.718265, R*R=  0.515904
          9 JUN  A=0.480894138E+04, B=-.671416847E+00, R=  0.701492, R*R=  0.492091
         10 JUL  A=-.938649403E+03, B=0.565298584E+00, R=  0.472357, R*R=  0.223121
         11 AUG  A=-.110403147E+04, B=0.108023688E+01, R=  0.836677, R*R=  0.700029
         12 SEP  A=-.281504475E+04, B=0.244049436E+01, R=  0.413033, R*R=  0.170596
         13 ANN  A=-.111542197E+05, B=0.453253078E+00, R=  0.320162, R*R=  0.102503


         Base Station:       O:\STREAMFL\MONTH\10234500.mon
         Correlated Station: O:\DATABASE\WATBUDG\Data\OutPut\MinersvilleBalanceFlow.mon
         Print File Name:    O:\DATABASE\WATBUDG\Data\OutPut\MinersvilleBalanceFlow.prn
         Output/Save File:   O:\DATABASE\WATBUDG\Data\OutPut\MinersvilleBalanceFlowC.Mon
