                                    QX( 3)  Minersville Reservoir inlfow                                                 PAGE  1

           WATER
           YEAR    OCT     NOV     DEC     JAN     FEB     MAR     APR     MAY     JUN     JUL     AUG     SEP       ANN

           1972   3505.   2794.   1280.   2513.   1795.   1598.    329.   -266.   2026.    504.   1048.     34.    17159.
           1973   1224.   2025.   1862.   1955.   2230.   3177.   4063.  15051.  12192.   5697.   3847.    757.    54080.
           1974   1929.   -749.   4559.   4316.   2808.   3284.   1195.    759.   3334.   2162.   1658.   1124.    26380.
           1975   1490.   2024.   2135.   2282.   1195.   1702.   2013.   1021.    861.   2967.    517.   1269.    19477.
           1976   1100.   1855.   2478.   2697.   2082.   1768.    957.   1415.  -1174.   1202.    835.   -265.    14950.
           1977    561.    656.    927.   2890.    904.   1823.    682.   -152.    308.   -677.   1241.    530.     9691.
           1978    105.    244.   2749.   1872.   1444.   1594.   1759.   5018.  12291.   1705.   1070.    955.    30806.
           1979   1076.   2999.   2295.   1961.   2697.   2755.   2585.  10197.  13184.   1990.   1553.    670.    43962.
           1980   1701.   1694.   2521.   2849.   3928.   1939.    679.   9998.  19793.   5019.   5011.   2452.    57584.
           1981   3238.   3381.   2520.   2312.   2444.   2911.   1765.   2346.   2534.   1517.    635.   1558.    27160.
           1982   2227.   2744.   2496.   2043.   2792.   2170.   1529.   4215.   3803.   5087.   4621.   3690.    37416.
           1983   3686.   4084.   3177.   3069.   2830.   5474.   6209.  23491.  55488.   9150.   5945.   3499.   126102.
           1984   4975.   4470.   5265.   5551.   1796.   5859.   8836.  30509.  14253.   3995.   7330.   3063.    95902.
           1985   4866.   3512.   3341.   4140.   5231.   4682.   8822.   7749.   4230.   2663.   3518.   1898.    54651.
           1986   3752.   2552.   3396.   3085.   2534.   4361.   5402.   7161.   6988.   2144.   3351.   3050.    47775.
           1987   3766.   3462.   2720.   2459.   3141.   3379.   3002.    777.   1929.   1195.   2893.   1548.    30272.
           1988   2497.   3635.   2545.   2296.   3756.   2978.   2743.   4250.   2542.   1466.   1943.   1443.    32093.
           1989   2175.   3242.   2795.   2628.   2669.   3910.    999.    647.    222.     -4.    689.    267.    20238.
           1990    882.   1758.   2088.   1802.   1723.   2083.    174.    472.    446.    713.    630.    635.    13406.
           1991    844.   1366.   1301.   1802.   2053.   2218.    506.    677.   1292.    872.    897.    808.    14635.
           1992   1706.   1997.   2094.   1986.   2191.   2106.    253.   1160.    368.    318.   1011.    481.    15672.
           1993   1499.   1268.   1622.   2554.   2437.   2874.    853.   6635.   8684.   1677.   1492.    966.    32561.
           1994   1853.   2532.   2311.   2115.   1934.   1956.    545.   1111.    352.    878.    996.    382.    16965.
           1995   1153.   2104.   2498.   2161.   1704.   2285.    999.   5484.  23187.   8188.   1274.   1567.    52604.
           1996   1780.   2565.   3017.   2558.   2431.   1877.   1003.    628.    573.    695.    927.    384.    18438.
           1997    654.   2510.   2616.   2526.   1677.   2223.   1562.   8161.   5822.   2712.   3005.   1678.    35147.
           1998   2526.   2693.   2484.   3545.   2183.   2780.   2980.   7161.  16813.   5220.   4548.   3751.    56684.
           1999   2920.   3812.   2701.   3637.   2502.   2100.   1760.    -14.    -88.   7527.   5226.   7750.    39833.
           2000   1873.    784.   -675.   3369.   2712.   2155.    263.    198.    419.   1208.    211.   -404.    12112.
           2001   1611.   1736.   1921.   1976.   1895.   1913.    531.   1295.   2295.   1047.    949.     88.    17258.
           2002   -562.    212.   2139.   1868.   1826.   1382.    371.   1150.    -80.    308.     56.    382.     9054.
           2003    257.   1214.   1331.   1312.   1233.   1510.   -250.   1152.    341.    194.    177.    775.     9245.

           AVE.   1965.   2224.   2391.   2629.   2337.   2651.   2035.   4983.   6726.   2479.   2159.   1462.    34041.

           NUMBER OF YEARS   32
                        10234500 BEAVER RIVER NEAR BEAVER, UT                     Acre-Feet                              PAGE  2

           WATER
           YEAR    OCT     NOV     DEC     JAN     FEB     MAR     APR     MAY     JUN     JUL     AUG     SEP       ANN

           1915   2550.   1730.   1630.   1430.   1260.   1670.   4730.  10830.  11440.   4310.   2260.   1790.    45630.
           1916   1700.   1580.   1390.   1010.   1510.   2760.   6230.  13830.   9080.   4500.   3390.   2240.    49220.
           1917   2480.   1940.   1190.   1180.   1460.   1610.   3140.   6790.  11760.   3960.   1830.   1560.    38900.
           1918   1517.   1242.   1265.   1260.   1083.   1440.   3181.   8424.   5881.   3235.   1916.   1468.    31912.
           1919   1730.   1500.   1400.   1190.    970.   1380.   5540.  12430.   3810.   2150.   1530.   1450.    35080.
           1920   1410.   1410.   1190.    980.    920.   1030.   1690.  20020.  12730.   4390.   2560.   1710.    50040.
           1921   1780.   1510.   1090.   1250.   1240.   2150.   2940.  12840.  18540.   4890.   2880.   2180.    53290.
           1922   1790.   1560.   1470.   1280.   1150.   1440.   2180.  20750.  17240.   4630.   2880.   1940.    58310.
           1923   1630.   1520.   1520.   1470.   1270.   1510.   3190.  19240.  10520.   5200.   2650.   1820.    51540.
           1924   1734.   1509.   1390.   1363.   1377.   1454.   4461.   8279.   3457.   1686.   1218.   1079.    29007.
           1925   1070.   1050.   1110.    960.    970.   1440.   3810.  12690.   5840.   3890.   2300.   1740.    36870.
           1926   1940.   1690.   1530.   1290.   1210.   1730.   5270.  17200.   6430.   2670.   1910.   1490.    44360.
           1927   1450.   1280.   1320.   1320.   1340.   1500.   3370.  10940.   5950.   3310.   2380.   1910.    36070.
           1928   1880.   2000.   1610.   1650.   1540.   2180.   3540.  12860.   6440.   3270.   2200.   1670.    40840.
           1929   1730.   1550.   1230.   1230.   1290.   1750.   2960.  17780.   8180.   3800.   2340.   2130.    45970.
           1930   1620.   1490.   1420.   1230.   1090.   1420.   5870.  10010.   6290.   2560.   2030.   1660.    36690.
           1931   1599.   1208.   1168.   1107.   1154.   1315.   2315.   3820.   2079.   1260.    950.    732.    18707.
           1932   1020.    810.    800.    740.    920.   1150.   3240.  12920.   8710.   4450.   1750.   1240.    37750.
           1933   1360.   1110.   1230.   1540.   1000.    940.   1300.   5510.  12990.   3370.   1900.   1380.    33630.
           1934   1382.   1252.    980.    861.    980.   1406.   2515.   3005.   1432.   1140.    867.    662.    16482.
           1935    830.    860.    920.    980.   1000.   1190.   2760.   7260.  13410.   3660.   1870.   1370.    36110.
           1936   1230.   1180.   1100.   1210.   1100.   1300.   5000.  12230.  12360.   5660.   3810.   2170.    48350.
           1937   1790.   1460.   1350.   1230.   1110.   1460.   4920.  23640.  10340.   4780.   2360.   1680.    56120.
           1938   1450.   1380.   1450.   1120.   1010.   1420.   4590.  13010.  10740.   4200.   1990.   1460.    43820.
           1939   1646.   1315.   1361.   1317.   1144.   1726.   3715.   5679.   2789.   1732.   1333.   1343.    25100.
           1940   1430.   1100.   1010.    960.   1060.   1480.   5050.  14780.   5360.   2020.   1550.   1550.    37350.
           1941   1470.   1200.   1170.   1200.   1120.   1290.   1560.  20740.  21180.   6040.   3090.   2010.    62070.
           1942   2110.   1920.   1710.   1660.   1380.   1580.   4800.  15030.   9820.   3570.   2190.   1520.    47290.
           1943   1496.   1347.   1258.   1206.   1297.   1684.   6966.   8894.   4818.   2283.   2198.   1430.    34877.
           1944   1550.   1310.   1220.   1170.   1110.   1320.   2310.  14600.  17010.   5640.   2380.   1790.    51410.
           1945   1580.   1480.   1380.   1310.   1200.   1440.   2470.  12930.   9610.   5050.   2610.   1780.    42840.
           1946   1692.   1466.   1448.   1382.   1238.   1478.   5222.   7420.   5012.   1968.   1710.   1273.    31309.
           1947   1550.   1390.   1320.   1110.   1110.   1810.   4290.  18820.   9210.   4590.   3240.   1980.    50420.
           1948   1830.   1380.   1400.   1180.   1090.   1250.   3030.  12230.   6540.   2770.   1760.   1300.    35760.
           1949   1250.   1190.   1200.   1110.   1030.   1340.   4480.  12390.  13450.   4990.   2250.   1520.    46200.
           1950   1619.   1386.   1269.   1200.   1212.   1406.   3031.   5449.   3652.   1906.   1166.    954.    24250.
           1951    978.   1041.   1012.    891.    825.   1129.   2079.   5744.   5278.   2071.   1646.   1196.    23890.
           1952   1160.   1070.   1030.    920.    950.   1220.   4970.  22410.  17970.   6680.   3220.   2040.    63640.
           1953   1613.   1349.   1333.   1428.   1206.   1496.   2011.   3344.   4943.   1918.   1557.    988.    23186.
           1954   1105.   1043.    956.    950.    940.   1111.   3400.   6303.   3765.   1567.   1269.   1069.    23478.
           1955   1016.    948.    922.    889.    807.   1039.   1847.   5496.   4572.   1997.   1486.   1025.    22044.
           1956    944.    902.    956.    996.    944.   1315.   2301.   7002.   5552.   3015.   1511.   1002.    26440.
           1957   1010.    950.    940.    930.    890.   1080.   2200.   7080.  22900.   7380.   3340.   1650.    50350.
           1958   1710.   1410.   1450.   1240.   1170.   1310.   3440.  17150.  12130.   6450.   2200.   1860.    51520.
           1959   1521.   1379.   1186.   1164.   1043.   1273.   2027.   2594.   1783.   1039.    990.    801.    16800.
           1960    895.    799.    821.    893.    789.   1101.   2428.   5816.   2999.   1210.    847.    900.    19498.
           1961    962.    932.    873.    740.    716.   1023.   2204.   4869.   2809.   1079.   1162.   1240.    18609.
           1962   1061.    924.    940.    853.    833.    966.   5066.   7882.   7029.   4479.   1968.   1258.    33259.
           1963   1246.   1045.    960.    807.    978.   1025.   1398.   5710.   3449.   1355.   1390.   1069.    20432.
           1964    948.    954.    867.    803.    713.    835.   1696.   7331.   5407.   3445.   1559.   1053.    25611.
           1965    952.    944.    940.    906.    799.    916.   1855.   5478.   9187.   6004.   3900.   1930.    33811.
           1966   1517.   1230.   1137.    982.    891.   1224.   2809.   6528.   2642.   1260.    944.    895.    22059.
           1967    940.    860.   1300.    830.    800.   1090.   1380.   6200.  10920.   6640.   3160.   2080.    36200.
           1968   1550.   1210.   1160.   1010.    980.   1250.   2250.  10410.  12430.   5240.   3260.   1590.    42340.
           1969   1480.   1190.   1130.   1140.    950.   1170.   4120.  16440.  10020.   5730.   3030.   1820.    48220.
           1970   1666.   1339.   1232.   1188.   1033.   1204.   1563.   7751.   8803.   5032.   2319.   1666.    34796.
           1971   1398.   1279.   1230.   1071.   1123.   1267.   2717.   6218.   6363.   3439.   1870.   1325.    29300.
           1972   1273.   1144.   1111.    958.    895.   1470.   1492.   2402.   1831.    972.    773.    847.    15168.
           1973   1190.   1040.    950.    900.    790.    950.   2070.  15480.  14460.   7680.   2890.   1360.    49760.
           1974   1267.   1097.   1140.   1144.   1061.   1597.   2473.   8598.   5954.   1767.   1077.    940.    28115.
           1975    934.   1000.    924.    845.    827.    954.   1109.   5209.   9427.   4360.   1759.   1228.    28576.
           1976   1140.    962.    990.    918.    873.    958.   1486.   5316.   2489.   1214.    908.    764.    18018.
           1977    823.    738.    612.    612.    635.    791.   1960.   1583.   1662.    916.    723.    635.    11690.
           1978    820.    690.    620.    710.    740.   1190.   2990.   9670.  15800.   4360.   3760.   1620.    42970.
           1979   1340.   1120.   1120.   1080.    910.   1080.   2990.  17130.  19580.   4060.   2150.   1350.    53910.
           1980   1210.   1160.   1070.   1020.   1040.   1250.   4530.  13300.  26400.   9680.   4720.   2490.    67870.
           1981   2069.   1797.   1537.   1472.   1027.   1234.   4324.   7622.   5833.   2225.   1654.   1313.    32107.
           1982   1460.   1410.   1230.   1010.   1000.   1210.   2880.  12920.  10230.   5420.   3260.   2070.    44100.
           1983   2160.   1840.   1330.   1360.   1220.   1640.   2300.  14700.  37980.  12190.   6030.   3760.    86510.
           1984   2060.   2790.   2320.   1560.   1600.   1750.   4270.  25130.  15750.   7110.   4840.   2590.    71770.
           1985   2320.   1580.   1710.   1630.   1220.   1640.   4940.  14640.   9200.   4540.   2930.   1760.    48110.
           1986   1530.   1270.   1180.   1390.   1310.   2760.   5540.  15050.   8770.   5460.   4480.   2600.    51340.
           1987   2220.   1777.   1440.   1394.   1218.   1517.   4050.   7014.   6290.   4489.   2723.   1682.    35814.
           1988   1510.   1490.   1340.   1410.   1110.   1760.   3250.  10450.   7830.   4040.   3690.   1750.    39630.
           1989   1343.   1317.   1240.   1085.    988.   1835.   4056.   3931.   2287.   1327.   1103.    879.    21391.
           1990    904.    968.    980.    853.    833.   1170.   1924.   3957.   3275.   1432.   1067.    974.    18337.
                        10234500 BEAVER RIVER NEAR BEAVER, UT                     Acre-Feet                              PAGE  3

           WATER
           YEAR    OCT     NOV     DEC     JAN     FEB     MAR     APR     MAY     JUN     JUL     AUG     SEP       ANN

           1991   1021.    928.    889.    839.    766.    960.   1801.   5181.   6688.   4013.   2225.   1315.    26626.
           1992   1176.   1186.    952.    893.    893.   1228.   3275.   6301.   4657.   1843.   1714.   1236.    25354.
           1993   1160.   1110.    980.   1020.    950.   1680.   3470.  14430.  11690.   5290.   3050.   1630.    46460.
           1994   1339.   1139.   1192.   1107.   1004.   1424.   2396.   5540.   4784.   1954.   1454.   1111.    24444.
           1995   1450.   1280.   1010.   1040.   1250.   2000.   2740.   7950.  21880.  11790.   4390.   2710.    59490.
           1996   1728.   1515.   1377.   1260.   1242.   1367.   2481.   6206.   4465.   2053.   1379.   1137.    26210.
           1997   1090.   1100.   1070.   1110.   1000.   1730.   2780.  14730.  11760.   5300.   3140.   2530.    47340.
           1998   2090.   1690.   1330.   1170.   1140.   1660.   2770.  12070.  18100.   9270.   4810.   3280.    59380.
           1999   1989.   1775.   1500.   1335.   1172.   1559.   1888.   7416.   8465.   4828.   3275.   1660.    36862.
           2000   1515.   1365.   1204.   1184.   1103.   1359.   2997.   5869.   3870.   1795.   1379.   1075.    24715.
           2001   1208.   1188.   1109.   1021.    942.   1410.   2471.   8257.   4986.   3358.   1817.   1305.    29072.
           2002   1218.   1176.   1164.   1150.    877.   1067.   1894.   2418.   1456.   1206.    829.    863.    15318.
           2003   1077.   1095.    920.    922.    807.   1045.   1831.   6224.   5623.   2987.   1684.   1216.    25431.
           2004    966.    936.    992.    974.    956.   1640.   2898.   6123.   3933.   1515.   1139.    998.    23070.
           2005   1140.   1230.   1160.   1080.   1030.   1210.   2720.  17210.  26630.  10520.   4410.   2550.    70890.
           2006   1956.   1851.   1741.   1636.   1676.   1412.   3104.   9090.   4746.   2684.   1418.   1252.    32566.
           2007   1519.   1254.   1208.   1436.   1331.   1694.   2388.   4568.   1987.   1202.   1095.    944.    20626.
           2008    964.    912.    859.    887.    865.   1091.   1847.   5064.   5304.   3542.   1329.   1014.    23678.
           2009   1090.   1020.    940.    970.   1000.   1490.   3090.  11250.   4700.   3720.   2210.   1140.    32620.

          +AVE.   1426.   1304.   1173.   1106.   1014.   1414.   2857.   9272.   9796.   4342.   2553.   1615.    37872.


          +   AVE. GIVEN FOR YEARS OF CONCURRENT DATA WITH CORRELATED STATION
                                    QX( 3)  Minersville Reservoir inlfow                                                 PAGE  4

           R      0.901   0.852   0.761   0.759   0.660   0.748   0.712   0.926   0.969   0.934   0.886   0.783               0.964
           A   -.24E+04-.17E+04-.14E+04-.13E+04-.20E+04-.14E+04-.41E+04-.72E+04-.65E+04-.11E+04-.12E+04-.19E+04          -0.193E+05
           B   0.31E+010.30E+010.32E+010.36E+010.43E+010.29E+010.21E+010.13E+010.14E+010.81E+000.13E+010.21E+01           0.141E+01

           WATER
           YEAR    OCT     NOV     DEC     JAN     FEB     MAR     APR     MAY     JUN     JUL     AUG     SEP       SUM       ANN

          *1915   5427.   3501.   3874.   3792.   3383.   3388.   6046.   7036.   8951.   2454.   1773.   1830.    51455.    44972.
          *1916   2808.   3051.   3095.   2283.   4446.   6526.   9259.  10987.   5757.   2608.   3265.   2777.    56863.    50030.
          *1917   5211.   4130.   2446.   2894.   4234.   3215.   2641.   1714.   9384.   2169.   1206.   1346.    40590.    35490.
          *1918   2245.   2038.   2689.   3181.   2631.   2726.   2729.   3866.   1427.   1579.   1319.   1153.    27582.    25645.
          *1919   2901.   2811.   3127.   2930.   2150.   2553.   7781.   9143.      0.    696.    810.   1115.    36017.    30108.
          *1920   1915.   2541.   2446.   2175.   1938.   1546.      0.  19140.  10697.   2519.   2169.   1662.    48748.    51185.
          *1921   3055.   2841.   2121.   3145.   3298.   4770.   2212.   9683.  18561.   2926.   2592.   2651.    57855.    55764.
          *1922   3086.   2991.   3354.   3253.   2916.   2726.    585.  20102.  16802.   2714.   2592.   2146.    63265.    62837.
          *1923   2593.   2871.   3517.   3936.   3426.   2927.   2748.  18113.   7706.   3178.   2288.   1893.    55196.    53299.
          *1924   2913.   2838.   3095.   3551.   3881.   2766.   5470.   3675.      0.    318.    398.    334.    29240.    21552.
          *1925    868.   1462.   2186.   2103.   2150.   2726.   4076.   9485.   1371.   2112.   1826.   1725.    32091.    32630.
          *1926   3548.   3381.   3549.   3289.   3171.   3561.   7203.  15426.   2170.   1119.   1311.   1199.    48926.    43183.
          *1927   2038.   2151.   2867.   3397.   3724.   2899.   3133.   7180.   1520.   1640.   1932.   2083.    34564.    31503.
          *1928   3363.   4310.   3809.   4582.   4574.   4856.   3498.   9709.   2183.   1607.   1694.   1578.    45764.    38223.
          *1929   2901.   2961.   2575.   3073.   3511.   3618.   2255.  16190.   4539.   2039.   1879.   2546.    48087.    45451.
          *1930   2562.   2781.   3192.   3073.   2661.   2668.   8488.   5955.   1980.   1029.   1470.   1557.    37417.    32376.
          *1931   2497.   1936.   2374.   2632.   2933.   2366.    874.      0.      0.      0.     44.      0.    15655.     7040.
          *1932    714.    742.   1180.   1313.   1938.   1891.   2855.   9788.   5256.   2568.   1100.    673.    30018.    33870.
          *1933   1761.   1642.   2575.   4187.   2278.   1287.      0.     28.  11049.   1689.   1298.    968.    28761.    28065.
          *1934   1829.   2068.   1764.   1748.   2193.   2628.   1302.      0.      0.      0.      0.      0.    13531.     3905.
          *1935    128.    892.   1569.   2175.   2278.   2006.   1827.   2333.  11618.   1925.   1259.    947.    28957.    31559.
          *1936   1361.   1852.   2153.   3002.   2703.   2323.   6625.   8880.  10196.   3553.   3819.   2630.    49095.    48804.
          *1937   3086.   2691.   2965.   3073.   2746.   2783.   6453.  23909.   7462.   2836.   1905.   1599.    61509.    59751.
          *1938   2038.   2451.   3289.   2678.   2320.   2668.   5747.   9907.   8004.   2364.   1417.   1136.    44020.    42422.
          *1939   2642.   2256.   3001.   3386.   2890.   3549.   3872.    251.      0.    355.    550.    890.    23643.    16047.
          *1940   1977.   1612.   1861.   2103.   2533.   2841.   6732.  12238.    722.    590.    836.   1325.    35370.    33306.
          *1941   2100.   1912.   2381.   2966.   2788.   2294.      0.  20089.  22135.   3862.   2869.   2293.    65687.    68134.
          *1942   4072.   4070.   4133.   4618.   3894.   3129.   6196.  12568.   6758.   1851.   1681.   1262.    54233.    47311.
          *1943   2180.   2352.   2666.   2987.   3541.   3428.  10836.   4485.      0.    804.   1691.   1073.    36044.    29822.
          *1944   2346.   2241.   2543.   2858.   2746.   2380.    863.  12001.  16490.   3536.   1932.   1830.    51768.    53115.
          *1945   2439.   2751.   3062.   3361.   3128.   2726.   1206.   9802.   6474.   3056.   2235.   1809.    42049.    41041.
          *1946   2784.   2709.   3283.   3619.   3290.   2835.   7100.   2544.    251.    547.   1047.    743.    30753.    24795.
          *1947   2346.   2481.   2867.   2642.   2746.   3791.   5104.  17560.   5933.   2682.   3067.   2230.    53449.    51721.
          *1948   3209.   2451.   3127.   2894.   2661.   2179.   2405.   8880.   2319.   1200.   1113.    799.    33237.    31066.
          *1949   1422.   1882.   2478.   2642.   2405.   2438.   5511.   9090.  11672.   3007.   1760.   1262.    45570.    45775.
          *1950   2559.   2469.   2702.   2966.   3179.   2628.   2407.      0.      0.    497.    329.     71.    19808.    14850.
          *1951    584.   1435.   1868.   1856.   1534.   1831.    368.    336.    611.    631.    963.    581.    12597.    14342.
          *1952   1145.   1522.   1926.   1960.   2065.   2093.   6560.  22288.  17790.   4383.   3040.   2356.    67129.    70346.
          *1953   2540.   2358.   2910.   3785.   3154.   2887.    223.      0.    157.    507.    846.    143.    19509.    13351.
          *1954    976.   1441.   1686.   2067.   2023.   1779.   3198.   1073.      0.    221.    465.    313.    15242.    13762.
          *1955    701.   1156.   1576.   1848.   1457.   1572.      0.     10.      0.    571.    752.    221.     9863.    11742.
          *1956    480.   1018.   1686.   2233.   2040.   2366.    844.   1993.    981.   1400.    785.    172.    15998.    17935.
          *1957    683.   1162.   1634.   1996.   1810.   1690.    627.   2096.  24463.   4952.   3199.   1536.    45848.    51622.
          *1958   2839.   2541.   3289.   3109.   3001.   2352.   3283.  15360.   9885.   4196.   1694.   1978.    53527.    53270.
          *1959   2257.   2448.   2433.   2836.   2461.   2245.    257.      0.      0.      0.     97.      0.    15034.     4353.
          *1960    329.    709.   1248.   1863.   1381.   1750.   1116.    431.      0.      0.      0.      0.     8826.     8155.
          *1961    535.   1108.   1417.   1313.   1070.   1525.    636.      0.      0.      0.    324.    673.     8602.     6902.
          *1962    840.   1084.   1634.   1719.   1568.   1361.   6766.   3153.   2981.   2591.   1388.    711.    25796.    27542.
          *1963   1410.   1447.   1699.   1554.   2184.   1531.      0.    292.      0.     48.    625.    313.    11104.     9471.
          *1964    492.   1174.   1397.   1539.   1057.    984.      0.   2427.    785.   1750.    848.    280.    12734.    16767.
          *1965    504.   1144.   1634.   1909.   1423.   1217.      0.      0.   5902.   3832.   3938.   2125.    23629.    28320.
          *1966   2245.   2002.   2274.   2182.   1814.   2104.   1932.   1369.      0.      0.     36.      0.    15958.    11763.
          *1967    467.    892.   2803.   1636.   1427.   1718.      0.    937.   8247.   4350.   2961.   2440.    27880.    31686.
          *1968   2346.   1942.   2348.   2283.   2193.   2179.    735.   6482.  10291.   3211.   3093.   1409.    38512.    40337.
          *1969   2131.   1882.   2251.   2750.   2065.   1949.   4740.  14425.   7029.   3609.   2790.   1893.    47513.    48621.
          *1970   2704.   2328.   2582.   2922.   2418.   2047.      0.   2980.   5382.   3041.   1851.   1569.    29825.    29708.
          *1971   1878.   2148.   2575.   2502.   2801.   2228.   1735.    961.   2079.   1745.   1259.    852.    22763.    21965.
           1972   3505.   2794.   1280.   2513.   1795.   1598.    329.   -266.   2026.    504.   1048.     34.    17159.    17159.
           1973   1224.   2025.   1862.   1955.   2230.   3177.   4063.  15051.  12192.   5697.   3847.    757.    54080.    54080.
           1974   1929.   -749.   4559.   4316.   2808.   3284.   1195.    759.   3334.   2162.   1658.   1124.    26380.    26380.
           1975   1490.   2024.   2135.   2282.   1195.   1702.   2013.   1021.    861.   2967.    517.   1269.    19477.    19477.
           1976   1100.   1855.   2478.   2697.   2082.   1768.    957.   1415.  -1174.   1202.    835.   -265.    14950.    14950.
           1977    561.    656.    927.   2890.    904.   1823.    682.   -152.    308.   -677.   1241.    530.     9691.     9691.
           1978    105.    244.   2749.   1872.   1444.   1594.   1759.   5018.  12291.   1705.   1070.    955.    30806.    30806.
           1979   1076.   2999.   2295.   1961.   2697.   2755.   2585.  10197.  13184.   1990.   1553.    670.    43962.    43962.
           1980   1701.   1694.   2521.   2849.   3928.   1939.    679.   9998.  19793.   5019.   5011.   2452.    57584.    57584.
           1981   3238.   3381.   2520.   2312.   2444.   2911.   1765.   2346.   2534.   1517.    635.   1558.    27160.    27160.
           1982   2227.   2744.   2496.   2043.   2792.   2170.   1529.   4215.   3803.   5087.   4621.   3690.    37416.    37416.
           1983   3686.   4084.   3177.   3069.   2830.   5474.   6209.  23491.  55488.   9150.   5945.   3499.   126102.   126102.
           1984   4975.   4470.   5265.   5551.   1796.   5859.   8836.  30509.  14253.   3995.   7330.   3063.    95902.    95902.
           1985   4866.   3512.   3341.   4140.   5231.   4682.   8822.   7749.   4230.   2663.   3518.   1898.    54651.    54651.
                                    QX( 3)  Minersville Reservoir inlfow                                                 PAGE  5

           R      0.901   0.852   0.761   0.759   0.660   0.748   0.712   0.926   0.969   0.934   0.886   0.783               0.964
           A   -.24E+04-.17E+04-.14E+04-.13E+04-.20E+04-.14E+04-.41E+04-.72E+04-.65E+04-.11E+04-.12E+04-.19E+04          -0.193E+05
           B   0.31E+010.30E+010.32E+010.36E+010.43E+010.29E+010.21E+010.13E+010.14E+010.81E+000.13E+010.21E+01           0.141E+01

           WATER
           YEAR    OCT     NOV     DEC     JAN     FEB     MAR     APR     MAY     JUN     JUL     AUG     SEP       SUM       ANN

           1986   3752.   2552.   3396.   3085.   2534.   4361.   5402.   7161.   6988.   2144.   3351.   3050.    47775.    47775.
           1987   3766.   3462.   2720.   2459.   3141.   3379.   3002.    777.   1929.   1195.   2893.   1548.    30272.    30272.
           1988   2497.   3635.   2545.   2296.   3756.   2978.   2743.   4250.   2542.   1466.   1943.   1443.    32093.    32093.
           1989   2175.   3242.   2795.   2628.   2669.   3910.    999.    647.    222.     -4.    689.    267.    20238.    20238.
           1990    882.   1758.   2088.   1802.   1723.   2083.    174.    472.    446.    713.    630.    635.    13406.    13406.
           1991    844.   1366.   1301.   1802.   2053.   2218.    506.    677.   1292.    872.    897.    808.    14635.    14635.
           1992   1706.   1997.   2094.   1986.   2191.   2106.    253.   1160.    368.    318.   1011.    481.    15672.    15672.
           1993   1499.   1268.   1622.   2554.   2437.   2874.    853.   6635.   8684.   1677.   1492.    966.    32561.    32561.
           1994   1853.   2532.   2311.   2115.   1934.   1956.    545.   1111.    352.    878.    996.    382.    16965.    16965.
           1995   1153.   2104.   2498.   2161.   1704.   2285.    999.   5484.  23187.   8188.   1274.   1567.    52604.    52604.
           1996   1780.   2565.   3017.   2558.   2431.   1877.   1003.    628.    573.    695.    927.    384.    18438.    18438.
           1997    654.   2510.   2616.   2526.   1677.   2223.   1562.   8161.   5822.   2712.   3005.   1678.    35147.    35147.
           1998   2526.   2693.   2484.   3545.   2183.   2780.   2980.   7161.  16813.   5220.   4548.   3751.    56684.    56684.
           1999   2920.   3812.   2701.   3637.   2502.   2100.   1760.    -14.    -88.   7527.   5226.   7750.    39833.    39833.
           2000   1873.    784.   -675.   3369.   2712.   2155.    263.    198.    419.   1208.    211.   -404.    12112.    12112.
           2001   1611.   1736.   1921.   1976.   1895.   1913.    531.   1295.   2295.   1047.    949.     88.    17258.    17258.
           2002   -562.    212.   2139.   1868.   1826.   1382.    371.   1150.    -80.    308.     56.    382.     9054.     9054.
           2003    257.   1214.   1331.   1312.   1233.   1510.   -250.   1152.    341.    194.    177.    775.     9245.     9245.
          *2004    547.   1120.   1803.   2154.   2091.   3302.   2122.    836.      0.    179.    294.    164.    14611.    13187.
          *2005   1083.   2002.   2348.   2535.   2405.   2064.   1741.  15439.  29512.   7508.   4611.   3429.    74677.    80561.
          *2006   3597.   3864.   4234.   4532.   5152.   2645.   2564.   4744.      0.   1130.    662.    698.    33822.    26566.
          *2007   2251.   2074.   2504.   3813.   3685.   3457.   1030.      0.      0.      0.    236.     50.    19100.     9744.
          *2008    541.   1048.   1371.   1841.   1704.   1721.      0.      0.    646.   1829.    545.    198.    11443.    14044.
          *2009    929.   1372.   1634.   2139.   2278.   2870.   2534.   7589.      0.   1973.   1707.    463.    25488.    26642.

           AVE.   2009.   2165.   2455.   2690.   2530.   2589.   2675.   6278.   5909.   2112.   1754.   1289.    34454.    33249.


          * DATA CORRELATED WITH STATION:     10234500 BEAVER RIVER NEAR BEAVER, UT                     Acre-Feet             

           NUMBER OF YEARS   95                       Linear Regression   
                                                                                                                        PAGE  6

          Correlation Coefficients           09:16:44.1          05/15/2011
                      Linear Regression   
          1 OCT  A=-.242837349E+04, B=0.308051128E+01, R=  0.900702, R*R=  0.811264
          2 NOV  A=-.168651460E+04, B=0.299842267E+01, R=  0.851701, R*R=  0.725394
          3 DEC  A=-.141677348E+04, B=0.324562615E+01, R=  0.761203, R*R=  0.579431
          4 JAN  A=-.134540987E+04, B=0.359251217E+01, R=  0.759292, R*R=  0.576524
          5 FEB  A=-.197427774E+04, B=0.425213413E+01, R=  0.659944, R*R=  0.435526
          6 MAR  A=-.141951853E+04, B=0.287877319E+01, R=  0.747903, R*R=  0.559359
          7 APR  A=-.408467449E+04, B=0.214187540E+01, R=  0.712371, R*R=  0.507472
          8 MAY  A=-.722945774E+04, B=0.131717442E+01, R=  0.926191, R*R=  0.857830
          9 JUN  A=-.653342369E+04, B=0.135354691E+01, R=  0.968809, R*R=  0.938591
         10 JUL  A=-.105441696E+04, B=0.813943401E+00, R=  0.933997, R*R=  0.872350
         11 AUG  A=-.120937854E+04, B=0.131978029E+01, R=  0.885812, R*R=  0.784663
         12 SEP  A=-.193583848E+04, B=0.210396733E+01, R=  0.783244, R*R=  0.613471
         13 ANN  A=-.193161344E+05, B=0.140890008E+01, R=  0.964028, R*R=  0.929350


         Base Station:       O:\STREAMFL\MONTH\10234500.mon
         Correlated Station: O:\DATABASE\WATBUDG\Data\OutPut\MinersvilleInflow.mon
         Print File Name:    O:\DATABASE\WATBUDG\Data\OutPut\MinersvilleInflow.prn
         Output/Save File:   O:\DATABASE\WATBUDG\Data\OutPut\MinersvilleInflow.corr
