                                                                                                                         PAGE  1

           WATER
           YEAR    OCT     NOV     DEC     JAN     FEB     MAR     APR     MAY     JUN     JUL     AUG     SEP       ANN

           1984  430.00  274.00  267.00  143.00  253.00  439.00  460.00  351.00  347.00  486.00  714.00  397.00     4561.
           1985  505.00  576.00  380.00  288.00  214.00  527.00  516.00  475.00  327.00   81.00   79.00  193.00     4161.
           1986  425.00  275.00  225.00  233.00  290.00  442.00  550.00  558.00  327.00  393.00  559.00  392.00     4669.

           AVE.    453.    375.    291.    221.    252.    469.    509.    461.    334.    320.    451.    327.     4464.

          Count      3       3       3       3       3       3       3       3       3       3       3       3         3
                        09163500 COLORADO RIVER NEAR COLORADO-UTAH STATE LINE                                            PAGE  2

           WATER
           YEAR    OCT     NOV     DEC     JAN     FEB     MAR     APR     MAY     JUN     JUL     AUG     SEP       ANN

           1951                                                         758900.1187500. 532500. 222400. 135600.          
           1952 167600. 176500. 174100. 174000. 139900. 172800. 671800.1875600.2147100. 608000. 335200. 203900.  6846500.
           1953 165000. 178500. 178900. 172100. 139600. 172300. 211700. 547600.1312100. 328400. 239000. 127500.  3772700.
           1954 156700. 189200. 150800. 152300. 128900. 151500. 179300. 384700. 207100. 144000.  93100. 148500.  2086100.
           1955 197600. 159800. 136100. 126500. 114400. 178800. 253800. 622600. 640100. 198800. 166200. 107900.  2902600.
           1956 118800. 162200. 162900. 144700. 131900. 171700. 300900. 961600. 849200. 157000. 102800.  81000.  3344700.
           1957 117800. 151700. 127300. 138200. 143700. 153300. 290200.1150400.2607900.1819600. 564600. 260600.  7525300.
           1958 258600. 262500. 217900. 177200. 193600. 222900. 439100.1772000.1425500. 205900. 104000. 145000.  5424200.
           1959 147800. 182900. 166900. 156400. 145300. 142200. 144300. 512600. 910200. 197900. 145300. 123600.  2975400.
           1960 243000. 186200. 149400. 153100. 135600. 239700. 513400. 687000. 999000. 230300. 100500. 111700.  3748900.
           1961 152500. 170500. 157300. 143100. 132400. 154100. 152300. 571800. 604800. 120700. 121000. 279300.  2759800.
           1962 314600. 236700. 191200. 173700. 229900. 224400. 893000.1454500.1367800. 737900. 201500. 170600.  6195800.
           1963 257300. 235200. 177400. 162200. 175000. 185200. 193900. 466000. 311000. 106400. 150800. 165000.  2585400.
           1964 134400. 174000. 126000. 115100. 104400. 122000. 177400. 769700. 749500. 267600. 219800. 152100.  3112000.
           1965 148700. 171900. 169100. 158700. 132000. 147900. 397300.1038300.1555400.1050800. 407500. 336300.  5713900.
           1966 308300. 225300. 219300. 170300. 153400. 222800. 296400. 553100. 369800. 173900. 118600. 147300.  2958500.
           1967 174900. 152800. 161700. 138600. 131500. 173100. 187200. 424200. 682100. 303800. 157400. 174000.  2861300.
           1968 174600. 217900. 256700. 203800. 198000. 174300. 193900. 546900. 995500. 281100. 322700. 157300.  3722700.
           1969 217200. 260200. 257500. 268600. 184700. 251300. 523400. 829200. 680600. 421800. 194700. 238400.  4327600.
           1970 335300. 287500. 257600. 234900. 218800. 274400. 285900.1212500.1275200. 516400. 239000. 350400.  5487900.
           1971 344500. 324100. 307600. 324100. 320600. 397500. 536300. 711400.1071500. 519900. 238500. 278600.  5374600.
           1972 267700. 274900. 267100. 238800. 224500. 258800. 197800. 454200. 732400. 192800. 131100. 215300.  3455400.
           1973 284300. 289900. 284600. 276400. 199500. 221500. 222000.1088700.1281900. 711400. 318700. 215100.  5394000.
           1974 245200. 243400. 294200. 311900. 296200. 364000. 324400. 936500. 720900. 294000. 156400. 159700.  4346800.
           1975 204100. 250500. 224800. 236700. 212300. 240400. 306700. 808500.1113300. 722500. 228300. 194500.  4742600.
           1976 242600. 286500. 284100. 245900. 216700. 224900. 211500. 543700. 528500. 220300. 153100. 176900.  3334700.
           1977 219010. 218840. 222530. 207550. 151640. 124380.  97030. 140350. 159970. 102190.  83010. 125790.  1852290.
           1978 135100. 140600. 133900. 139900. 132300. 174000. 313000. 709800.1171400. 484400. 151200. 179100.  3864700.
           1979 197300. 236500. 235700. 235400. 251500. 340000. 470900.1147000.1354300. 711800. 264900. 213900.  5659200.
           1980 222200. 221600. 250400. 245700. 238100. 256300. 389800.1248000.1326300. 439200. 188900. 210400.  5236900.
           1981 232100. 272100. 264200. 236400. 173400. 164900. 162300. 282900. 387700. 181600. 140100. 197700.  2695400.
           1982 247000. 209900. 192500. 183300. 212700. 261700. 287800. 758800. 974100. 539200. 315100. 341300.  4523400.
           1983 353500. 310900. 281500. 268300. 233800. 269600. 272200.1078700.2463300.1577500. 626800. 297000.  8033100.
           1984 317700. 311500. 323500. 306300. 316400. 385400. 536600.2333800.2565800.1384900. 594900. 402700.  9779500.
           1985 434400. 386200. 347700. 376900. 333000. 455100. 928300.1756600.1504100. 601900. 308200. 304600.  7737000.
           1986 443300. 378000. 368500. 335600. 330400. 460300. 777500.1375500.1432300. 872900. 345000. 392800.  7512100.
           1987 471700. 412000. 362400. 314600. 306400. 379600. 545200. 954300. 659100. 308900. 259800. 231600.  5205600.
           1988 262400. 276700. 231600. 189400. 225700. 285000. 344400. 525800. 542000. 226500. 177500. 223300.  3510300.
           1989 194100. 196100. 176700. 159500. 158900. 245800. 341000. 409000. 370900. 188400. 201700. 170300.  2812400.
           1990 201300. 169700. 137800. 133300. 117300. 137100. 149000. 250800. 424300. 198900. 143700. 178400.  2241600.
           1991 193700. 179300. 136900. 139700. 158300. 166800. 221900. 652600. 852000. 325200. 220900. 260500.  3507800.
           1992 239000. 259100. 225400. 188000. 172200. 192000. 296800. 625100. 441200. 260400. 219900. 208100.  3327200.
           1993 198200. 208900. 160500. 155900. 178600. 331000. 460400.1681400.1510800. 674300. 313400. 274000.  6147400.
           1994 280900. 283700. 265600. 233400. 179600. 223000. 263000. 609400. 467500. 177900. 169800. 198800.  3352600.
           1995 235000. 201300. 196400. 167600. 151300. 255100. 329600. 925000.1998900.1823200. 514000. 281500.  7078900.
           1996 349800. 353700. 322100. 276400. 264200. 323600. 546300.1134900.1048700. 480600. 198300. 260300.  5558900.
           1997 284200. 297000. 268000. 282000. 266300. 440100. 591000.1383500.1783900. 630600. 460500. 426900.  7114000.
           1998 452300. 358500. 329900. 310500. 260000. 340300. 462000.1135500. 741000. 438500. 266300. 252800.  5347600.
           1999 299900. 274200. 214400. 209300. 178500. 198000. 201500. 601000. 903900. 497200. 419600. 359500.  4357000.
           2000 345400. 243600. 213100. 188100. 166500. 199300. 312100. 672500. 514100. 220700. 207100. 216600.  3499100.
           2001 208700. 194400. 176300. 159700. 142600. 174300. 200600. 554500. 375500. 187300. 216500. 208500.  2798900.
           2002 201480. 182900. 154060. 147510. 123990. 144300. 162700. 162350. 144630. 102960.  98220. 124580.  1749680.
           2003 150900. 154900. 121700. 115400. 101200. 124800. 139300. 556000. 601100. 188500. 163600. 216400.  2633800.
           2004 198200. 167900. 147000. 132800. 121600. 172700. 232000. 406700. 315900. 180900. 152100. 203300.  2431100.
           2005 241800. 202000. 163200. 191700. 169400. 220400. 447000. 990800. 937400. 437800. 248100. 249600.  4499200.
           2006 288200. 233700. 203400. 194600. 167300. 212300. 474600. 808000. 552700. 297400. 257100. 273400.  3962700.
           2007 356700. 257400. 262500. 237600. 192200. 289500. 300400. 627000. 527900. 232800. 225200. 267100.  3776300.
           2008 283900. 232800. 229000. 223600. 252800. 231100. 504200.1353900.1545500. 667000. 299500. 293100.  6116400.
           2009 277600. 222200. 197200. 198600. 177200. 214800. 366200.1253800.1065700. 522800. 250000. 218600.  4964700.
           2010 243400. 193600. 164500. 153800. 140900. 158600. 318300. 581200.1010600. 260800. 259300. 205400.  3690400.
           2011 240000. 201200. 185800. 162100. 161400. 240800. 435800.1119500.2113800.1353000. 371400. 299900.  6884700.
           2012 299290. 234590. 239350. 190530. 153680. 205800. 211780. 235870. 168770. 162920. 158200. 156890.  2417670.
           2013 159300. 151400. 137100. 155800. 128600. 138600. 127100. 428700.                                          

          +AVE. 398467. 358567. 346567. 339600. 326600. 433600. 747467.1821967.1834067. 953233. 416033. 366700.  8342867.


          +   AVE. GIVEN FOR YEARS OF CONCURRENT DATA WITH CORRELATED STATION
                                                                                                                         PAGE  3

           R      0.627   0.766   0.469   0.986   0.401   0.687   0.845   1.000   0.999   0.942   0.877   0.999               0.478
           A   0.20E+03-.11E+040.15E+04-.48E+030.16E+04-.49E+020.34E+030.85E+030.30E+03-.19E+03-.43E+03-.46E+03           0.268E+04
           B   0.64E-030.42E-02-.36E-020.21E-02-.43E-020.12E-020.23E-03-.22E-030.18E-040.53E-030.21E-020.22E-02           0.214E-03

           WATER
           YEAR    OCT     NOV     DEC     JAN     FEB     MAR     APR     MAY     JUN     JUL     AUG     SEP       SUM       ANN

          *1951                                                            691.    322.     96.     40.   -171.                    
          *1952    306.   -399.    905.   -120.   1047.    158.    491.    450.    339.    136.    279.    -23.     3568.     4143.
          *1953    304.   -390.    887.   -124.   1048.    157.    385.    736.    324.    -13.     75.   -188.     3202.     3485.
          *1954    299.   -345.    987.   -165.   1094.    132.    378.    772.    304.   -112.   -235.   -143.     2967.     3123.
          *1955    325.   -470.   1040.   -218.   1156.    165.    395.    720.    312.    -82.    -80.   -230.     3032.     3298.
          *1956    275.   -459.    944.   -181.   1081.    156.    406.    647.    316.   -105.   -214.   -288.     2578.     3393.
          *1957    274.   -504.   1071.   -194.   1031.    134.    403.    606.    348.    782.    766.     99.     4817.     4289.
          *1958    364.    -33.    749.   -114.    818.    218.    438.    472.    326.    -79.   -212.   -150.     2797.     3838.
          *1959    293.   -371.    930.   -157.   1024.    121.    370.    744.    317.    -83.   -124.   -196.     2868.     3314.
          *1960    354.   -357.    992.   -164.   1065.    238.    455.    706.    318.    -66.   -219.   -222.     3101.     3480.
          *1961    296.   -424.    964.   -184.   1079.    135.    372.    731.    311.   -124.   -176.    139.     3120.     3268.
          *1962    400.   -143.    844.   -121.    664.    219.    542.    541.    325.    205.     -5.    -95.     3376.     4004.
          *1963    363.   -149.    893.   -145.    898.    173.    381.    754.    306.   -132.   -112.   -107.     3122.     3230.
          *1964    284.   -409.   1076.   -242.   1198.     97.    378.    689.    314.    -46.     34.   -135.     3238.     3343.
          *1965    294.   -418.    922.   -152.   1081.    128.    428.    631.    329.    372.    433.    262.     4308.     3900.
          *1966    396.   -191.    744.   -128.    990.    218.    405.    735.    307.    -96.   -181.   -145.     3053.     3310.
          *1967    310.   -499.    949.   -193.   1083.    158.    380.    763.    313.    -26.    -98.    -88.     3050.     3289.
          *1968    310.   -223.    611.    -59.    800.    160.    381.    737.    318.    -39.    253.   -124.     3125.     3474.
          *1969    337.    -43.    608.     75.    856.    252.    457.    676.    313.     36.    -19.     51.     3599.     3603.
          *1970    413.     73.    607.      5.    711.    279.    402.    593.    323.     87.     75.    292.     3862.     3852.
          *1971    419.    229.    429.    189.    278.    426.    460.    701.    320.     89.     74.    138.     3751.     3828.
          *1972    370.     19.    574.     13.    687.    261.    382.    757.    314.    -86.   -154.      1.     3137.     3417.
          *1973    380.     83.    511.     91.    793.    216.    388.    620.    324.    191.    244.      1.     3842.     3832.
          *1974    355.   -114.    477.    164.    382.    386.    411.    653.    313.    -32.   -100.   -119.     2777.     3608.
          *1975    329.    -84.    724.      9.    739.    239.    407.    680.    321.    197.     52.    -44.     3569.     3692.
          *1976    354.     69.    513.     28.    720.    220.    385.    737.    310.    -71.   -107.    -82.     3076.     3391.
          *1977    339.   -219.    732.    -51.    997.    100.    359.    824.    303.   -134.   -256.   -192.     2803.     3073.
          *1978    285.   -551.   1048.   -191.   1079.    159.    409.    701.    322.     70.   -111.    -77.     3143.     3504.
          *1979    325.   -144.    685.      6.    572.    358.    445.    607.    325.    191.    130.     -2.     3498.     3889.
          *1980    341.   -207.    633.     28.    629.    258.    426.    585.    324.     46.    -31.     -9.     3022.     3798.
          *1981    347.      8.    584.      8.    904.    148.    374.    794.    307.    -92.   -135.    -37.     3211.     3254.
          *1982    356.   -257.    839.   -101.    737.    264.    403.    691.    318.     99.    236.    273.     3859.     3645.
          *1983    425.    172.    522.     74.    647.    273.    399.    622.    345.    653.    898.    177.     5209.     4397.
           1984    430.    274.    267.    143.    253.    439.    460.    351.    347.    486.    714.    397.     4561.     4561.
           1985    505.    576.    380.    288.    214.    527.    516.    475.    327.     81.     79.    193.     4161.     4161.
           1986    425.    275.    225.    233.    290.    442.    550.    558.    327.    393.    559.    392.     4669.     4669.
          *1987    500.    602.    234.    170.    338.    405.    462.    649.    312.    -24.    119.     36.     3804.     3792.
          *1988    366.     27.    700.    -89.    682.    292.    416.    741.    310.    -68.    -56.     18.     3341.     3428.
          *1989    323.   -315.    895.   -150.    966.    245.    415.    766.    307.    -88.     -4.    -96.     3264.     3279.
          *1990    327.   -428.   1034.   -204.   1143.    115.    371.    801.    308.    -82.   -127.    -78.     3179.     3157.
          *1991    322.   -387.   1037.   -191.    969.    151.    388.    714.    316.    -15.     37.     99.     3438.     3428.
          *1992    351.    -48.    722.    -92.    910.    181.    405.    720.    308.    -50.     34.    -14.     3428.     3389.
          *1993    325.   -261.    953.   -158.    882.    347.    443.    492.    328.    171.    233.    128.     3882.     3993.
          *1994    378.     57.    579.      2.    878.    218.    397.    723.    309.    -94.    -72.    -34.     3341.     3395.
          *1995    349.   -293.    825.   -134.    998.    256.    413.    655.    337.    784.    659.    144.     4992.     4193.
          *1996    422.    354.    378.     91.    518.    338.    462.    610.    319.     68.    -11.     98.     3647.     3867.
          *1997    380.    113.    570.    102.    509.    477.    473.    556.    333.    148.    545.    457.     4664.     4200.
          *1998    488.    375.    350.    161.    536.    358.    443.    610.    314.     45.    133.     82.     3894.     3822.
          *1999    390.     17.    761.    -48.    883.    188.    383.    725.    317.     77.    458.    312.     4463.     3610.
          *2000    419.   -114.    766.    -91.    934.    189.    409.    710.    310.    -71.      7.      4.     3472.     3426.
          *2001    332.   -323.    897.   -150.   1036.    160.    383.    735.    307.    -89.     27.    -14.     3301.     3276.
          *2002    327.   -371.    976.   -175.   1115.    124.    374.    820.    303.   -134.   -224.   -194.     2940.     3051.
          *2003    295.   -490.   1091.   -241.   1212.    100.    369.    735.    311.    -88.    -85.      4.     3212.     3241.
          *2004    325.   -435.   1001.   -205.   1125.    158.    390.    767.    306.    -92.   -109.    -25.     3205.     3197.
          *2005    353.   -290.    943.    -84.    921.    215.    440.    641.    317.     45.     94.     75.     3670.     3640.
          *2006    383.   -156.    800.    -78.    930.    205.    446.    680.    310.    -30.    113.    126.     3731.     3525.
          *2007    427.    -55.    590.     11.    824.    297.    406.    719.    310.    -64.     46.    113.     3623.     3485.
          *2008    380.   -159.    709.    -18.    566.    227.    453.    562.    328.    167.    203.    169.     3589.     3987.
          *2009    376.   -204.    822.    -70.    888.    208.    421.    584.    320.     90.     98.      8.     3542.     3740.
          *2010    354.   -326.    939.   -162.   1043.    141.    410.    729.    319.    -49.    118.    -20.     3495.     3467.
          *2011    352.   -294.    863.   -145.    956.    239.    437.    613.    339.    533.    356.    183.     4432.     4151.
          *2012    390.   -152.    672.    -86.    988.    197.    385.    804.    303.   -102.    -97.   -125.     3179.     3194.
          *2013    300.   -505.   1036.   -158.   1095.    117.    366.    762.                                                    

           AVE.    357.   -156.    758.    -62.    847.    228.    416.    673.    318.     61.     78.     16.     3538.     3628.


          * DATA CORRELATED WITH STATION:     09163500 COLORADO RIVER NEAR COLORADO-UTAH STATE LINE                           
          Count      62      62      62      62      62      62      62      63      62      62      62      62                  61

           NUMBER OF YEARS   61                       Linear Regression   
                                                                                                                        PAGE  4

          Correlation Coefficients           11:55:20.2          02/28/2014
                      Linear Regression   
          1 OCT  A=0.198550620E+03, B=0.639407848E-03, R=  0.627159, R*R=  0.393329
          2 NOV  A=-.114859080E+04, B=0.424911444E-02, R=  0.765827, R*R=  0.586492
          3 DEC  A=0.152426304E+04, B=-.355947784E-02, R=  0.468673, R*R=  0.219654
          4 JAN  A=-.479519268E+03, B=0.206375913E-02, R=  0.986009, R*R=  0.972213
          5 FEB  A=0.164249802E+04, B=-.425647485E-02, R=  0.400765, R*R=  0.160612
          6 MAR  A=-.486574931E+02, B=0.119462829E-02, R=  0.686933, R*R=  0.471877
          7 APR  A=0.336730628E+03, B=0.230025025E-03, R=  0.845250, R*R=  0.714447
          8 MAY  A=0.854720747E+03, B=-.215913617E-03, R=  0.999997, R*R=  0.999993
          9 JUN  A=0.300300584E+03, B=0.181924045E-04, R=  0.999199, R*R=  0.998399
         10 JUL  A=-.188554006E+03, B=0.533504220E-03, R=  0.942177, R*R=  0.887698
         11 AUG  A=-.432306320E+03, B=0.212236116E-02, R=  0.877230, R*R=  0.769533
         12 SEP  A=-.462747484E+03, B=0.215457000E-02, R=  0.998764, R*R=  0.997530
         13 ANN  A=0.267638387E+04, B=0.214228858E-03, R=  0.477765, R*R=  0.228259


         Base Station:       O:\STREAMFL\MONTH\09163500.mon
         Correlated Station: O:\STREAMFL\MONTH\09163675.mon
         Print File Name:    O:\STREAMFL\MONTH\09163675.PRN
         Output/Save File:   O:\STREAMFL\MONTH\09163675.xc
