                                                                                                                         PAGE  1

           WATER
           YEAR    OCT     NOV     DEC     JAN     FEB     MAR     APR     MAY     JUN     JUL     AUG     SEP       ANN

           1951   32.00   39.00   35.00   40.00   32.00   42.00   52.00   35.00   24.00   10.00  447.00   20.00      808.
           1952   37.00   45.00   82.00   81.00   87.00   98.00   67.00   43.00   28.00   22.00   25.00   28.00      643.
           1953   50.00   58.00   49.00   57.00   60.00   63.00   62.00   56.00   32.00   62.00   77.00   34.00      660.
           1954   66.00   60.00   44.00   52.00   48.00   92.00   49.00   50.00   27.00   47.00   72.00   91.00      698.
           1955   37.00  117.00   98.00   49.00  103.00  576.00   71.00  115.00   42.00   25.00   77.00   19.00     1329.

           AVE.     44.     64.     62.     56.     66.    174.     60.     60.     31.     33.    140.     38.      828.

          Count      5       5       5       5       5       5       5       5       5       5       5       5         5
                                                                                                                         PAGE  2

           WATER
           YEAR    OCT     NOV     DEC     JAN     FEB     MAR     APR     MAY     JUN     JUL     AUG     SEP       ANN

           1914 226000. 214800. 141800. 180200. 151400. 224100. 584000.2079700.2808000.1128800. 499000. 265300.  8503100.
           1915 373600. 209800. 144500. 130400. 140800. 176600. 577800.1117400.1548300. 615800. 184200. 129200.  5348400.
           1916 171500. 164800. 155400. 181600. 186200. 422600. 754700.1678600.2012000. 853800. 636100. 286100.  7503400.
           1917 424000. 206000. 166000. 123000. 139000. 193000. 530000.1517000.3304000.1513000. 422000. 231000.  8768000.
           1923 138500. 188200. 188600. 183700. 154200. 171600. 431600.1750000.2205600.1039200. 524100. 297700.  7273000.
           1924 299800. 243100. 183700. 150300. 188900. 170100. 620900.1570200.1799400. 470200. 112400. 123700.  5932700.
           1925 196700. 189900. 149400. 135300. 144400. 219100. 564400.1094500.1101000. 548800. 307500. 374400.  5025400.
           1926 318000. 223500. 171800. 142200. 143700. 212300. 765800.1685000.1891200. 736900. 210500. 100700.  6601600.
           1927 211100. 185900. 166300. 163400. 160300. 208800. 622000.2070900.1878300. 877400. 474200. 528800.  7547400.
           1928 358300. 275100. 231500. 209100. 191600. 281700. 519800.2322600.1867000. 808800. 255200. 170500.  7491200.
           1929 252200. 225200. 145200. 140200. 128500. 267400. 676300.2110200.2387100. 882300. 622300. 674200.  8511100.
           1930 403200. 274100. 204400. 145100. 206500. 202400. 919300.1031600.1549100. 435000. 524700. 201300.  6096700.
           1931 233400. 172700. 142900. 135500. 152700. 147100. 211000. 547700. 686500. 200800.  92300. 142800.  2865400.
           1932 208600. 166700. 130200. 117000. 177400. 194200. 731000.2061800.1686700. 767700. 293100. 152500.  6686900.
           1933 167200. 179200. 132700. 132200. 126300. 176600. 179900. 809900.2003700. 420000. 147500. 155600.  4630800.
           1934 160500. 152000. 153700. 140200. 125400. 136200. 227000. 672200. 261200.  65000.  62500.  64200.  2220100.
           1935  83200. 103000. 127400. 126600. 111900. 128800. 265400. 734600.1967000. 642600. 215700. 174800.  4681000.
           1936 187900. 182100. 143000. 142300. 153700. 166700. 784100.1878900.1256500. 403200. 299300. 167700.  5765400.
           1937 156600. 172500. 148500. 116800. 133300. 196300. 579400.1596700. 873300. 413600. 134300. 142200.  4663500.
           1938 184100. 180800. 169300. 149400. 140300. 255100. 917900.1728800.2404000. 735500. 202500. 354200.  7421900.
           1939 219700. 196400. 176800. 160400. 138700. 278900. 514800.1207500. 867100. 187600. 109800. 194100.  4251800.
           1940 148000. 150700. 125700. 131000. 137400. 170300. 375700.1048400. 738900. 179300.  86400. 171800.  3463600.
           1941 294900. 179500. 154600. 139300. 152900. 206500. 445000.2355400.1582400. 579400. 250600. 236500.  6577000.
           1942 579000. 311300. 229300. 180700. 165600. 228500.1344200.1809100.1960700. 578700. 184600. 134200.  7705900.
           1943 161700. 186000. 164200. 153100. 146200. 174200. 708700. 995600.1364600. 502100. 367700. 212100.  5136200.
           1944 184400. 215400. 189500. 139900. 152100. 166500. 303600.1784300.1842800. 677200. 148700.  99000.  5903400.
           1945 159100. 195700. 171100. 149000. 150500. 177800. 328500.1495100.1311300. 676400. 446400. 146000.  5406900.
           1946 216900. 224100. 182800. 174200. 154900. 190700. 524600. 725900.1027500. 309500. 195700. 135500.  4062300.
           1947 206300. 206300. 208200. 145200. 150400. 189100. 315500.1423400.1593500. 984600. 369300. 259000.  6050800.
           1948 328400. 276600. 222700. 190700. 210400. 244500. 830300.1959500.1498700. 446000. 224900. 121400.  6554100.
           1949 174700. 204400. 185600. 187700. 187000. 243000. 615100.1289500.1910300. 907900. 224200. 158500.  6287900.
           1950 225600. 210000. 180300. 198700. 200800. 209000. 540900. 763800.1112700. 346600. 109400. 137700.  4235500.
           1951 125200. 161400. 167400. 152700. 151100. 161400. 172800. 757900.1173200. 529400. 238300. 130500.  3921300.
           1952 169000. 178200. 172000. 190800. 155600. 193700. 969500.2152100.2314300. 641200. 357700. 213300.  7707400.
           1953 165800. 176800. 187600. 185400. 142400. 186700. 250300. 606100.1398900. 353000. 255800. 127800.  4036600.
           1954 177400. 206800. 171100. 176500. 142900. 160600. 221000. 435900. 216800. 150000.  98500. 171300.  2328800.
           1955 215300. 164200. 139900. 133500. 121400. 197900. 320400. 751800. 689100. 214400. 185000. 107700.  3240600.
           1956 119400. 168600. 176000. 155000. 141400. 187100. 355600.1005300. 923800. 172200. 118700.  81500.  3604600.
           1957 120800. 165500. 141700. 164300. 167600. 167500. 397800.1375000.2858800.1952300. 660700. 313800.  8485800.
           1958 292100. 299500. 238700. 200200. 225100. 254200. 755600.2032300.1560300. 234000. 109400. 153100.  6354500.
           1959 155100. 189700. 175800. 167600. 152800. 149600. 162800. 535600. 923700. 214100. 159600. 124200.  3110600.
           1960 250500. 210200. 163100. 164000. 143200. 273100. 629300. 758000.1068300. 250600. 105500. 116600.  4132400.
           1961 152800. 176800. 164600. 156500. 139600. 162000. 206400. 676800. 664500. 130500. 137800. 315600.  3083900.
           1962 357000. 251800. 197000. 182300. 261300. 246100.1053700.1603000.1399700. 764700. 206000. 173000.  6695600.
           1963 262400. 242900. 180100. 163400. 193300. 219400. 244600. 516600. 331900. 114500. 167700. 182600.  2819400.
           1964 134200. 178800. 138300. 132000. 120900. 128500. 214400. 860700. 779900. 276000. 241000. 152600.  3357300.
           1965 163500. 181900. 181300. 161800. 140500. 154300. 562300.1271600.1654200.1116500. 446700. 369100.  6403700.
           1966 359900. 249300. 236600. 199600. 168800. 278100. 438400. 696900. 428900. 185300. 119800. 144700.  3506300.
           1967 174200. 153300. 174700. 146100. 135700. 185500. 198300. 461600. 713500. 327000. 174900. 177500.  3022300.
           1968 174500. 210800. 241000. 205300. 193100. 171000. 230200. 667200.1170600. 305500. 364900. 158700.  4092800.
           1969 213400. 256400. 248400. 259400. 188600. 249800. 714200. 987400. 731100. 471800. 199000. 239900.  4759400.
           1970 324100. 288900. 252100. 235700. 219700. 276700. 327400.1384500.1339800. 537700. 245100. 406800.  5838500.
           1971 359800. 338300. 317000. 332000. 320600. 412700. 579500. 768000.1141100. 535400. 245900. 282400.  5632700.
           1972 279600. 276100. 284100. 267200. 226700. 279000. 201600. 452900. 758800. 191500. 119400. 200700.  3537600.
           1973 302300. 281300. 267200. 282600. 210600. 240300. 388000.1556600.1557200. 798600. 330600. 220500.  6435800.
           1974 250800. 247500. 290000. 311500. 294100. 363400. 361300.1016300. 746900. 313400. 160700. 157900.  4513800.
           1975 205800. 258900. 225900. 235800. 207200. 240400. 377100.1007100.1243200. 806500. 226400. 185200.  5219500.
           1976 233100. 278600. 262300. 229500. 206200. 220200. 276600. 639200. 591800. 231200. 150400. 176300.  3495400.
           1977 218840. 219650. 219350. 206520. 146120. 123530.  97490. 142750. 167820. 126920. 108650. 127040.  1904680.
           1978 141200. 142300. 129700. 136600. 138400. 191400. 476600. 956700.1343200. 535400. 159400. 181700.  4532600.
           1979 200200. 249300. 244000. 238800. 251100. 371400. 716000.1513400.1555400. 755100. 278300. 218000.  6591000.
           1980 225000. 225800. 258100. 261900. 257400. 272800. 565700.1655200.1578200. 509300. 203100. 206400.  6218900.
           1981 220300. 264000. 255000. 228800. 162200. 155300. 175100. 296400. 406800. 195700. 127000. 183100.  2669700.
           1982 242500. 199900. 179000. 170100. 205900. 263200. 409200. 893200.1064900. 589500. 352900. 380000.  4950300.
           1983 371600. 321300. 286800. 252100. 229900. 298800. 448200.1563000.2740400.1699600. 672600. 307900.  9192200.
           1984 339100. 327500. 344800. 336000. 345100. 428000. 729700.2587800.2757400.1503900. 700700. 440500. 10840500.
           1985 478500. 407600. 365500. 391800. 351300. 517200.1260200.1966000.1636000. 716000. 341700. 328700.  8760500.
           1986 449900. 407100. 384400. 367800. 348500. 506300. 939200.1497900.1494700. 905000. 355400. 398800.  8055000.
           1987 498600. 452300. 405100. 339200. 335500. 439500. 773200.1280900. 810800. 362000. 315000. 252900.  6265000.
           1988 258100. 296200. 253700. 215500. 243200. 291600. 370700. 540300. 581100. 245000. 171100. 221600.  3688100.
           1989 185200. 184400. 172900. 161600. 163000. 254400. 388700. 431100. 376100. 174100. 190500. 167100.  2849100.
           1990 200900. 173200. 146100. 139400. 123200. 135300. 148600. 250300. 441900. 204300. 137100. 177200.  2277500.
           1991 213900. 186700. 143500. 142600. 166600. 164000. 259500. 668000. 826700. 320100. 213700. 258800.  3564100.
           1992 229800. 253700. 220800. 191600. 181400. 200900. 381300. 696700. 479700. 276900. 224300. 209400.  3546500.
           1993 208500. 214700. 162100. 162700. 192300. 363000. 634100.1969600.1626000. 713400. 334000. 294400.  6874800.
           1994 304200. 277400. 257000. 228300. 174400. 227200. 295400. 688400. 527700. 170900. 156400. 187400.  3494700.
                                                                                                                         PAGE  3

           WATER
           YEAR    OCT     NOV     DEC     JAN     FEB     MAR     APR     MAY     JUN     JUL     AUG     SEP       ANN

           1995 224800. 200400. 188900. 171000. 157400. 290400. 400000.1134500.2149900.1849800. 531100. 295800.  7594000.
           1996 346700. 340400. 311000. 271800. 259900. 308800. 542100.1158500.1056200. 477900. 193000. 253500.  5519800.
           1997 285500. 291000. 267900. 277700. 259900. 470200. 727700.1658000.1923600. 642800. 462800. 430300.  7697400.
           1998 445200. 350800. 324400. 300700. 258500. 352400. 563900.1369800. 816200. 458100. 273100. 257600.  5770700.
           1999 307300. 284500. 232200. 231900. 186500. 212700. 229000. 713000.1024300. 539800. 458600. 387200.  4807000.
           2000 356800. 264000. 236600. 221300. 189700. 217300. 394800. 760300. 545400. 230000. 215900. 223500.  3855600.
           2001 218900. 206600. 181400. 161600. 143600. 177900. 236600. 601300. 406900. 215100. 237600. 214900.  3002400.
           2002 209810. 192910. 159970. 154290. 133570. 153060. 176790. 165780. 148980. 103970. 102410. 149770.  1851310.
           2003 159700. 166900. 124400. 115300. 102400. 138700. 178400. 555100. 637500. 182600. 155900. 219500.  2736400.
           2004 197200. 170400. 144500. 131800. 134300. 184800. 266200. 446100. 340100. 180500. 153400. 208300.  2557600.
           2005 238200. 197900. 163400. 198000. 173100. 228300. 533800.1272200.1009600. 441800. 243700. 237300.  4937300.
           2006 284000. 228000. 195900. 184500. 160600. 214100. 480700. 789500. 541500. 301400. 267000. 278600.  3925800.
           2007 397600. 258700. 261600. 243400. 189200. 315200. 336000. 645700. 546100. 242100. 230600. 271100.  3937300.
           2008 288100. 232600. 225100. 210800. 270300. 253600. 591700.1437800.1589400. 665300. 308200. 287300.  6360200.
           2009 272600. 219800. 199000. 193200. 184100. 230100. 415400.1353100.1107800. 579000. 275700. 235000.  5264800.
           2010 263000. 205500. 160000. 153900. 148900. 197800. 444100. 658200.1028700. 270800. 279200. 205700.  4015800.
           2011 257700. 210600. 200900. 160800. 129100. 251000. 461600.1120300.2159600.1302900. 374600. 310500.  6939600.

          +AVE. 170540. 177480. 167600. 167780. 142680. 180060. 386800. 940760.1158460. 377600. 227060. 150120.  4246940.


          +   AVE. GIVEN FOR YEARS OF CONCURRENT DATA WITH CORRELATED STATION
                                                                                                                         PAGE  4

           R      0.453   0.438   0.810   0.838   0.729   0.766   0.727   0.477   0.463   0.720   0.174   0.586               0.601
           A   -.29E+020.37E+030.32E+03-.51E+020.38E+03-.21E+040.49E+020.10E+030.41E+020.71E+020.55E+03-.68E+02           0.142E+04
           B   0.43E-03-.17E-02-.16E-020.64E-03-.22E-020.13E-010.29E-04-.46E-04-.88E-05-.10E-03-.18E-020.71E-03          -0.140E-03

           WATER
           YEAR    OCT     NOV     DEC     JAN     FEB     MAR     APR     MAY     JUN     JUL     AUG     SEP       SUM       ANN

          *1914     68.     -1.    102.     64.     47.    731.     66.      7.     16.    -43.   -355.    120.      823.      231.
          *1915    132.      8.     98.     32.     70.    130.     66.     52.     27.      9.    218.     24.      864.      673.
          *1916     45.     86.     81.     65.    -29.   3241.     71.     26.     23.    -15.   -604.    135.     3123.      371.
          *1917    153.     15.     64.     27.     74.    338.     64.     33.     12.    -81.   -215.     96.      580.      194.
          *1923     31.     45.     29.     66.     41.     67.     61.     22.     21.    -34.   -400.    143.       93.      403.
          *1924    100.    -49.     36.     45.    -35.     48.     67.     31.     25.     24.    348.     20.      659.      591.
          *1925     56.     42.     90.     35.     62.    668.     65.     53.     31.     16.     -7.    198.     1309.      718.
          *1926    108.    -15.     55.     39.     64.    582.     71.     25.     24.     -3.    170.      3.     1123.      497.
          *1927     62.     49.     64.     53.     27.    538.     67.      8.     24.    -17.   -310.    308.      872.      365.
          *1928    125.   -104.    -38.     82.    -41.   1459.     64.     -4.     24.    -10.     88.     53.     1698.      373.
          *1929     79.    -18.     97.     38.     97.   1278.     69.      6.     20.    -18.   -579.    411.     1480.      230.
          *1930    144.   -103.      4.     41.    -74.    457.     75.     56.     27.     27.   -402.     75.      329.      568.
          *1931     71.     72.    100.     35.     44.   -243.     55.     78.     35.     51.    385.     33.      717.     1021.
          *1932     61.     82.    120.     23.    -10.    353.     70.      8.     26.     -6.     20.     40.      787.      485.
          *1933     43.     61.    116.     33.    102.    130.     54.     66.     23.     29.    284.     42.      984.      774.
          *1934     40.    108.     83.     38.    104.   -380.     56.     72.     39.     65.    439.    -23.      640.     1112.
          *1935      7.    192.    124.     29.    134.   -474.     57.     69.     23.      6.    160.     56.      385.      767.
          *1936     52.     56.    100.     40.     42.      5.     72.     16.     30.     31.      8.     51.      502.      615.
          *1937     38.     72.     91.     23.     87.    380.     66.     30.     33.     30.    308.     33.     1190.      769.
          *1938     50.     58.     59.     44.     71.   1123.     75.     23.     20.     -3.    184.    184.     1889.      382.
          *1939     66.     31.     47.     51.     75.   1424.     64.     47.     33.     52.    353.     70.     2313.      827.
          *1940     35.    110.    127.     32.     78.     51.     60.     55.     34.     53.    395.     54.     1084.      937.
          *1941     98.     60.     82.     38.     44.    508.     62.     -5.     27.     13.     97.    100.     1122.      501.
          *1942    220.   -167.    -35.     64.     16.    787.     88.     20.     24.     13.    217.     27.     1272.      343.
          *1943     41.     49.     67.     46.     58.    100.     69.     57.     29.     21.   -116.     83.      504.      703.
          *1944     50.     -2.     27.     38.     45.      3.     58.     21.     25.      3.    282.      2.      553.      595.
          *1945     39.     32.     56.     44.     49.    146.     59.     34.     29.      3.   -259.     35.      268.      665.
          *1946     64.    -17.     38.     60.     39.    309.     64.     70.     32.     40.    197.     28.      924.      853.
          *1947     60.     14.     -2.     41.     49.    288.     58.     38.     27.    -28.   -119.    116.      542.      575.
          *1948    112.   -107.    -24.     70.    -83.    989.     73.     13.     28.     26.    144.     18.     1259.      504.
          *1949     46.     17.     34.     69.    -31.    970.     67.     44.     24.    -20.    145.     44.     1408.      541.
          *1950     68.      8.     42.     76.    -62.    540.     65.     68.     31.     36.    354.     30.     1255.      829.
           1951     32.     39.     35.     40.     32.     42.     52.     35.     24.     10.    447.     20.      808.      808.
           1952     37.     45.     82.     81.     87.     98.     67.     43.     28.     22.     25.     28.      643.      643.
           1953     50.     58.     49.     57.     60.     63.     62.     56.     32.     62.     77.     34.      660.      660.
           1954     66.     60.     44.     52.     48.     92.     49.     50.     27.     47.     72.     91.      698.      698.
           1955     37.    117.     98.     49.    103.    576.     71.    115.     42.     25.     77.     19.     1329.     1329.
          *1956     22.     79.     48.     48.     69.    263.     59.     57.     33.     54.    337.    -10.     1059.      918.
          *1957     23.     84.    102.     54.     11.     15.     61.     40.     16.   -126.   -649.    155.     -214.      233.
          *1958     97.   -146.    -49.     77.   -115.   1112.     71.      9.     27.     48.    354.     41.     1523.      532.
          *1959     38.     43.     49.     56.     44.   -211.     54.     79.     33.     50.    262.     20.      515.      987.
          *1960     79.      7.     69.     53.     65.   1351.     67.     68.     31.     46.    361.     15.     2211.      844.
          *1961     37.     65.     66.     49.     73.    -54.     55.     72.     35.     58.    302.    156.      913.      991.
          *1962    124.    -64.     16.     65.   -194.   1009.     79.     29.     28.     -6.    178.     55.     1320.      484.
          *1963     84.    -49.     42.     53.    -45.    672.     56.     79.     38.     60.    248.     62.     1299.     1028.
          *1964     29.     62.    107.     33.    114.   -478.     55.     63.     34.     43.    114.     40.      217.      952.
          *1965     41.     56.     40.     52.     71.   -151.     65.     45.     26.    -41.   -260.    194.      138.      525.
          *1966    126.    -60.    -46.     76.      9.   1414.     62.     71.     37.     53.    335.     35.     2110.      931.
          *1967     46.    105.     51.     42.     81.    243.     55.     82.     35.     38.    234.     58.     1070.      999.
          *1968     46.      6.    -53.     80.    -45.     60.     56.     72.     30.     40.   -111.     45.      227.      849.
          *1969     63.    -72.    -64.    114.    -35.   1056.     70.     58.     34.     24.    191.    102.     1540.      756.
          *1970    110.   -128.    -70.     99.   -103.   1396.     58.     39.     29.     17.    107.    221.     1776.      604.
          *1971    126.   -213.   -171.    161.   -324.   3115.     66.     68.     31.     17.    105.    133.     3112.      633.
          *1972     91.   -106.   -120.    119.   -118.   1425.     55.     82.     34.     52.    335.     74.     1924.      927.
          *1973    101.   -115.    -94.    129.    -83.    936.     60.     31.     27.     -9.    -49.     88.     1023.      521.
          *1974     79.    -57.   -129.    148.   -266.   2492.     59.     56.     34.     40.    260.     44.     2760.      790.
          *1975     60.    -76.    -29.     99.    -76.    937.     60.     57.     30.    -10.    141.     63.     1255.      691.
          *1976     71.   -110.    -86.     95.    -73.    682.     57.     74.     36.     48.    279.     57.     1129.      933.
          *1977     65.     -9.    -19.     81.     58.   -541.     52.     97.     39.     59.    355.     22.      259.     1156.
          *1978     32.    124.    121.     36.     75.    318.     63.     59.     29.     17.    263.     61.     1197.      788.
          *1979     57.    -60.    -58.    101.   -172.   2593.     70.     33.     27.     -5.     46.     87.     2721.      499.
          *1980     68.    -19.    -80.    116.   -186.   1347.     65.     27.     27.     20.    183.     78.     1646.      551.
          *1981     66.    -85.    -75.     95.     23.   -139.     54.     90.     37.     52.    322.     62.      501.     1049.
          *1982     75.     25.     44.     57.    -73.   1225.     61.     62.     31.     12.    -89.    202.     1633.      729.
          *1983    131.   -184.   -124.    110.   -125.   1675.     62.     31.     17.   -100.   -670.    151.      972.      134.
          *1984    117.   -195.   -215.    163.   -378.   3309.     70.    -16.     16.    -81.   -722.    245.     2315.      -97.
          *1985    177.   -333.   -247.    199.   -392.   4437.     85.     12.     26.     -1.    -69.    166.     4060.      195.
          *1986    164.   -332.   -277.    184.   -386.   4299.     76.     34.     28.    -20.    -94.    215.     3892.      294.
          *1987    185.   -410.   -309.    165.   -357.   3454.     71.     44.     34.     35.    -20.    112.     3004.      545.
          *1988     82.   -141.    -73.     86.   -155.   1584.     60.     78.     36.     47.    241.     89.     1936.      906.
          *1989     51.     52.     53.     52.     21.   1114.     60.     83.     38.     54.    206.     50.     1835.     1024.
                                                                                                                         PAGE  5

           WATER
           YEAR    OCT     NOV     DEC     JAN     FEB     MAR     APR     MAY     JUN     JUL     AUG     SEP       SUM       ANN

          *1990     57.     71.     95.     38.    109.   -392.     53.     92.     37.     51.    303.     58.      572.     1104.
          *1991     63.     48.     99.     40.     14.    -29.     57.     72.     34.     39.    164.    116.      716.      923.
          *1992     70.    -68.    -21.     71.    -19.    438.     60.     71.     37.     43.    145.     81.      907.      926.
          *1993     61.      0.     70.     53.    -43.   2487.     67.     12.     26.     -1.    -55.    141.     2819.      459.
          *1994    102.   -108.    -78.     94.     -4.    770.     58.     71.     36.     54.    268.     65.     1329.      933.
          *1995     68.     24.     28.     58.     34.   1569.     61.     51.     22.   -116.   -413.    142.     1528.      358.
          *1996    120.   -217.   -162.    122.   -191.   1802.     65.     50.     32.     23.    202.    112.     1956.      649.
          *1997     94.   -132.    -95.    126.   -191.   3842.     70.     27.     24.      6.   -289.    238.     3720.      344.
          *1998    162.   -235.   -183.    141.   -188.   2353.     65.     40.     34.     25.     56.    115.     2385.      614.
          *1999    103.   -121.    -39.     97.    -30.    587.     56.     70.     32.     17.   -281.    207.      697.      749.
          *2000    124.    -85.    -46.     90.    -37.    645.     60.     68.     36.     48.    160.     91.     1154.      882.
          *2001     65.     14.     40.     52.     64.    147.     56.     75.     37.     50.    120.     85.      805.     1002.
          *2002     61.     37.     74.     47.     86.   -167.     54.     96.     40.     61.    366.     38.      792.     1164.
          *2003     40.     82.    129.     22.    154.   -349.     54.     78.     35.     53.    269.     88.      655.     1039.
          *2004     56.     76.     98.     33.     84.    234.     57.     83.     38.     53.    274.     80.     1164.     1065.
          *2005     73.     29.     68.     75.     -1.    784.     64.     45.     32.     27.    109.    100.     1406.      731.
          *2006     93.    -23.     17.     66.     27.    605.     63.     67.     36.     41.     67.    130.     1189.      873.
          *2007    142.    -76.    -85.    104.    -36.   1883.     59.     73.     36.     47.    133.    125.     2404.      871.
          *2008     95.    -31.    -28.     83.   -214.   1104.     66.     37.     27.      4.     -8.    136.     1271.      531.
          *2009     88.     -9.     13.     72.    -25.    807.     61.     41.     31.     13.     51.     99.     1241.      685.
          *2010     84.     16.     73.     47.     52.    398.     62.     73.     32.     44.     45.     78.     1004.      860.
          *2011     82.      7.     10.     51.     96.   1071.     62.     52.     22.    -60.   -129.    153.     1416.      450.

           AVE.     78.    -21.      8.     70.    -19.    860.     63.     50.     30.     17.     72.     91.     1298.      691.


          * DATA CORRELATED WITH STATION:                                                                                     
          Count      93      93      93      93      93      93      93      93      93      93      93      93                  93

           NUMBER OF YEARS   93                       Linear Regression   
                                                                                                                        PAGE  6

          Correlation Coefficients           08:59:10.4          05/24/2012
                      Linear Regression   
          1 OCT  A=-.288055936E+02, B=0.429257614E-03, R=  0.453077, R*R=  0.205279
          2 NOV  A=0.369622277E+03, B=-.172313656E-02, R=  0.438225, R*R=  0.192041
          3 DEC  A=0.323031787E+03, B=-.155985553E-02, R=  0.809927, R*R=  0.655982
          4 JAN  A=-.514071645E+02, B=0.638974636E-03, R=  0.837569, R*R=  0.701522
          5 FEB  A=0.379077481E+03, B=-.219426325E-02, R=  0.728573, R*R=  0.530819
          6 MAR  A=-.210229399E+04, B=0.126429745E-01, R=  0.765850, R*R=  0.586526
          7 APR  A=0.491022199E+02, B=0.286912620E-04, R=  0.727096, R*R=  0.528669
          8 MAY  A=0.103221222E+03, B=-.461554725E-04, R=  0.477456, R*R=  0.227964
          9 JUN  A=0.408344054E+02, B=-.883449183E-05, R=  0.462513, R*R=  0.213919
         10 JUL  A=0.713443650E+02, B=-.101017916E-03, R=  0.720020, R*R=  0.518429
         11 AUG  A=0.552406783E+03, B=-.181805154E-02, R=  0.173684, R*R=  0.030166
         12 SEP  A=-.684601974E+02, B=0.711831851E-03, R=  0.585670, R*R=  0.343009
         13 ANN  A=0.142319444E+04, B=-.140240841E-03, R=  0.601453, R*R=  0.361745


         Base Station:       O:\STREAMFL\MONTH\09180500.MON
         Correlated Station: O:\STREAMFL\MONTH\09181000.MON
         Print File Name:    O:\STREAMFL\MONTH\09181000.PRN
         Output/Save File:   
