                                                                                                                         PAGE  1

           WATER
           YEAR    OCT     NOV     DEC     JAN     FEB     MAR     APR     MAY     JUN     JUL     AUG     SEP       ANN

           1951  228.00  156.00  132.00  172.00  192.00  140.00   15.00   16.00   12.00   12.00  395.00   35.00     1505.
           1952   77.00  209.00  171.00  209.00  192.00  251.00  365.00   11.00   23.00   14.00   83.00   13.00     1618.
           1953  152.00  295.00  189.00  221.00  252.00   80.00  106.00   12.00   12.00   30.00   80.00   28.00     1457.

           AVE.    152.    220.    164.    201.    212.    157.    162.     13.     16.     19.    186.     25.     1527.

          Count      3       3       3       3       3       3       3       3       3       3       3       3         3
                                                                                                                         PAGE  2

           WATER
           YEAR    OCT     NOV     DEC     JAN     FEB     MAR     APR     MAY     JUN     JUL     AUG     SEP       ANN

           1914 226000. 214800. 141800. 180200. 151400. 224100. 584000.2079700.2808000.1128800. 499000. 265300.  8503100.
           1915 373600. 209800. 144500. 130400. 140800. 176600. 577800.1117400.1548300. 615800. 184200. 129200.  5348400.
           1916 171500. 164800. 155400. 181600. 186200. 422600. 754700.1678600.2012000. 853800. 636100. 286100.  7503400.
           1917 424000. 206000. 166000. 123000. 139000. 193000. 530000.1517000.3304000.1513000. 422000. 231000.  8768000.
           1923 138500. 188200. 188600. 183700. 154200. 171600. 431600.1750000.2205600.1039200. 524100. 297700.  7273000.
           1924 299800. 243100. 183700. 150300. 188900. 170100. 620900.1570200.1799400. 470200. 112400. 123700.  5932700.
           1925 196700. 189900. 149400. 135300. 144400. 219100. 564400.1094500.1101000. 548800. 307500. 374400.  5025400.
           1926 318000. 223500. 171800. 142200. 143700. 212300. 765800.1685000.1891200. 736900. 210500. 100700.  6601600.
           1927 211100. 185900. 166300. 163400. 160300. 208800. 622000.2070900.1878300. 877400. 474200. 528800.  7547400.
           1928 358300. 275100. 231500. 209100. 191600. 281700. 519800.2322600.1867000. 808800. 255200. 170500.  7491200.
           1929 252200. 225200. 145200. 140200. 128500. 267400. 676300.2110200.2387100. 882300. 622300. 674200.  8511100.
           1930 403200. 274100. 204400. 145100. 206500. 202400. 919300.1031600.1549100. 435000. 524700. 201300.  6096700.
           1931 233400. 172700. 142900. 135500. 152700. 147100. 211000. 547700. 686500. 200800.  92300. 142800.  2865400.
           1932 208600. 166700. 130200. 117000. 177400. 194200. 731000.2061800.1686700. 767700. 293100. 152500.  6686900.
           1933 167200. 179200. 132700. 132200. 126300. 176600. 179900. 809900.2003700. 420000. 147500. 155600.  4630800.
           1934 160500. 152000. 153700. 140200. 125400. 136200. 227000. 672200. 261200.  65000.  62500.  64200.  2220100.
           1935  83200. 103000. 127400. 126600. 111900. 128800. 265400. 734600.1967000. 642600. 215700. 174800.  4681000.
           1936 187900. 182100. 143000. 142300. 153700. 166700. 784100.1878900.1256500. 403200. 299300. 167700.  5765400.
           1937 156600. 172500. 148500. 116800. 133300. 196300. 579400.1596700. 873300. 413600. 134300. 142200.  4663500.
           1938 184100. 180800. 169300. 149400. 140300. 255100. 917900.1728800.2404000. 735500. 202500. 354200.  7421900.
           1939 219700. 196400. 176800. 160400. 138700. 278900. 514800.1207500. 867100. 187600. 109800. 194100.  4251800.
           1940 148000. 150700. 125700. 131000. 137400. 170300. 375700.1048400. 738900. 179300.  86400. 171800.  3463600.
           1941 294900. 179500. 154600. 139300. 152900. 206500. 445000.2355400.1582400. 579400. 250600. 236500.  6577000.
           1942 579000. 311300. 229300. 180700. 165600. 228500.1344200.1809100.1960700. 578700. 184600. 134200.  7705900.
           1943 161700. 186000. 164200. 153100. 146200. 174200. 708700. 995600.1364600. 502100. 367700. 212100.  5136200.
           1944 184400. 215400. 189500. 139900. 152100. 166500. 303600.1784300.1842800. 677200. 148700.  99000.  5903400.
           1945 159100. 195700. 171100. 149000. 150500. 177800. 328500.1495100.1311300. 676400. 446400. 146000.  5406900.
           1946 216900. 224100. 182800. 174200. 154900. 190700. 524600. 725900.1027500. 309500. 195700. 135500.  4062300.
           1947 206300. 206300. 208200. 145200. 150400. 189100. 315500.1423400.1593500. 984600. 369300. 259000.  6050800.
           1948 328400. 276600. 222700. 190700. 210400. 244500. 830300.1959500.1498700. 446000. 224900. 121400.  6554100.
           1949 174700. 204400. 185600. 187700. 187000. 243000. 615100.1289500.1910300. 907900. 224200. 158500.  6287900.
           1950 225600. 210000. 180300. 198700. 200800. 209000. 540900. 763800.1112700. 346600. 109400. 137700.  4235500.
           1951 125200. 161400. 167400. 152700. 151100. 161400. 172800. 757900.1173200. 529400. 238300. 130500.  3921300.
           1952 169000. 178200. 172000. 190800. 155600. 193700. 969500.2152100.2314300. 641200. 357700. 213300.  7707400.
           1953 165800. 176800. 187600. 185400. 142400. 186700. 250300. 606100.1398900. 353000. 255800. 127800.  4036600.
           1954 177400. 206800. 171100. 176500. 142900. 160600. 221000. 435900. 216800. 150000.  98500. 171300.  2328800.
           1955 215300. 164200. 139900. 133500. 121400. 197900. 320400. 751800. 689100. 214400. 185000. 107700.  3240600.
           1956 119400. 168600. 176000. 155000. 141400. 187100. 355600.1005300. 923800. 172200. 118700.  81500.  3604600.
           1957 120800. 165500. 141700. 164300. 167600. 167500. 397800.1375000.2858800.1952300. 660700. 313800.  8485800.
           1958 292100. 299500. 238700. 200200. 225100. 254200. 755600.2032300.1560300. 234000. 109400. 153100.  6354500.
           1959 155100. 189700. 175800. 167600. 152800. 149600. 162800. 535600. 923700. 214100. 159600. 124200.  3110600.
           1960 250500. 210200. 163100. 164000. 143200. 273100. 629300. 758000.1068300. 250600. 105500. 116600.  4132400.
           1961 152800. 176800. 164600. 156500. 139600. 162000. 206400. 676800. 664500. 130500. 137800. 315600.  3083900.
           1962 357000. 251800. 197000. 182300. 261300. 246100.1053700.1603000.1399700. 764700. 206000. 173000.  6695600.
           1963 262400. 242900. 180100. 163400. 193300. 219400. 244600. 516600. 331900. 114500. 167700. 182600.  2819400.
           1964 134200. 178800. 138300. 132000. 120900. 128500. 214400. 860700. 779900. 276000. 241000. 152600.  3357300.
           1965 163500. 181900. 181300. 161800. 140500. 154300. 562300.1271600.1654200.1116500. 446700. 369100.  6403700.
           1966 359900. 249300. 236600. 199600. 168800. 278100. 438400. 696900. 428900. 185300. 119800. 144700.  3506300.
           1967 174200. 153300. 174700. 146100. 135700. 185500. 198300. 461600. 713500. 327000. 174900. 177500.  3022300.
           1968 174500. 210800. 241000. 205300. 193100. 171000. 230200. 667200.1170600. 305500. 364900. 158700.  4092800.
           1969 213400. 256400. 248400. 259400. 188600. 249800. 714200. 987400. 731100. 471800. 199000. 239900.  4759400.
           1970 324100. 288900. 252100. 235700. 219700. 276700. 327400.1384500.1339800. 537700. 245100. 406800.  5838500.
           1971 359800. 338300. 317000. 332000. 320600. 412700. 579500. 768000.1141100. 535400. 245900. 282400.  5632700.
           1972 279600. 276100. 284100. 267200. 226700. 279000. 201600. 452900. 758800. 191500. 119400. 200700.  3537600.
           1973 302300. 281300. 267200. 282600. 210600. 240300. 388000.1556600.1557200. 798600. 330600. 220500.  6435800.
           1974 250800. 247500. 290000. 311500. 294100. 363400. 361300.1016300. 746900. 313400. 160700. 157900.  4513800.
           1975 205800. 258900. 225900. 235800. 207200. 240400. 377100.1007100.1243200. 806500. 226400. 185200.  5219500.
           1976 233100. 278600. 262300. 229500. 206200. 220200. 276600. 639200. 591800. 231200. 150400. 176300.  3495400.
           1977 218840. 219650. 219350. 206520. 146120. 123530.  97490. 142750. 167820. 126920. 108650. 127040.  1904680.
           1978 141200. 142300. 129700. 136600. 138400. 191400. 476600. 956700.1343200. 535400. 159400. 181700.  4532600.
           1979 200200. 249300. 244000. 238800. 251100. 371400. 716000.1513400.1555400. 755100. 278300. 218000.  6591000.
           1980 225000. 225800. 258100. 261900. 257400. 272800. 565700.1655200.1578200. 509300. 203100. 206400.  6218900.
           1981 220300. 264000. 255000. 228800. 162200. 155300. 175100. 296400. 406800. 195700. 127000. 183100.  2669700.
           1982 242500. 199900. 179000. 170100. 205900. 263200. 409200. 893200.1064900. 589500. 352900. 380000.  4950300.
           1983 371600. 321300. 286800. 252100. 229900. 298800. 448200.1563000.2740400.1699600. 672600. 307900.  9192200.
           1984 339100. 327500. 344800. 336000. 345100. 428000. 729700.2587800.2757400.1503900. 700700. 440500. 10840500.
           1985 478500. 407600. 365500. 391800. 351300. 517200.1260200.1966000.1636000. 716000. 341700. 328700.  8760500.
           1986 449900. 407100. 384400. 367800. 348500. 506300. 939200.1497900.1494700. 905000. 355400. 398800.  8055000.
           1987 498600. 452300. 405100. 339200. 335500. 439500. 773200.1280900. 810800. 362000. 315000. 252900.  6265000.
           1988 258100. 296200. 253700. 215500. 243200. 291600. 370700. 540300. 581100. 245000. 171100. 221600.  3688100.
           1989 185200. 184400. 172900. 161600. 163000. 254400. 388700. 431100. 376100. 174100. 190500. 167100.  2849100.
           1990 200900. 173200. 146100. 139400. 123200. 135300. 148600. 250300. 441900. 204300. 137100. 177200.  2277500.
           1991 213900. 186700. 143500. 142600. 166600. 164000. 259500. 668000. 826700. 320100. 213700. 258800.  3564100.
           1992 229800. 253700. 220800. 191600. 181400. 200900. 381300. 696700. 479700. 276900. 224300. 209400.  3546500.
           1993 208500. 214700. 162100. 162700. 192300. 363000. 634100.1969600.1626000. 713400. 334000. 294400.  6874800.
           1994 304200. 277400. 257000. 228300. 174400. 227200. 295400. 688400. 527700. 170900. 156400. 187400.  3494700.
                                                                                                                         PAGE  3

           WATER
           YEAR    OCT     NOV     DEC     JAN     FEB     MAR     APR     MAY     JUN     JUL     AUG     SEP       ANN

           1995 224800. 200400. 188900. 171000. 157400. 290400. 400000.1134500.2149900.1849800. 531100. 295800.  7594000.
           1996 346700. 340400. 311000. 271800. 259900. 308800. 542100.1158500.1056200. 477900. 193000. 253500.  5519800.
           1997 285500. 291000. 267900. 277700. 259900. 470200. 727700.1658000.1923600. 642800. 462800. 430300.  7697400.
           1998 445200. 350800. 324400. 300700. 258500. 352400. 563900.1369800. 816200. 458100. 273100. 257600.  5770700.
           1999 307300. 284500. 232200. 231900. 186500. 212700. 229000. 713000.1024300. 539800. 458600. 387200.  4807000.
           2000 356800. 264000. 236600. 221300. 189700. 217300. 394800. 760300. 545400. 230000. 215900. 223500.  3855600.
           2001 218900. 206600. 181400. 161600. 143600. 177900. 236600. 601300. 406900. 215100. 237600. 214900.  3002400.
           2002 209810. 192910. 159970. 154290. 133570. 153060. 176790. 165780. 148980. 103970. 102410. 149770.  1851310.
           2003 159700. 166900. 124400. 115300. 102400. 138700. 178400. 555100. 637500. 182600. 155900. 219500.  2736400.
           2004 197200. 170400. 144500. 131800. 134300. 184800. 266200. 446100. 340100. 180500. 153400. 208300.  2557600.
           2005 238200. 197900. 163400. 198000. 173100. 228300. 533800.1272200.1009600. 441800. 243700. 237300.  4937300.
           2006 284000. 228000. 195900. 184500. 160600. 214100. 480700. 789500. 541500. 301400. 267000. 278600.  3925800.
           2007 397600. 258700. 261600. 243400. 189200. 315200. 336000. 645700. 546100. 242100. 230600. 271100.  3937300.
           2008 288100. 232600. 225100. 210800. 270300. 253600. 591700.1437800.1589400. 665300. 308200. 287300.  6360200.
           2009 272600. 219800. 199000. 193200. 184100. 230100. 415400.1353100.1107800. 579000. 275700. 235000.  5264800.
           2010 263000. 205500. 160000. 153900. 148900. 197800. 444100. 658200.1028700. 270800. 279200. 205700.  4015800.
           2011 257700. 210600. 200900. 160800. 129100. 251000. 461600.1120300.2159600.1302900. 374600. 310500.  6939600.

          +AVE. 153333. 172133. 175667. 176300. 149700. 180600. 464200.1172033.1628800. 507867. 283933. 157200.  5221767.


          +   AVE. GIVEN FOR YEARS OF CONCURRENT DATA WITH CORRELATED STATION
                                                                                                                         PAGE  4

           R      0.948   0.861   0.933   0.966   0.971   0.607   0.993   0.765   0.991   0.938   0.779   0.970               0.974
           A   0.63E+03-.11E+04-.32E+03-.18E+020.98E+03-.77E+03-.30E+020.17E+02-.15E+010.53E+020.98E+030.62E+02           0.133E+04
           B   -.31E-020.75E-020.28E-020.12E-02-.52E-020.51E-020.41E-03-.31E-050.11E-04-.68E-04-.28E-02-.23E-03           0.384E-04

           WATER
           YEAR    OCT     NOV     DEC     JAN     FEB     MAR     APR     MAY     JUN     JUL     AUG     SEP       SUM       ANN

          *1914    -72.    541.     71.    205.    203.    379.    212.     10.     28.    -23.   -418.      0.     1136.     1653.
          *1915   -529.    503.     78.    144.    258.    137.    209.     13.     15.     11.    466.     32.     1337.     1532.
          *1916     96.    165.    108.    207.     24.   1393.    282.     11.     20.     -5.   -803.     -4.     1494.     1614.
          *1917   -685.    475.    137.    135.    267.    220.    189.     12.     33.    -50.   -202.      8.      541.     1663.
          *1923    198.    341.    200.    210.    189.    111.    149.     11.     22.    -17.   -488.     -7.      917.     1605.
          *1924   -301.    754.    186.    168.     10.    103.    227.     12.     17.     21.    668.     33.     1899.     1554.
          *1925     18.    354.     92.    150.    239.    354.    203.     13.     10.     16.    120.    -25.     1544.     1519.
          *1926   -357.    607.    153.    158.    243.    319.    287.     11.     18.      3.    392.     38.     1873.     1580.
          *1927    -26.    324.    138.    185.    157.    301.    227.     10.     18.     -6.   -348.    -61.      919.     1616.
          *1928   -481.    995.    318.    241.     -4.    673.    185.      9.     18.     -2.    267.     22.     2241.     1614.
          *1929   -153.    619.     80.    156.    321.    600.    250.     10.     24.     -7.   -764.    -94.     1042.     1653.
          *1930   -620.    987.    243.    162.    -81.    268.    350.     13.     15.     24.   -490.     15.      886.     1560.
          *1931    -95.    224.     74.    150.    197.    -14.     57.     15.      6.     40.    724.     29.     1406.     1436.
          *1932    -19.    179.     39.    127.     69.    226.    272.     10.     16.      1.    160.     26.     1109.     1583.
          *1933    109.    273.     46.    146.    333.    137.     44.     14.     20.     25.    569.     26.     1741.     1504.
          *1934    130.     68.    104.    156.    337.    -70.     64.     15.      1.     49.    808.     47.     1709.     1411.
          *1935    369.   -300.     31.    139.    407.   -107.     80.     14.     19.     10.    378.     21.     1061.     1506.
          *1936     45.    295.     74.    159.    191.     86.    294.     11.     12.     26.    143.     23.     1359.     1548.
          *1937    142.    223.     89.    127.    297.    237.    210.     12.      8.     25.    606.     29.     2004.     1505.
          *1938     57.    285.    146.    167.    261.    537.    350.     11.     24.      3.    415.    -20.     2236.     1611.
          *1939    -53.    403.    167.    181.    269.    659.    183.     13.      8.     40.    675.     17.     2561.     1489.
          *1940    169.     59.     26.    145.    275.    104.    125.     13.      6.     41.    741.     22.     1727.     1459.
          *1941   -285.    275.    106.    155.    195.    289.    154.      9.     15.     14.    280.      7.     1215.     1579.
          *1942  -1164.   1267.    312.    206.    130.    402.    526.     11.     19.     14.    465.     31.     2218.     1622.
          *1943    126.    324.    132.    172.    230.    124.    263.     14.     13.     19.    -49.     13.     1382.     1523.
          *1944     56.    546.    202.    156.    200.     85.     96.     11.     18.      7.    566.     39.     1980.     1553.
          *1945    135.    397.    151.    167.    208.    143.    106.     12.     12.      7.   -270.     28.     1096.     1534.
          *1946    -44.    611.    184.    198.    185.    209.    187.     14.      9.     32.    434.     30.     2049.     1482.
          *1947    -11.    477.    254.    162.    208.    200.    101.     12.     15.    -14.    -54.      2.     1353.     1558.
          *1948   -389.   1006.    293.    219.   -101.    483.    313.     11.     14.     23.    352.     34.     2257.     1578.
          *1949     86.    463.    191.    215.     19.    476.    224.     13.     19.     -8.    354.     25.     2076.     1568.
          *1950    -71.    505.    177.    228.    -52.    302.    194.     14.     10.     30.    676.     30.     2043.     1489.
           1951    228.    156.    132.    172.    192.    140.     15.     16.     12.     12.    395.     35.     1505.     1505.
           1952     77.    209.    171.    209.    192.    251.    365.     11.     23.     14.     83.     13.     1618.     1618.
           1953    152.    295.    189.    221.    252.     80.    106.     12.     12.     30.     80.     28.     1457.     1457.
          *1954     78.    481.    151.    201.    247.     55.     61.     15.      1.     43.    707.     22.     2062.     1416.
          *1955    -39.    160.     66.    148.    358.    245.    103.     14.      6.     39.    464.     37.     1599.     1451.
          *1956    257.    193.    165.    174.    255.    190.    117.     14.      8.     41.    650.     43.     2108.     1465.
          *1957    253.    170.     71.    186.    120.     90.    135.     12.     29.    -79.   -872.    -11.      103.     1652.
          *1958   -277.   1178.    337.    230.   -177.    533.    282.     10.     15.     37.    676.     26.     2872.     1570.
          *1959    147.    352.    164.    190.    196.     -1.     37.     15.      8.     39.    535.     33.     1715.     1446.
          *1960   -148.    506.    129.    185.    246.    629.    230.     14.     10.     36.    687.     35.     2560.     1485.
          *1961    154.    255.    134.    176.    264.     62.     55.     15.      6.     44.    596.    -11.     1750.     1445.
          *1962   -477.    820.    223.    208.   -364.    491.    406.     12.     13.      1.    405.     22.     1758.     1583.
          *1963   -185.    753.    176.    185.    -13.    355.     71.     15.      2.     45.    512.     19.     1936.     1434.
          *1964    211.    270.     61.    146.    361.   -109.     59.     14.      7.     34.    307.     26.     1387.     1455.
          *1965    121.    293.    180.    183.    259.     23.    203.     13.     16.    -23.   -271.    -24.      973.     1572.
          *1966   -486.    801.    332.    230.    113.    655.    151.     14.      3.     41.    647.     28.     2528.     1461.
          *1967     88.     78.    161.    163.    284.    182.     52.     15.      6.     31.    492.     21.     1574.     1442.
          *1968     87.    511.    344.    237.    -12.    108.     65.     15.     11.     32.    -41.     25.     1381.     1483.
          *1969    -33.    854.    364.    304.     11.    510.    265.     14.      6.     21.    424.      6.     2747.     1509.
          *1970   -376.   1099.    374.    274.   -149.    648.    105.     12.     13.     17.    295.    -32.     2280.     1550.
          *1971   -486.   1470.    553.    394.   -670.   1342.    210.     14.     11.     17.    293.     -4.     3143.     1542.
          *1972   -238.   1002.    462.    313.   -185.    659.     53.     15.      7.     40.    648.     15.     2792.     1462.
          *1973   -308.   1042.    416.    332.   -102.    462.    131.     12.     15.     -1.     55.     11.     2063.     1573.
          *1974   -149.    787.    479.    368.   -533.   1090.    119.     13.      6.     32.    532.     25.     2770.     1499.
          *1975    -10.    873.    302.    274.    -85.    462.    126.     14.     12.     -2.    348.     19.     2333.     1527.
          *1976    -94.   1021.    402.    267.    -80.    359.     84.     15.      5.     37.    561.     21.     2599.     1460.
          *1977    -50.    578.    284.    238.    230.   -134.     10.     16.      0.     45.    678.     32.     1928.     1399.
          *1978    190.     -5.     37.    151.    270.    212.    167.     14.     13.     17.    536.     20.     1622.     1500.
          *1979      7.    801.    352.    278.   -311.   1131.    266.     12.     15.      2.    202.     11.     2766.     1579.
          *1980    -69.    624.    391.    307.   -344.    628.    204.     11.     15.     19.    413.     14.     2212.     1565.
          *1981    -55.    911.    382.    266.    147.     28.     42.     16.      3.     40.    627.     19.     2427.     1429.
          *1982   -123.    429.    173.    193.    -78.    579.    139.     14.     10.     13.     -8.    -26.     1315.     1516.
          *1983   -523.   1343.    470.    295.   -202.    761.    155.     12.     27.    -62.   -905.    -10.     1361.     1679.
          *1984   -422.   1389.    629.    399.   -797.   1420.    272.      9.     28.    -49.   -984.    -40.     1853.     1742.
          *1985   -853.   1992.    686.    468.   -829.   1876.    491.     11.     16.      5.     24.    -14.     3871.     1663.
          *1986   -765.   1988.    738.    438.   -814.   1820.    358.     12.     14.     -8.    -15.    -31.     3737.     1635.
          *1987   -915.   2328.    795.    402.   -747.   1479.    290.     13.      7.     29.     99.      3.     3783.     1567.
          *1988   -172.   1154.    379.    249.   -271.    724.    123.     15.      5.     37.    503.     10.     2756.     1468.
          *1989     54.    312.    156.    182.    143.    534.    131.     15.      3.     41.    448.     23.     2043.     1436.
                                                                                                                         PAGE  5

           WATER
           YEAR    OCT     NOV     DEC     JAN     FEB     MAR     APR     MAY     JUN     JUL     AUG     SEP       SUM       ANN

          *1990      5.    228.     83.    155.    349.    -74.     32.     16.      3.     39.    598.     21.     1454.     1414.
          *1991    -35.    330.     75.    159.    125.     72.     77.     15.      7.     31.    383.      2.     1242.     1463.
          *1992    -84.    834.    288.    220.     48.    261.    128.     14.      4.     34.    353.     13.     2113.     1462.
          *1993    -18.    540.    127.    184.     -8.   1088.    232.     11.     16.      5.     45.     -6.     2215.     1590.
          *1994   -314.   1012.    388.    265.     84.    395.     92.     15.      4.     42.    544.     18.     2545.     1460.
          *1995    -69.    433.    200.    194.    172.    718.    135.     13.     21.    -72.   -508.     -7.     1231.     1618.
          *1996   -446.   1486.    536.    319.   -357.    812.    194.     13.     10.     21.    441.      3.     3033.     1538.
          *1997   -256.   1115.    418.    326.   -357.   1636.    271.     11.     19.     10.   -316.    -38.     2838.     1622.
          *1998   -750.   1565.    573.    355.   -350.   1034.    203.     12.      7.     22.    216.      2.     2890.     1548.
          *1999   -324.   1066.    320.    270.     22.    321.     65.     14.      9.     16.   -304.    -28.     1447.     1511.
          *2000   -477.    911.    332.    256.      6.    344.    133.     14.      4.     38.    377.     10.     1949.     1474.
          *2001    -50.    479.    180.    182.    243.    143.     68.     15.      3.     39.    316.     12.     1630.     1441.
          *2002    -22.    376.    121.    173.    295.     16.     43.     16.      0.     46.    696.     27.     1788.     1397.
          *2003    133.    181.     23.    125.    456.    -57.     44.     15.      5.     41.    545.     11.     1522.     1431.
          *2004     17.    207.     78.    146.    291.    178.     80.     15.      2.     41.    552.     14.     1622.     1424.
          *2005   -110.    414.    130.    228.     91.    401.    191.     13.      9.     23.    299.      7.     1695.     1516.
          *2006   -252.    640.    220.    211.    156.    328.    169.     14.      4.     33.    234.     -3.     1754.     1477.
          *2007   -603.    871.    400.    284.      8.    844.    109.     15.      4.     37.    336.     -1.     2304.     1477.
          *2008   -264.    675.    300.    243.   -411.    530.    215.     12.     15.      8.    118.     -5.     1436.     1570.
          *2009   -216.    579.    228.    222.     34.    410.    142.     12.     10.     14.    209.      7.     1651.     1528.
          *2010   -187.    471.    121.    173.    216.    245.    154.     15.      9.     35.    199.     14.     1465.     1480.
          *2011   -170.    509.    233.    181.    318.    516.    161.     13.     21.    -35.    -69.    -10.     1670.     1593.

           AVE.   -143.    631.    236.    217.     48.    431.    170.     13.     12.     16.    241.     10.     1884.     1527.


          * DATA CORRELATED WITH STATION:                                                                                     
          Count      93      93      93      93      93      93      93      93      93      93      93      93                  93

           NUMBER OF YEARS   93                       Linear Regression   
                                                                                                                        PAGE  6

          Correlation Coefficients           07:55:02.4          05/24/2012
                      Linear Regression   
          1 OCT  A=0.626466602E+03, B=-.309217349E-02, R=  0.947952, R*R=  0.898613
          2 NOV  A=-.107538371E+04, B=0.752546697E-02, R=  0.861302, R*R=  0.741842
          3 DEC  A=-.319451947E+03, B=0.275209837E-02, R=  0.933106, R*R=  0.870687
          4 JAN  A=-.177508794E+02, B=0.123889703E-02, R=  0.965855, R*R=  0.932876
          5 FEB  A=0.984789922E+03, B=-.516225733E-02, R=  0.970625, R*R=  0.942112
          6 MAR  A=-.765110036E+03, B=0.510581415E-02, R=  0.607493, R*R=  0.369047
          7 APR  A=-.298822137E+02, B=0.413361081E-03, R=  0.993191, R*R=  0.986429
          8 MAY  A=0.166389256E+02, B=-.310479703E-05, R=  0.764671, R*R=  0.584722
          9 JUN  A=-.145135513E+01, B=0.105095910E-04, R=  0.991165, R*R=  0.982408
         10 JUL  A=0.531500541E+02, B=-.678985051E-04, R=  0.937702, R*R=  0.879286
         11 AUG  A=0.983042470E+03, B=-.280714652E-02, R=  0.778669, R*R=  0.606326
         12 SEP  A=0.616871848E+02, B=-.231258597E-03, R=  0.970188, R*R=  0.941265
         13 ANN  A=0.132622934E+04, B=0.383849639E-04, R=  0.974065, R*R=  0.948803


         Base Station:       O:\STREAMFL\MONTH\09180500.MON
         Correlated Station: O:\STREAMFL\MONTH\09181500.MON
         Print File Name:    O:\STREAMFL\MONTH\09181500.PRN
         Output/Save File:   
