                        09231500 SHEEP CREEK LOWER CANAL NEAR MANILA, UTAH                                               PAGE  1

           WATER
           YEAR    OCT     NOV     DEC     JAN     FEB     MAR     APR     MAY     JUN     JUL     AUG     SEP       ANN

           1950    609.      2.      0.      0.      0.      0.     19.   1234.   4671.   2337.   1331.    641.    10844.
           1951    347.    153.      0.      0.      0.      0.      8.   2537.   3715.   2277.   1868.   1047.    11952.
           1952    161.      0.      0.      0.      0.      0.      0.    473.   4499.   2705.   2293.   1152.    11283.
           1953    518.    165.      0.      0.      0.      0.      0.   1529.   2987.   2085.    922.    564.     8770.
           1954    337.    250.    184.    184.    139.    133.    225.   2473.   1767.   1523.    996.    644.     8855.
           1955    577.    568.     75.      0.      0.      0.     32.   2691.   4024.   2136.   1436.    885.    12424.
           1956    328.    198.      0.      0.      0.      0.    313.   3342.   4064.   1997.    916.    430.    11588.
           1957    298.     64.      0.      0.      0.      0.      0.   1448.   4923.   4134.   2995.   1515.    15377.
           1958    618.    104.      0.      0.      0.      0.      0.   3479.   3983.   2448.   1549.   1037.    13218.
           1959    523.    277.     69.      0.      0.      0.     10.   2267.   4548.   2093.   1823.    759.    12369.
           1960    579.    345.      0.      0.      0.      0.     95.   2989.   3503.   2156.   1426.    924.    12017.
           1961    797.    303.     56.      0.      0.      0.      0.   2565.   5391.   2713.   1940.   2350.    16115.

           AVE.    474.    202.     32.     15.     12.     11.     58.   2252.   4006.   2384.   1625.    996.    12068.

           NUMBER OF YEARS   12
                        09266500 ASHLEY CREEK NEAR VERNAL, UT                                                            PAGE  2

           WATER
           YEAR    OCT     NOV     DEC     JAN     FEB     MAR     APR     MAY     JUN     JUL     AUG     SEP       ANN

           1915   4858.   3868.   2705.   2275.   1833.   1845.   6486.  24635.  23960.   8410.   5135.   5234.    91244.
           1916   5062.   3437.   2747.   2368.   1956.   2660.   6780.  23137.  16740.   6978.   5276.   3586.    80727.
           1917   5270.   3630.   2670.   2190.   1670.   1840.   2200.  25030.  47480.  14510.   7390.   5670.   119550.
           1919   4612.   3273.   2460.   2152.   1666.   1845.   4463.  13835.   6843.   3884.   3029.   2940.    51002.
           1920   3888.   2553.   1910.   2013.   1678.   1734.   1769.  30299.  29931.   6887.   4683.   3880.    91225.
           1921   3470.   3320.   2770.   2340.   1830.   2090.   2700.  32850.  53980.  10550.   6640.   6380.   128920.
           1922   4880.   3540.   2920.   2580.   2100.   2230.   2590.  33290.  50320.   9790.   6930.   5590.   126760.
           1923   4633.   3743.   3205.   2723.   2182.   2182.   2795.  30480.  29157.  11217.   5439.   3249.   101005.
           1924   3775.   2916.   2579.   2261.   2055.   2120.   2904.  18932.   9463.   4719.   2876.   2420.    57020.
           1925   2378.   2112.   2013.   1857.   1686.   1839.   3390.  14186.  11782.   6770.   5052.   5379.    58444.
           1926   6688.   4669.   3205.   2366.   1765.   1860.   8432.  20884.   9031.   5972.   4808.   3003.    72683.
           1927   2721.   2124.   1956.   1686.   1490.   1583.   2517.  26083.  16883.   9128.   6373.  13662.    86206.
           1928   7000.   5460.   3380.   2770.   2300.   2150.   4170.  33820.  12780.   6400.   4600.   2820.    87650.
           1929   3074.   2797.   2091.   2275.   1777.   1783.   2499.  27300.  31422.   9285.   6518.   6307.    97128.
           1930   5619.   4072.   3074.   2767.   2055.   2152.   6490.  23835.  15209.   6347.   6962.   5605.    84187.
           1931   5443.   3410.   2828.   2460.   1888.   2029.   2678.   9277.   5492.   2836.   2340.   1908.    42589.
           1932   1985.   1898.   1845.   1783.   1668.   1722.   2015.  24450.  18278.   8362.   5578.   4374.    73958.
           1933   3679.   2378.   1714.   1537.   1329.   1335.   1377.   9374.  15392.   4633.   3408.   2192.    48348.
           1934   1777.   1470.   1291.   1291.   1111.   1230.   3796.   7823.   3519.   2436.   3037.   2485.    31266.
           1935   2114.   1950.   1761.   1615.   1430.   1577.   1741.  11744.  27122.   6581.   3997.   2339.    63971.
           1936   1924.   1646.   1424.   1192.   1067.   1095.   2148.  11409.   6736.   4284.   4756.   4015.    41696.
           1937   3332.   2460.   1654.   1392.   1004.   1113.   2245.  31482.  15618.   8735.   5700.   3872.    78607.
           1938   3017.   2079.   1615.   1424.   1178.   1291.   2398.  20342.  24472.   8908.   5542.   4788.    77054.
           1939   6664.   4834.   3314.   2473.   1932.   2085.   7644.  17710.   7238.   4304.   2888.   5338.    66424.
           1940   5607.   3469.   2158.   1624.   1347.   1452.   4635.  17459.   6910.   4098.   2176.   2979.    53914.
           1941   4794.   3340.   2283.   1896.   1599.   1692.   1632.  30188.  22231.   9297.   6543.   6805.    92300.
           1942   9453.   6171.   3947.   2569.   1813.   1803.   5994.  22453.  25317.   9529.   6948.   4959.   100956.
           1943   3150.   1910.   1585.   1309.   1023.   1091.   8749.  16588.  10508.   8340.   5754.   3249.    63256.
           1944   2210.   1740.   1520.   1330.   1070.   1090.   1220.  23050.  36080.  12080.   8270.   4150.    93810.
           1945   2555.   1976.   1615.   1404.   1123.   1214.   1283.  15400.  15459.   8515.   6704.   5288.    62536.
           1946   3755.   2166.   1624.   1355.   1148.   1150.   6448.   9592.   7960.   5004.   3304.   3798.    47304.
           1947   3410.   2900.   2400.   1930.   1460.   1610.   3750.  31630.  20050.  10640.   7030.   5370.    92180.
           1948   4381.   2588.   2122.   1714.   1323.   1275.   1906.  25014.  12783.   7129.   5219.   2376.    67830.
           1949   1829.   1369.   1162.   1020.    889.    958.   2491.  27199.  23766.   8844.   7206.   3689.    80422.
           1950   3191.   2444.   1779.   1656.   1261.   1390.   5641.  25131.  22471.  10179.   7367.   4877.    87387.
           1951   3289.   2021.   1771.   1577.   1150.   1148.   1170.  15953.  12097.   8186.   6478.   4733.    59573.
           1952   3890.   2280.   1890.   1780.   1470.   1430.   4160.  36260.  23220.  10380.   9920.   5820.   102500.
           1953   4338.   2680.   2112.   1767.   1386.   1404.   1825.   9519.  17244.   8160.   5391.   2265.    58091.
           1954   1857.   1714.   1724.   1571.   1140.   1125.   3862.  18760.   8134.   6968.   3913.   2620.    53388.
           1955   2406.   1803.   1507.   1285.   1035.   1065.   1254.  15941.  10451.   6190.   3933.   2660.    49530.
           1956   2114.   1700.   1545.   1353.   1164.   1202.   2091.  23522.  10540.   7309.   3759.   2045.    58344.
           1957   1400.   1490.   1260.   1100.    940.    980.    930.   6840.  32600.  10120.   7790.   5750.    71200.
           1958   3423.   2273.   1851.   1724.   1392.   1367.   2067.  26422.  11841.   7478.   4469.   2386.    66693.
           1959   1595.   1460.   1418.   1023.    895.   1041.   1057.  11014.  10538.   5585.   3531.   2452.    41609.
           1960   2104.   1501.   1077.    916.    768.    851.   3535.  13452.   9683.   5681.   2218.   1228.    43014.
           1961   1523.   1325.   1236.    936.    704.    716.    885.  15485.  13456.   6906.   4550.   5754.    53476.
           1962   6115.   4290.   3201.   2152.   1571.   1757.   9614.  28865.  23439.   9509.   6750.   4302.   101565.
           1963   2652.   1380.   1117.    774.    573.    690.    839.  15433.   7351.   5080.   2676.   2656.    41221.
           1964   2178.   1230.    996.    817.    686.    708.    676.  20850.  17367.   7561.   4504.   3312.    60885.
           1965   2450.   1240.    910.    830.    620.    670.    800.  14410.  39140.  11680.   8470.   6220.    87440.
           1966   4735.   2473.   1527.   1075.    736.    750.   3658.  23538.   8059.   6210.   3864.   2525.    59150.
           1967   1700.   1218.   1164.    932.    668.    738.   1097.  22302.  31109.  11427.   6791.   3675.    82821.
           1968   3310.   1390.    910.    790.    790.    850.    830.   8980.  44850.   8700.   7070.   4770.    83240.
           1969   3380.   1510.    950.    850.    720.    700.   1910.  33410.  13750.   8510.   6160.   4030.    75880.
           1970   2202.   1537.   1313.   1057.    797.    787.    883.  22195.  25561.   9788.   5821.   4318.    76259.
           1971   2688.   1178.   1029.    813.    641.    631.   1001.  16114.  24476.   8692.   4778.   3626.    65667.
           1972   2138.   1999.   1718.   1501.   1240.   1400.   2233.  22598.  16193.   7525.   3832.   3356.    65733.
           1973   3190.   2720.   1740.   1310.   1010.   1010.   1150.  33030.  32770.  10110.   7190.   5730.   100960.
           1974   3590.   1736.   1390.   1252.    998.   1033.   1226.  19057.   5907.   5096.   3035.    940.    45260.
           1975    960.    700.    620.    580.    450.    360.    370.   6940.  44600.  22170.   7180.   5560.    90490.
           1976   2253.   1184.    914.    738.    530.    456.    618.  22584.  13377.   7771.   3788.   1652.    55865.
           1977   1093.    882.    578.    315.    285.    305.   1319.   4411.   5986.   2412.   2398.   2797.    22781.
           1978   1430.    807.    498.    358.    255.    279.    571.  15114.  16887.   7105.   4336.   1581.    49221.
           1979    916.    762.    651.    532.    451.    479.    744.  18940.  10844.   7006.   2969.   2227.    46521.
           1980   1236.    748.    958.    853.    750.    725.   1250.  19595.  31142.   8146.   6403.   2771.    74577.
           1981   2208.   1140.    861.    760.    664.    664.   4494.  14465.   8698.   6996.   2842.   1456.    45248.
                        09266500 ASHLEY CREEK NEAR VERNAL, UT                                                            PAGE  3

           WATER
           YEAR    OCT     NOV     DEC     JAN     FEB     MAR     APR     MAY     JUN     JUL     AUG     SEP       ANN

           1982   1910.   1628.   1174.   1069.    835.    885.    980.  25226.  15949.   7920.   4832.   5578.    67986.
           1983   7120.   4220.   3040.   2430.   1820.   1770.   1850.  14670.  62540.  14920.   5960.   6990.   127330.
           1984   5460.   3340.   2540.   1930.   1550.   1620.   1900.  34080.  18890.   7570.   7850.   6760.    93490.
           1985   4536.   3025.   2557.   2140.   1646.   1706.   8204.  26420.   9548.   9828.   7089.   5762.    82461.
           1986   3560.   2830.   2360.   1700.   1210.   1500.   5960.  45420.  29890.   7100.   6730.   4920.   113180.
           1987   5470.   4336.   2930.   2174.   1870.   1624.   5135.  26674.  10721.   6970.   6054.   4810.    78768.
           1988   2295.   1668.   1684.   1517.   1613.   1277.   2563.  17518.   7505.   4742.   3923.   2132.    48437.
           1989   1348.    566.    476.    647.    495.    342.   4184.   8446.   4697.   3172.    986.    465.    25824.
           1990    425.    332.    558.    758.    666.    950.   3350.  13724.  13952.   5982.   3425.   3166.    47288.
           1991   1386.   1123.    540.    694.   1010.   1144.   1202.  20491.  23250.   7821.   5625.   6464.    70750.
           1992   2807.   1632.    881.    752.    481.    396.   6227.  18730.   7214.   5286.   4221.   2858.    51485.
           1993   2310.    910.    650.    470.    330.    370.    820.  39480.  17020.   6790.   4120.   2340.    75610.
           1994   1763.   1083.    887.    924.    744.    663.   3878.  20136.   7273.   4274.   3967.   2815.    48407.
           1995   2950.   2610.   1830.   1260.    920.   1180.   3040.  17590.  61430.  16620.   5140.   5460.   120030.
           1996   3860.   2547.   1910.   1321.    859.    899.   1523.  17800.  12373.   6906.   3725.   3580.    57303.
           1997   1938.   1587.   1351.   1170.    944.   1091.   1934.  29572.  15416.   6631.   4653.   6914.    73201.
           1998   5919.   3525.   2563.   1519.   1119.   1137.   2223.  31299.  29280.  11923.   6823.   4459.   101789.
           1999   2749.   2188.   1380.   1260.   1077.   1123.    998.  21537.  23092.   6847.   5457.   4017.    71725.
           2000   2374.   1446.   1285.   1152.    980.    998.   2616.  25912.   8404.   4655.   2783.   1702.    54307.
           2001   2060.   1940.   1360.   1050.    770.    840.   3070.  37810.  12130.   6920.   5590.   2110.    75650.
           2002   1176.   1140.   1002.    823.    619.    599.   1090.   4947.   3332.   1220.    810.   1438.    18196.
           2003   1851.   1736.   1420.   1285.   1156.   1194.   1613.  23161.  13355.   6321.   3707.   1722.    58521.
           2004    568.    819.    667.    628.    627.    827.   3479.  18341.   7146.   5068.   4409.   2335.    44914.
           2005   2180.   3360.   2190.   1420.   1130.   1310.   5650.  41700.  30120.   7470.   4820.   4550.   105900.
           2006   2559.   1501.   1105.   1047.    932.    891.   3435.  17587.   5689.   4270.   2751.   1583.    43350.
           2007   2231.   1751.   1121.    724.    641.    877.   4368.  18528.   6036.   2035.   3158.   2243.    43713.
           2008   3394.   1753.   1148.   1000.    877.    918.   1139.  17706.  15191.   6319.   4493.   2471.    56409.
           2009   1351.   1121.    930.    795.    631.    666.   1115.  20854.  12990.   9558.   5203.   2801.    58015.
           2010    954.    684.    463.    426.    326.    347.    987.  13101.  20987.   6446.   4558.   1562.   178121.
           2011    560.    720.    660.    460.    320.    570.   1190.  14330.  36290.  12090.   6660.   4830.   343740.

          +AVE.   2594.   1891.   1598.   1391.   1109.   1143.   2373.  18192.  15190.   7762.   5277.   3549.    62067.


          +   AVE. GIVEN FOR YEARS OF CONCURRENT DATA WITH CORRELATED STATION
                        09231500 SHEEP CREEK LOWER CANAL NEAR MANILA, UTAH                                               PAGE  4

           R      0.392   0.708   0.290   0.414   0.199   0.158   0.451   0.408   0.690   0.752   0.756   0.806               0.258
           A   0.94E+030.89E+030.32E+03-.21E+03-.17E+030.20E+03-.10E+030.42E+040.20E+04-.53E+030.16E+03-.92E+02           0.197E+05
           B   -.18E+00-.37E+00-.18E+000.16E+000.16E+00-.17E+000.67E-01-.11E+000.13E+000.38E+000.28E+000.31E+00          -0.122E+00

           WATER
           YEAR    OCT     NOV     DEC     JAN     FEB     MAR     APR     MAY     JUN     JUL     AUG     SEP       SUM       ANN

          *1915     66.   -521.   -170.    157.    129.   -107.    332.   1553.   5151.   2627.   1585.   1512.    12315.     8499.
          *1916     29.   -363.   -178.    172.    149.   -243.    352.   1716.   4209.   2090.   1624.   1007.    10562.     9785.
          *1917     -9.   -434.   -164.    144.    102.   -106.     47.   1510.   8222.   4914.   2210.   1646.    18082.     5037.
          *1919    110.   -303.   -126.    137.    102.   -107.    198.   2725.   2917.    929.   1002.    809.     8394.    13421.
          *1920    241.    -40.    -25.    115.    104.    -88.     18.    938.   5931.   2056.   1460.   1097.    11807.     8501.
          *1921    316.   -320.   -182.    168.    128.   -148.     80.    661.   9070.   3429.   2002.   1863.    17069.     3891.
          *1922     62.   -401.   -210.    206.    172.   -171.     73.    614.   8593.   3144.   2082.   1621.    15785.     4155.
          *1923    106.   -475.   -262.    229.    185.   -163.     87.    919.   5830.   3679.   1670.    904.    12709.     7305.
          *1924    261.   -172.   -147.    155.    165.   -153.     94.   2172.   3259.   1243.    960.    650.     8485.    12685.
          *1925    513.    122.    -44.     90.    105.   -106.    126.   2687.   3561.   2012.   1562.   1556.    12186.    12511.
          *1926   -265.   -813.   -262.    172.    118.   -109.    462.   1960.   3202.   1712.   1495.    828.     8500.    10769.
          *1927    451.    117.    -33.     63.     73.    -63.     68.   1396.   4227.   2896.   1928.   4095.    15219.     9115.
          *1928   -321.  -1103.   -294.    237.    204.   -158.    178.    556.   3692.   1873.   1437.    772.     7074.     8939.
          *1929    388.   -129.    -58.    157.    120.    -96.     67.   1264.   6125.   2955.   1968.   1841.    14601.     7779.
          *1930    -72.   -595.   -238.    236.    165.   -158.    333.   1640.   4009.   1853.   2091.   1626.    10889.     9362.
          *1931    -40.   -353.   -193.    187.    138.   -138.     79.   3220.   2740.    536.    812.    493.     7481.    14450.
          *1932    584.    200.    -13.     78.    102.    -86.     35.   1573.   4409.   2609.   1708.   1248.    12448.    10613.
          *1933    278.     24.     11.     39.     47.    -21.     -8.   3209.   4033.   1210.   1107.    580.    10510.    13746.
          *1934    622.    356.     88.     -1.     12.     -3.    153.   3377.   2483.    386.   1005.    670.     9148.    15835.
          *1935    561.    181.      2.     51.     64.    -62.     16.   2952.   5564.   1941.   1270.    625.    13166.    11835.
          *1936    595.    292.     64.    -17.      5.     19.     44.   2988.   2903.   1079.   1480.   1138.    10591.    14559.
          *1937    341.     -6.     22.     16.     -5.     16.     50.    810.   4062.   2749.   1742.   1095.    10891.    10045.
          *1938    398.    134.     29.     21.     23.    -14.     60.   2019.   5218.   2814.   1698.   1375.    13774.    10235.
          *1939   -261.   -874.   -281.    189.    145.   -147.    409.   2305.   2968.   1087.    963.   1544.     8047.    11535.
          *1940    -70.   -375.    -70.     53.     50.    -41.    209.   2332.   2925.   1010.    766.    821.     7610.    13065.
          *1941     77.   -327.    -93.     96.     91.    -81.      9.    950.   4926.   2959.   1975.   1993.    12576.     8370.
          *1942   -764.  -1363.   -397.    204.    126.   -100.    300.   1790.   5328.   3046.   2087.   1428.    11685.     7311.
          *1943    374.    195.     34.      2.     -2.     20.    483.   2426.   3395.   2600.   1757.    904.    12189.    11922.
          *1944    544.    258.     46.      6.      5.     20.    -18.   1725.   6734.   4003.   2453.   1180.    16955.     8185.
          *1945    481.    171.     29.     17.     14.     -1.    -14.   2555.   4041.   2666.   2020.   1529.    13509.    12010.
          *1946    265.    102.     27.     10.     18.     10.    330.   3186.   3062.   1349.   1079.   1072.    10509.    13873.
          *1947    327.   -167.   -115.    102.     68.    -67.    150.    794.   4641.   3463.   2110.   1554.    12860.     8384.
          *1948    152.    -52.    -64.     67.     46.    -11.     27.   1512.   3692.   2146.   1609.    636.     9760.    11363.
          *1949    613.    393.    112.    -44.    -24.     42.     66.   1275.   5126.   2790.   2159.   1039.    13545.     9823.
           1950    609.      2.      0.      0.      0.      0.     19.   1234.   4671.   2337.   1331.    641.    10844.    10844.
           1951    347.    153.      0.      0.      0.      0.      8.   2537.   3715.   2277.   1868.   1047.    11952.    11952.
           1952    161.      0.      0.      0.      0.      0.      0.    473.   4499.   2705.   2293.   1152.    11283.    11283.
           1953    518.    165.      0.      0.      0.      0.      0.   1529.   2987.   2085.    922.    564.     8770.     8770.
           1954    337.    250.    184.    184.    139.    133.    225.   2473.   1767.   1523.    996.    644.     8855.     8855.
           1955    577.    568.     75.      0.      0.      0.     32.   2691.   4024.   2136.   1436.    885.    12424.    12424.
           1956    328.    198.      0.      0.      0.      0.    313.   3342.   4064.   1997.    916.    430.    11588.    11588.
           1957    298.     64.      0.      0.      0.      0.      0.   1448.   4923.   4134.   2995.   1515.    15377.    15377.
           1958    618.    104.      0.      0.      0.      0.      0.   3479.   3983.   2448.   1549.   1037.    13218.    13218.
           1959    523.    277.     69.      0.      0.      0.     10.   2267.   4548.   2093.   1823.    759.    12369.    12369.
           1960    579.    345.      0.      0.      0.      0.     95.   2989.   3503.   2156.   1426.    924.    12017.    12017.
           1961    797.    303.     56.      0.      0.      0.      0.   2565.   5391.   2713.   1940.   2350.    16115.    16115.
          *1962   -161.   -675.   -261.    137.     86.    -92.    541.   1094.   5083.   3039.   2032.   1226.    12050.     7237.
          *1963    464.    389.    120.    -84.    -75.     87.    -44.   2552.   2983.   1378.    905.    722.     9397.    14617.
          *1964    549.    444.    142.    -77.    -57.     84.    -54.   1964.   4291.   2308.   1411.    923.    11928.    12212.
          *1965    500.    440.    158.    -75.    -68.     90.    -46.   2663.   7133.   3853.   2509.   1814.    18972.     8964.
          *1966     88.    -10.     45.    -35.    -49.     77.    144.   1672.   3075.   1802.   1234.    682.     8724.    12424.
          *1967    636.    448.    111.    -58.    -60.     79.    -26.   1806.   6085.   3758.   2044.   1034.    15857.     9529.
          *1968    345.    386.    158.    -81.    -40.     60.    -44.   3252.   7878.   2736.   2121.   1370.    18140.     9478.
          *1969    332.    342.    150.    -71.    -51.     85.     28.    601.   3818.   2664.   1869.   1143.    10910.    10378.
          *1970    545.    332.     84.    -38.    -39.     71.    -41.   1818.   5360.   3144.   1775.   1231.    14242.    10332.
          *1971    457.    463.    136.    -77.    -64.     97.    -33.   2478.   5219.   2732.   1487.   1019.    13914.    11627.
          *1972    557.    163.     10.     33.     33.    -32.     49.   1774.   4137.   2295.   1225.    936.    11180.    11619.
          *1973    367.   -101.      6.      2.     -4.     33.    -23.    642.   6301.   3264.   2154.   1664.    14306.     7311.
          *1974    294.    259.     70.     -7.     -6.     30.    -18.   2158.   2794.   1384.   1004.    196.     8159.    14123.
          *1975    769.    638.    211.   -115.    -95.    142.    -75.   3473.   7846.   7787.   2151.   1612.    24345.     8591.
          *1976    536.    461.    157.    -89.    -82.    126.    -58.   1776.   3770.   2387.   1213.    414.    10609.    12826.
                        09231500 SHEEP CREEK LOWER CANAL NEAR MANILA, UTAH                                               PAGE  5

           R      0.392   0.708   0.290   0.414   0.199   0.158   0.451   0.408   0.690   0.752   0.756   0.806               0.258
           A   0.94E+030.89E+030.32E+03-.21E+03-.17E+030.20E+03-.10E+030.42E+040.20E+04-.53E+030.16E+03-.92E+02           0.197E+05
           B   -.18E+00-.37E+00-.18E+000.16E+000.16E+00-.17E+000.67E-01-.11E+000.13E+000.38E+000.28E+000.31E+00          -0.122E+00

           WATER
           YEAR    OCT     NOV     DEC     JAN     FEB     MAR     APR     MAY     JUN     JUL     AUG     SEP       SUM       ANN

          *1977    745.    571.    218.   -157.   -122.    152.    -12.   3748.   2805.    377.    828.    765.     9919.    16873.
          *1978    685.    599.    233.   -150.   -127.    156.    -61.   2586.   4228.   2137.   1364.    392.    12042.    13639.
          *1979    777.    615.    205.   -122.    -95.    123.    -50.   2171.   3439.   2100.    986.    590.    10739.    13969.
          *1980    720.    620.    149.    -71.    -46.     81.    -16.   2100.   6089.   2528.   1936.    757.    14846.    10538.
          *1981    544.    477.    166.    -86.    -60.     91.    200.   2657.   3159.   2096.    951.    354.    10549.    14125.
          *1982    598.    299.    109.    -36.    -33.     54.    -34.   1489.   4105.   2443.   1502.   1617.    12113.    11344.
          *1983   -343.   -649.   -231.    182.    127.    -94.     24.   2634.  10188.   5068.   1814.   2050.    20769.     4085.
          *1984    -43.   -327.   -140.    102.     83.    -69.     27.    528.   4489.   2312.   2337.   1980.    11278.     8224.
          *1985    124.   -212.   -143.    136.     99.    -83.    447.   1359.   3270.   3159.   2126.   1674.    11953.     9573.
          *1986    300.   -141.   -107.     65.     28.    -49.    297.   -703.   5925.   2135.   2027.   1416.    11194.     5816.
          *1987    -45.   -692.   -211.    141.    135.    -70.    242.   1332.   3423.   2087.   1840.   1382.     9564.    10025.
          *1988    528.    284.     16.     36.     93.    -11.     71.   2325.   3003.   1251.   1250.    561.     9408.    13735.
          *1989    699.    687.    237.   -104.    -88.    146.    179.   3310.   2636.    662.    437.     50.     8852.    16501.
          *1990    866.    772.    222.    -86.    -60.     44.    124.   2737.   3845.   1716.   1112.    878.    12169.    13875.
          *1991    693.    483.    225.    -96.     -4.     11.    -19.   2003.   5059.   2406.   1721.   1889.    14369.    11006.
          *1992    436.    297.    163.    -87.    -90.    136.    315.   2194.   2965.   1455.   1332.    784.     9900.    13362.
          *1993    526.    561.    205.   -132.   -114.    141.    -45.    -58.   4245.   2019.   1304.    625.     9277.    10411.
          *1994    624.    498.    162.    -60.    -47.     92.    159.   2041.   2973.   1076.   1262.    771.     9550.    13738.
          *1995    410.    -61.    -10.     -6.    -19.      5.    103.   2318.  10043.   5706.   1587.   1581.    21657.     4978.
          *1996    246.    -38.    -25.      4.    -29.     52.      2.   2295.   3639.   2063.   1195.   1005.    10409.    12650.
          *1997    593.    314.     77.    -20.    -15.     20.     29.   1017.   4036.   1960.   1452.   2027.    11489.    10706.
          *1998   -126.   -395.   -144.     36.     13.     12.     49.    830.   5846.   3944.   2053.   1274.    13391.     7209.
          *1999    446.     94.     72.     -6.      6.     14.    -33.   1889.   5038.   2041.   1675.   1139.    12375.    10886.
          *2000    514.    365.     89.    -23.     -9.     35.     75.   1414.   3120.   1219.    934.    430.     8163.    13017.
          *2001    571.    184.     75.    -39.    -43.     62.    105.    123.   3607.   2068.   1711.    555.     8979.    10406.
          *2002    730.    477.    141.    -76.    -68.    102.    -27.   3690.   2458.    -70.    388.    349.     8095.    17434.
          *2003    609.    259.     64.     -2.     19.      3.      8.   1713.   3767.   1843.   1190.    436.     9909.    12501.
          *2004    840.    594.    202.   -107.    -66.     64.    132.   2236.   2956.   1373.   1384.    624.    10233.    14166.
          *2005    549.   -335.    -76.     20.     15.    -17.    277.   -299.   5955.   2274.   1498.   1302.    11164.     6706.
          *2006    481.    345.    122.    -40.    -17.     53.    129.   2318.   2766.   1074.    925.    393.     8550.    14357.
          *2007    540.    254.    119.    -92.    -64.     56.    191.   2216.   2811.    236.   1038.    595.     7900.    14313.
          *2008    330.    253.    114.    -47.    -26.     49.    -24.   2305.   4006.   1843.   1408.    665.    10876.    12760.
          *2009    699.    484.    154.    -80.    -66.     91.    -25.   1963.   3719.   3057.   1604.    766.    12367.    12563.
          *2010    771.    644.    239.   -139.   -115.    145.    -34.   2805.   4763.   1890.   1426.    387.    12780.    -2127.
          *2011    842.    631.    203.   -134.   -116.    107.    -20.   2671.   6761.   4007.   2008.   1388.    18347.   -22385.

           AVE.    379.     89.     15.     19.     17.      2.     90.   1938.   4492.   2339.   1553.   1085.    12017.    10583.


          * DATA CORRELATED WITH STATION:     09266500 ASHLEY CREEK NEAR VERNAL, UT                                           

           NUMBER OF YEARS   96                       Linear Regression   
                                                                                                                        PAGE  6

          Correlation Coefficients           10:49:49.2          05/23/2012
                      Linear Regression   
          1 OCT  A=0.942813264E+03, B=-.180589758E+00, R=  0.392089, R*R=  0.153734
          2 NOV  A=0.893888311E+03, B=-.365680654E+00, R=  0.708283, R*R=  0.501665
          3 DEC  A=0.323724482E+03, B=-.182613134E+00, R=  0.289827, R*R=  0.084000
          4 JAN  A=-.207730728E+03, B=0.160400811E+00, R=  0.414120, R*R=  0.171496
          5 FEB  A=-.167875693E+03, B=0.161857070E+00, R=  0.199241, R*R=  0.039697
          6 MAR  A=0.202874758E+03, B=-.167759829E+00, R=  0.158469, R*R=  0.025112
          7 APR  A=-.995008020E+02, B=0.665803850E-01, R=  0.450872, R*R=  0.203286
          8 MAY  A=0.422647560E+04, B=-.108524121E+00, R=  0.408035, R*R=  0.166493
          9 JUN  A=0.202322862E+04, B=0.130551401E+00, R=  0.689925, R*R=  0.475997
         10 JUL  A=-.527194058E+03, B=0.375022318E+00, R=  0.752289, R*R=  0.565939
         11 AUG  A=0.163955861E+03, B=0.276813116E+00, R=  0.755995, R*R=  0.571529
         12 SEP  A=-.920207374E+02, B=0.306462758E+00, R=  0.806232, R*R=  0.650010
         13 ANN  A=0.196592654E+05, B=-.122312800E+00, R=  0.258003, R*R=  0.066566


         Base Station:       o:\streamfl\month\09266500.mon
         Correlated Station: o:\streamfl\month\09231500.mon
         Print File Name:    o:\streamfl\month\09231500-0.prn
         Output/Save File:   
