                        09266500 ASHLEY CREEK NEAR VERNAL, UT                                                            PAGE  1

           WATER
           YEAR    OCT     NOV     DEC     JAN     FEB     MAR     APR     MAY     JUN     JUL     AUG     SEP       ANN

           1915   4858.   3868.   2705.   2275.   1833.   1845.   6486.  24635.  23960.   8410.   5135.   5234.    91244.
           1916   5062.   3437.   2747.   2368.   1956.   2660.   6780.  23137.  16740.   6978.   5276.   3586.    80727.
           1917   5270.   3630.   2670.   2190.   1670.   1840.   2200.  25030.  47480.  14510.   7390.   5670.   119550.
           1919   4612.   3273.   2460.   2152.   1666.   1845.   4463.  13835.   6843.   3884.   3029.   2940.    51002.
           1920   3888.   2553.   1910.   2013.   1678.   1734.   1769.  30299.  29931.   6887.   4683.   3880.    91225.
           1921   3470.   3320.   2770.   2340.   1830.   2090.   2700.  32850.  53980.  10550.   6640.   6380.   128920.
           1922   4880.   3540.   2920.   2580.   2100.   2230.   2590.  33290.  50320.   9790.   6930.   5590.   126760.
           1923   4633.   3743.   3205.   2723.   2182.   2182.   2795.  30480.  29157.  11217.   5439.   3249.   101005.
           1924   3775.   2916.   2579.   2261.   2055.   2120.   2904.  18932.   9463.   4719.   2876.   2420.    57020.
           1925   2378.   2112.   2013.   1857.   1686.   1839.   3390.  14186.  11782.   6770.   5052.   5379.    58444.
           1926   6688.   4669.   3205.   2366.   1765.   1860.   8432.  20884.   9031.   5972.   4808.   3003.    72683.
           1927   2721.   2124.   1956.   1686.   1490.   1583.   2517.  26083.  16883.   9128.   6373.  13662.    86206.
           1928   7000.   5460.   3380.   2770.   2300.   2150.   4170.  33820.  12780.   6400.   4600.   2820.    87650.
           1929   3074.   2797.   2091.   2275.   1777.   1783.   2499.  27300.  31422.   9285.   6518.   6307.    97128.
           1930   5619.   4072.   3074.   2767.   2055.   2152.   6490.  23835.  15209.   6347.   6962.   5605.    84187.
           1931   5443.   3410.   2828.   2460.   1888.   2029.   2678.   9277.   5492.   2836.   2340.   1908.    42589.
           1932   1985.   1898.   1845.   1783.   1668.   1722.   2015.  24450.  18278.   8362.   5578.   4374.    73958.
           1933   3679.   2378.   1714.   1537.   1329.   1335.   1377.   9374.  15392.   4633.   3408.   2192.    48348.
           1934   1777.   1470.   1291.   1291.   1111.   1230.   3796.   7823.   3519.   2436.   3037.   2485.    31266.
           1935   2114.   1950.   1761.   1615.   1430.   1577.   1741.  11744.  27122.   6581.   3997.   2339.    63971.
           1936   1924.   1646.   1424.   1192.   1067.   1095.   2148.  11409.   6736.   4284.   4756.   4015.    41696.
           1937   3332.   2460.   1654.   1392.   1004.   1113.   2245.  31482.  15618.   8735.   5700.   3872.    78607.
           1938   3017.   2079.   1615.   1424.   1178.   1291.   2398.  20342.  24472.   8908.   5542.   4788.    77054.
           1939   6664.   4834.   3314.   2473.   1932.   2085.   7644.  17710.   7238.   4304.   2888.   5338.    66424.
           1940   5607.   3469.   2158.   1624.   1347.   1452.   4635.  17459.   6910.   4098.   2176.   2979.    53914.
           1941   4794.   3340.   2283.   1896.   1599.   1692.   1632.  30188.  22231.   9297.   6543.   6805.    92300.
           1942   9453.   6171.   3947.   2569.   1813.   1803.   5994.  22453.  25317.   9529.   6948.   4959.   100956.
           1943   3150.   1910.   1585.   1309.   1023.   1091.   8749.  16588.  10508.   8340.   5754.   3249.    63256.
           1944   2210.   1740.   1520.   1330.   1070.   1090.   1220.  23050.  36080.  12080.   8270.   4150.    93810.
           1945   2555.   1976.   1615.   1404.   1123.   1214.   1283.  15400.  15459.   8515.   6704.   5288.    62536.
           1946   3755.   2166.   1624.   1355.   1148.   1150.   6448.   9592.   7960.   5004.   3304.   3798.    47304.
           1947   3410.   2900.   2400.   1930.   1460.   1610.   3750.  31630.  20050.  10640.   7030.   5370.    92180.
           1948   4381.   2588.   2122.   1714.   1323.   1275.   1906.  25014.  12783.   7129.   5219.   2376.    67830.
           1949   1829.   1369.   1162.   1020.    889.    958.   2491.  27199.  23766.   8844.   7206.   3689.    80422.
           1950   3191.   2444.   1779.   1656.   1261.   1390.   5641.  25131.  22471.  10179.   7367.   4877.    87387.
           1951   3289.   2021.   1771.   1577.   1150.   1148.   1170.  15953.  12097.   8186.   6478.   4733.    59573.
           1952   3890.   2280.   1890.   1780.   1470.   1430.   4160.  36260.  23220.  10380.   9920.   5820.   102500.
           1953   4338.   2680.   2112.   1767.   1386.   1404.   1825.   9519.  17244.   8160.   5391.   2265.    58091.
           1954   1857.   1714.   1724.   1571.   1140.   1125.   3862.  18760.   8134.   6968.   3913.   2620.    53388.
           1955   2406.   1803.   1507.   1285.   1035.   1065.   1254.  15941.  10451.   6190.   3933.   2660.    49530.
           1956   2114.   1700.   1545.   1353.   1164.   1202.   2091.  23522.  10540.   7309.   3759.   2045.    58344.
           1957   1400.   1490.   1260.   1100.    940.    980.    930.   6840.  32600.  10120.   7790.   5750.    71200.
           1958   3423.   2273.   1851.   1724.   1392.   1367.   2067.  26422.  11841.   7478.   4469.   2386.    66693.
           1959   1595.   1460.   1418.   1023.    895.   1041.   1057.  11014.  10538.   5585.   3531.   2452.    41609.
           1960   2104.   1501.   1077.    916.    768.    851.   3535.  13452.   9683.   5681.   2218.   1228.    43014.
           1961   1523.   1325.   1236.    936.    704.    716.    885.  15485.  13456.   6906.   4550.   5754.    53476.
           1962   6115.   4290.   3201.   2152.   1571.   1757.   9614.  28865.  23439.   9509.   6750.   4302.   101565.
           1963   2652.   1380.   1117.    774.    573.    690.    839.  15433.   7351.   5080.   2676.   2656.    41221.
           1964   2178.   1230.    996.    817.    686.    708.    676.  20850.  17367.   7561.   4504.   3312.    60885.
           1965   2450.   1240.    910.    830.    620.    670.    800.  14410.  39140.  11680.   8470.   6220.    87440.
           1966   4735.   2473.   1527.   1075.    736.    750.   3658.  23538.   8059.   6210.   3864.   2525.    59150.
           1967   1700.   1218.   1164.    932.    668.    738.   1097.  22302.  31109.  11427.   6791.   3675.    82821.
           1968   3310.   1390.    910.    790.    790.    850.    830.   8980.  44850.   8700.   7070.   4770.    83240.
           1969   3380.   1510.    950.    850.    720.    700.   1910.  33410.  13750.   8510.   6160.   4030.    75880.
           1970   2202.   1537.   1313.   1057.    797.    787.    883.  22195.  25561.   9788.   5821.   4318.    76259.
           1971   2688.   1178.   1029.    813.    641.    631.   1001.  16114.  24476.   8692.   4778.   3626.    65667.
           1972   2138.   1999.   1718.   1501.   1240.   1400.   2233.  22598.  16193.   7525.   3832.   3356.    65733.
           1973   3190.   2720.   1740.   1310.   1010.   1010.   1150.  33030.  32770.  10110.   7190.   5730.   100960.
           1974   3590.   1736.   1390.   1252.    998.   1033.   1226.  19057.   5907.   5096.   3035.    940.    45260.
           1975    960.    700.    620.    580.    450.    360.    370.   6940.  44600.  22170.   7180.   5560.    90490.
           1976   2253.   1184.    914.    738.    530.    456.    618.  22584.  13377.   7771.   3788.   1652.    55865.
           1977   1093.    882.    578.    315.    285.    305.   1319.   4411.   5986.   2412.   2398.   2797.    22781.
           1978   1430.    807.    498.    358.    255.    279.    571.  15114.  16887.   7105.   4336.   1581.    49221.
           1979    916.    762.    651.    532.    451.    479.    744.  18940.  10844.   7006.   2969.   2227.    46521.
           1980   1236.    748.    958.    853.    750.    725.   1250.  19595.  31142.   8146.   6403.   2771.    74577.
           1981   2208.   1140.    861.    760.    664.    664.   4494.  14465.   8698.   6996.   2842.   1456.    45248.
           1982   1910.   1628.   1174.   1069.    835.    885.    980.  25226.  15949.   7920.   4832.   5578.    67986.
           1983   7120.   4220.   3040.   2430.   1820.   1770.   1850.  14670.  62540.  14920.   5960.   6990.   127330.
           1984   5460.   3340.   2540.   1930.   1550.   1620.   1900.  34080.  18890.   7570.   7850.   6760.    93490.
           1985   4536.   3025.   2557.   2140.   1646.   1706.   8204.  26420.   9548.   9828.   7089.   5762.    82461.
           1986   3560.   2830.   2360.   1700.   1210.   1500.   5960.  45420.  29890.   7100.   6730.   4920.   113180.
           1987   5470.   4336.   2930.   2174.   1870.   1624.   5135.  26674.  10721.   6970.   6054.   4810.    78768.
           1988   2295.   1668.   1684.   1517.   1613.   1277.   2563.  17518.   7505.   4742.   3923.   2132.    48437.
           1989   1348.    566.    476.    647.    495.    342.   4184.   8446.   4697.   3172.    986.    465.    25824.
           1990    425.    332.    558.    758.    666.    950.   3350.  13724.  13952.   5982.   3425.   3166.    47288.
           1991   1386.   1123.    540.    694.   1010.   1144.   1202.  20491.  23250.   7821.   5625.   6464.    70750.
                        09266500 ASHLEY CREEK NEAR VERNAL, UT                                                            PAGE  2

           WATER
           YEAR    OCT     NOV     DEC     JAN     FEB     MAR     APR     MAY     JUN     JUL     AUG     SEP       ANN

           1992   2807.   1632.    881.    752.    481.    396.   6227.  18730.   7214.   5286.   4221.   2858.    51485.
           1993   2310.    910.    650.    470.    330.    370.    820.  39480.  17020.   6790.   4120.   2340.    75610.
           1994   1763.   1083.    887.    924.    744.    663.   3878.  20136.   7273.   4274.   3967.   2815.    48407.
           1995   2950.   2610.   1830.   1260.    920.   1180.   3040.  17590.  61430.  16620.   5140.   5460.   120030.
           1996   3860.   2547.   1910.   1321.    859.    899.   1523.  17800.  12373.   6906.   3725.   3580.    57303.
           1997   1938.   1587.   1351.   1170.    944.   1091.   1934.  29572.  15416.   6631.   4653.   6914.    73201.
           1998   5919.   3525.   2563.   1519.   1119.   1137.   2223.  31299.  29280.  11923.   6823.   4459.   101789.
           1999   2749.   2188.   1380.   1260.   1077.   1123.    998.  21537.  23092.   6847.   5457.   4017.    71725.
           2000   2374.   1446.   1285.   1152.    980.    998.   2616.  25912.   8404.   4655.   2783.   1702.    54307.
           2001   2060.   1940.   1360.   1050.    770.    840.   3070.  37810.  12130.   6920.   5590.   2110.    75650.
           2002   1176.   1140.   1002.    823.    619.    599.   1090.   4947.   3332.   1220.    810.   1438.    18196.
           2003   1851.   1736.   1420.   1285.   1156.   1194.   1613.  23161.  13355.   6321.   3707.   1722.    58521.
           2004    568.    819.    667.    628.    627.    827.   3479.  18341.   7146.   5068.   4409.   2335.    44914.
           2005   2180.   3360.   2190.   1420.   1130.   1310.   5650.  41700.  30120.   7470.   4820.   4550.   105900.
           2006   2559.   1501.   1105.   1047.    932.    891.   3435.  17587.   5689.   4270.   2751.   1583.    43350.
           2007   2231.   1751.   1121.    724.    641.    877.   4368.  18528.   6036.   2035.   3158.   2243.    43713.
           2008   3394.   1753.   1148.   1000.    877.    918.   1139.  17706.  15191.   6319.   4493.   2471.    56409.
           2009   1351.   1121.    930.    795.    631.    666.   1115.  20854.  12990.   9558.   5203.   2801.    58015.
           2010    954.    684.    463.    426.    326.    347.    987.  13101.  20987.   6446.   4558.   1562.    50841.
           2011    560.    720.    660.    460.    320.    570.   1190.  14330.  36290.  12090.   6660.   4830.    78680.

           AVE.   2933.   2070.   1584.   1313.   1063.   1114.   2748.  20447.  17198.   7392.   4906.   3692.    66461.

          Count     82      82      82      82      82      82      82      82      82      82      82      82        82
                        09306500 WHITE RIVER NEAR WATSON, UTAH                                                           PAGE  3

           WATER
           YEAR    OCT     NOV     DEC     JAN     FEB     MAR     APR     MAY     JUN     JUL     AUG     SEP       ANN

           1924  35140.  30200.  29400.  27050.  24160.  28280.  31540.  88170. 110680.  26860.  21420.  21380.   474280.
           1925  24290.  22660.  22440.  21520.  22490.  36280.  56950. 100460.  91240.  59360.  38890.  43080.   539660.
           1926  47420.  37220.  36890.  35660.  32210.  40580.  62830. 121450. 134940.  59770.  38730.  21060.   668760.
           1927  35730.  24160.  24900.  24600.  30550.  52820.  30980.  97370. 105860.  53150.  34740.  36770.   551630.
           1928  33680.  32680.  27670.  25820.  24160.  46120.  47110. 185040. 118610.  67940.  49360.  38060.   696250.
           1929  54850.  39190.  24600.  27670.  24990.  70710. 146720. 217490. 239110. 179720. 117750. 114070.  1256870.
           1930  63250.  42410.  30740.  23370.  31100.  36890.  74310.  73770. 107920.  36050.  54960.  29870.   604640.
           1931  29920.  23190.  14140.  17830.  20830.  32280.  40280.  64270.  61340.  17470.  21590.  22510.   365650.
           1932  25730.  23350.  26130.  25820.  26460.  43660.  47370. 129440. 112960.  60230.  45810.  27730.   594690.
           1933  27660.  25450.  26130.  24900.  26940.  42120.  49980.  71050. 160280.  33950.  27860.  22000.   538320.
           1934  23760.  26220.  25330.  24600.  29940.  25680.  34090.  42320.  13480.   6700.  12140.  16500.   280760.
           1935  17310.  17060.  19980.  20870.  20670.  23860.  23300.  63140. 123770.  32320.  18310.  21810.   402400.
           1936  20030.  22270.  20320.  22380.  21150.  23840.  39910. 121490.  91640.  37010.  29470.  22130.   471640.
           1937  23110.  19530.  17620.   9840.  16110.  31730.  22020.  82640.  59380.  54600.  23220.  32210.   392010.
           1938  28290.  19340.  16900.  17510.  20720.  41770.  43270. 124430. 155130.  49440.  31380.  51260.   599440.
           1939  29020.  20130.  18100.  20110.  20000.  72580.  40410.  93000.  69930.  19120.  18880.  27130.   448410.
           1940  26500.  22300.  20400.  20950.  21190.  24980.  36950. 100490.  57500.  17430.  14540.  24410.   387640.
           1941  30430.  22000.  18170.  18190.  22220.  31400.  33580. 156100. 117660.  40340.  32780.  28680.   551550.
           1942  44040.  28660.  23850.  22680.  22080.  43400. 107030. 158460. 143740.  44460.  26600.  22920.   687920.
           1943  28980.  27410.  22650.  21250.  24070.  33090.  40170.  56020.  87170.  30970.  44250.  19860.   435890.
           1944  21280.  23000.  21340.  18810.  21400.  32170.  28520.  94230. 111650.  39800.  18370.  15140.   445710.
           1945  19300.  20100.  19980.  25490.  25620.  28090.  29580. 108130. 105180.  56890.  37540.  23480.   499380.
           1946  24800.  26600.  20500.  22100.  20690.  30310.  43430.  68080.  66720.  20970.  29300.  20840.   394340.
           1947  27590.  24430.  22960.  16610.  19450.  42600.  35160. 139930. 116030.  60850.  37290.  26270.   569170.
           1948  33720.  27880.  27050.  23440.  21240.  38100.  58850. 128250.  91450.  31390.  27770.  18780.   527920.
           1949  23820.  22470.  19300.  15010.  13690.  38840.  44420. 105940. 158500.  72810.  30510.  28150.   573460.
           1950  33680.  26090.  20880.  20420.  17390.  29870.  33300.  63140. 119960.  37810.  20260.  23960.   446760.
           1951  24730.  23460.  22530.  18140.  23520.  26840.  26130.  79040. 112400.  51130.  38650.  21240.   467810.
           1952  25110.  22750.  20990.  20120.  19300.  20650.  77080. 148720. 209950.  50320.  46150.  33210.   694350.
           1953  25800.  21840.  26280.  24690.  23250.  35480.  29670.  70190. 134390.  32800.  34390.  17110.   475890.
           1954  21140.  24140.  21350.  22670.  25570.  24460.  34500.  68780.  31900.  18260.  13330.  34520.   340620.
           1955  26490.  20010.  17970.  15950.  18760.  46620.  31070.  87010.  75640.  15520.  20550.  12370.   387960.
           1956  20360.  21520.  21260.  20140.  19430.  43580.  33200.  98650.  84930.  21950.  21230.  12900.   419150.
           1957  19300.  20550.  18130.  21480.  22180.  30560.  29360.  76340. 217860. 168830.  67010.  36500.   728100.
           1958  32830.  33180.  28350.  23930.  35390.  35260.  45170. 148250. 131500.  33580.  21840.  25460.   594740.
           1959  27390.  24540.  22040.  23490.  20820.  23550.  30370.  63890.  96360.  29880.  29430.  24090.   415850.
           1960  28240.  22700.  20260.  16720.  19460.  35110.  40460.  69080.  94730.  21400.  13950.  18870.   400980.
           1961  21220.  21330.  18850.  18600.  19300.  22820.  21880.  64690.  64680.  15960.  18450.  37960.   345740.
           1962  38260.  25760.  23030.  20750.  37220.  66370.  84900. 138370. 127740.  58830.  25360.  21030.   667620.
           1963  27930.  25240.  21340.  20330.  23760.  23890.  28970.  71200.  30570.  11660.  25370.  26760.   337020.
           1964  14920.  19280.  15530.  17060.  18760.  26040.  30320.  84210.  99350.  30220.  24680.  15700.   396070.
           1965  20060.  20350.  21540.  23350.  22390.  33460.  35100.  98050. 157690.  69380.  31910.  32520.   565800.
           1966  33560.  27800.  26580.  24340.  20690.  62360.  32210.  71560.  25600.   9920.  16330.  13800.   364750.
           1967  23140.  17630.  18660.  18070.  17650.  28700.  24300.  69420. 101820.  30530.  16760.  19480.   386160.
           1968  21870.  19770.  18190.  17910.  20230.  24530.  28570.  71450. 149340.  36960.  42590.  21540.   472950.
           1969  25850.  23740.  25920.  23480.  19380.  32750.  52420. 115810.  74590.  33400.  24690.  29650.   481680.
           1970  32890.  27040.  24450.  25970.  24610.  25230.  26990. 123400. 141180.  51920.  31800.  28970.   564450.
           1971  32540.  27980.  25780.  26450.  21630.  35770.  42980.  86030. 135190.  47230.  20190.  29200.   530970.
           1972  27670.  28630.  24340.  24320.  22160.  26130.  30230.  71690. 108080.  22360.  15610.  21530.   422750.
           1973  29590.  25790.  25420.  26760.  21300.  32820.  28140. 128620. 136940.  56090.  28080.  25950.   565500.
           1974  29320.  26980.  24970.  24490.  18600.  42240.  43770. 127640.  99470.  36530.  22930.  18530.   515470.
           1975  26950.  25250.  18670.  20810.  21080.  32110.  28960.  75960. 158920.  93690.  30580.  25830.   558810.
           1976  27790.  24980.  18210.  16420.  25750.  33610.  30960.  87190.  71610.  22380.  20670.  17170.   396740.
           1977  23625.  20452.  17970.  19706.  19428.  24331.  24514.  23629.  15673.   8565.  12686.  12575.   223154.
           1978  16540.  18490.  17040.  18430.  17010.  28090.  35930.  93070. 174590.  66170.  23440.  23500.   532300.
           1979  23160.  23460.  23900.  18960.  15700.  31570.  43280. 117040. 148760.  61200.  29170.  18790.   554990.
           1986  46900.  40220.  22630.  35000.  78550.  44310.  80630. 151990. 181880.  94130.  46140.  38150.   860530.
           1987  47070.  39040.  32670.  27820.  35930.  45870.  64110. 123110.  67080.  33410.  36350.  23140.   575600.
           1988  28850.  29810.  27450.  34880.  49810.  48450.  48990. 103000.  99680.  33290.  22040.  23060.   549310.
           1989  26930.  27630.  19610.  21190.  23730.  46160.  46170.  58910.  52150.  20790.  22760.  15020.   381050.
           1990  22290.  23850.  19010.  20130.  26080.  30500.  27360.  31590.  61520.  22030.  11200.  13550.   309110.
           1991  24770.  22640.  17750.  18160.  20600.  27210.  26840.  81180.  97110.  34750.  25780.  21450.   418240.
           1992  21740.  31500.  19810.  18020.  26590.  38870.  35070.  78030.  39390.  30480.  18100.  21610.   379210.
           1993  21600.  23260.  18100.  18360.  19650.  43150.  48290. 157980. 161830.  66060.  30410.  24070.   632760.
           1994  30790.  25470.  22400.  19550.  18640.  25660.  29530.  49080.  31670.  11590.   8710.  13570.   286660.
           1995  22340.  16620.  10820.  11150.  23140.  23140.  26800.  93330. 198350. 149610.  37410.  30740.   643450.
           1996  33780.  28870.  24390.  24180.  23940.  30160.  48250. 118210. 108140.  43420.  22050.  23750.   529140.
           1997  30840.  32330.  27870.  24750.  22570.  47630.  42380. 131270. 168610.  57100.  50470.  67540.   703360.
           1998  56580.  42600.  34430.  25390.  29290.  48040.  75290. 185300. 149550.  76630.  38480.  27060.   788640.
           1999  39050.  33430.  31580.  28800.  25640.  34250.  39840.  99970. 124300.  43920.  33440.  24970.   559190.
           2000  27160.  26740.  24840.  28080.  24070.  26770.  38460.  95460.  62290.  17570.  12370.  20810.   404620.
           2001  24600.  19990.  18520.  20300.  21140.  29940.  32400.  94520.  59480.  22650.  18050.  15720.   377310.
           2002  23429.  20223.  14582.  19325.  18262.  26670.  31214.  27531.  11131.   4497.   6190.  12327.   215381.
           2003  19530.  18570.  13760.  21810.  20030.  23860.  27390.  83670. 111310.  22010.  10430.  18180.   390550.
           2004  18540.  21480.  19660.  15360.  17690.  23170.  31690.  63550.  43110.  19970.   9160.  14590.   297970.
           2005  23380.  23170.  20060.  30360.  19400.  23240.  37560.  97520. 128570.  45250.  24440.  19500.   492450.
                        09306500 WHITE RIVER NEAR WATSON, UTAH                                                           PAGE  4

           WATER
           YEAR    OCT     NOV     DEC     JAN     FEB     MAR     APR     MAY     JUN     JUL     AUG     SEP       ANN

           2006  29790.  25400.  28280.  27840.  22030.  28620.  56450. 128530.  79500.  29970.  22430.  22560.   501400.
           2007  39300.  27330.  20340.  16060.  16210.  37080.  48250.  84660.  45730.  20620.  16940.  18790.   391310.
           2008  28470.  20370.  15070.  14860.  14600.  22330.  35000. 108590. 150590.  58330.  27480.  22420.   518110.
           2009  26920.  25110.  21340.  16760.  23930.  28200.  36860. 133980. 107440.  43010.  16230.  17850.   497630.
           2010  26680.  23750.  13440.  18300.  19960.  29910.  43100.  73040. 100140.  24040.  23170.  12050.   407580.
           2011  22330.  24650.  24670.  25090.  26640.  40880.  42320. 102910. 259640. 165800.  45410.  30240.   810580.

          +AVE.  28601.  25301.  22085.  21824.  23463.  34769.  41875.  98051. 107847.  44451.  28136.  25238.   501642.


          +   AVE. GIVEN FOR YEARS OF CONCURRENT DATA WITH CORRELATED STATION
                        09266500 ASHLEY CREEK NEAR VERNAL, UT                                                            PAGE  5

           R      0.759   0.601   0.635   0.582   0.597   0.513   0.691   0.840   0.882   0.860   0.773   0.776               0.853
           A   0.63E-060.30E-080.16E-060.58E-060.33E-050.15E-040.36E-060.24E-010.11E+000.87E+010.61E+000.28E-02           0.816E-02
           B   0.22E+010.27E+010.23E+010.22E+010.19E+010.17E+010.21E+010.12E+010.10E+010.63E+000.88E+000.14E+01           0.121E+01

           WATER
           YEAR    OCT     NOV     DEC     JAN     FEB     MAR     APR     MAY     JUN     JUL     AUG     SEP       SUM       ANN

          *1915   4858.   3868.   2705.   2275.   1833.   1845.   6486.  24635.  23960.   8410.   5135.   5234.    91244.    91244.
          *1916   5062.   3437.   2747.   2368.   1956.   2660.   6780.  23137.  16740.   6978.   5276.   3586.    80727.    80727.
          *1917   5270.   3630.   2670.   2190.   1670.   1840.   2200.  25030.  47480.  14510.   7390.   5670.   119550.   119550.
          *1919   4612.   3273.   2460.   2152.   1666.   1845.   4463.  13835.   6843.   3884.   3029.   2940.    51002.    51002.
          *1920   3888.   2553.   1910.   2013.   1678.   1734.   1769.  30299.  29931.   6887.   4683.   3880.    91225.    91225.
          *1921   3470.   3320.   2770.   2340.   1830.   2090.   2700.  32850.  53980.  10550.   6640.   6380.   128920.   128920.
          *1922   4880.   3540.   2920.   2580.   2100.   2230.   2590.  33290.  50320.   9790.   6930.   5590.   126760.   126760.
          *1923   4633.   3743.   3205.   2723.   2182.   2182.   2795.  30480.  29157.  11217.   5439.   3249.   101005.   101005.
           1924   3775.   2916.   2579.   2261.   2055.   2120.   2904.  18932.   9463.   4719.   2876.   2420.    57020.    57020.
           1925   2378.   2112.   2013.   1857.   1686.   1839.   3390.  14186.  11782.   6770.   5052.   5379.    58444.    58444.
           1926   6688.   4669.   3205.   2366.   1765.   1860.   8432.  20884.   9031.   5972.   4808.   3003.    72683.    72683.
           1927   2721.   2124.   1956.   1686.   1490.   1583.   2517.  26083.  16883.   9128.   6373.  13662.    86206.    86206.
           1928   7000.   5460.   3380.   2770.   2300.   2150.   4170.  33820.  12780.   6400.   4600.   2820.    87650.    87650.
           1929   3074.   2797.   2091.   2275.   1777.   1783.   2499.  27300.  31422.   9285.   6518.   6307.    97128.    97128.
           1930   5619.   4072.   3074.   2767.   2055.   2152.   6490.  23835.  15209.   6347.   6962.   5605.    84187.    84187.
           1931   5443.   3410.   2828.   2460.   1888.   2029.   2678.   9277.   5492.   2836.   2340.   1908.    42589.    42589.
           1932   1985.   1898.   1845.   1783.   1668.   1722.   2015.  24450.  18278.   8362.   5578.   4374.    73958.    73958.
           1933   3679.   2378.   1714.   1537.   1329.   1335.   1377.   9374.  15392.   4633.   3408.   2192.    48348.    48348.
           1934   1777.   1470.   1291.   1291.   1111.   1230.   3796.   7823.   3519.   2436.   3037.   2485.    31266.    31266.
           1935   2114.   1950.   1761.   1615.   1430.   1577.   1741.  11744.  27122.   6581.   3997.   2339.    63971.    63971.
           1936   1924.   1646.   1424.   1192.   1067.   1095.   2148.  11409.   6736.   4284.   4756.   4015.    41696.    41696.
           1937   3332.   2460.   1654.   1392.   1004.   1113.   2245.  31482.  15618.   8735.   5700.   3872.    78607.    78607.
           1938   3017.   2079.   1615.   1424.   1178.   1291.   2398.  20342.  24472.   8908.   5542.   4788.    77054.    77054.
           1939   6664.   4834.   3314.   2473.   1932.   2085.   7644.  17710.   7238.   4304.   2888.   5338.    66424.    66424.
           1940   5607.   3469.   2158.   1624.   1347.   1452.   4635.  17459.   6910.   4098.   2176.   2979.    53914.    53914.
           1941   4794.   3340.   2283.   1896.   1599.   1692.   1632.  30188.  22231.   9297.   6543.   6805.    92300.    92300.
           1942   9453.   6171.   3947.   2569.   1813.   1803.   5994.  22453.  25317.   9529.   6948.   4959.   100956.   100956.
           1943   3150.   1910.   1585.   1309.   1023.   1091.   8749.  16588.  10508.   8340.   5754.   3249.    63256.    63256.
           1944   2210.   1740.   1520.   1330.   1070.   1090.   1220.  23050.  36080.  12080.   8270.   4150.    93810.    93810.
           1945   2555.   1976.   1615.   1404.   1123.   1214.   1283.  15400.  15459.   8515.   6704.   5288.    62536.    62536.
           1946   3755.   2166.   1624.   1355.   1148.   1150.   6448.   9592.   7960.   5004.   3304.   3798.    47304.    47304.
           1947   3410.   2900.   2400.   1930.   1460.   1610.   3750.  31630.  20050.  10640.   7030.   5370.    92180.    92180.
           1948   4381.   2588.   2122.   1714.   1323.   1275.   1906.  25014.  12783.   7129.   5219.   2376.    67830.    67830.
           1949   1829.   1369.   1162.   1020.    889.    958.   2491.  27199.  23766.   8844.   7206.   3689.    80422.    80422.
           1950   3191.   2444.   1779.   1656.   1261.   1390.   5641.  25131.  22471.  10179.   7367.   4877.    87387.    87387.
           1951   3289.   2021.   1771.   1577.   1150.   1148.   1170.  15953.  12097.   8186.   6478.   4733.    59573.    59573.
           1952   3890.   2280.   1890.   1780.   1470.   1430.   4160.  36260.  23220.  10380.   9920.   5820.   102500.   102500.
           1953   4338.   2680.   2112.   1767.   1386.   1404.   1825.   9519.  17244.   8160.   5391.   2265.    58091.    58091.
           1954   1857.   1714.   1724.   1571.   1140.   1125.   3862.  18760.   8134.   6968.   3913.   2620.    53388.    53388.
           1955   2406.   1803.   1507.   1285.   1035.   1065.   1254.  15941.  10451.   6190.   3933.   2660.    49530.    49530.
           1956   2114.   1700.   1545.   1353.   1164.   1202.   2091.  23522.  10540.   7309.   3759.   2045.    58344.    58344.
           1957   1400.   1490.   1260.   1100.    940.    980.    930.   6840.  32600.  10120.   7790.   5750.    71200.    71200.
           1958   3423.   2273.   1851.   1724.   1392.   1367.   2067.  26422.  11841.   7478.   4469.   2386.    66693.    66693.
           1959   1595.   1460.   1418.   1023.    895.   1041.   1057.  11014.  10538.   5585.   3531.   2452.    41609.    41609.
           1960   2104.   1501.   1077.    916.    768.    851.   3535.  13452.   9683.   5681.   2218.   1228.    43014.    43014.
           1961   1523.   1325.   1236.    936.    704.    716.    885.  15485.  13456.   6906.   4550.   5754.    53476.    53476.
           1962   6115.   4290.   3201.   2152.   1571.   1757.   9614.  28865.  23439.   9509.   6750.   4302.   101565.   101565.
           1963   2652.   1380.   1117.    774.    573.    690.    839.  15433.   7351.   5080.   2676.   2656.    41221.    41221.
           1964   2178.   1230.    996.    817.    686.    708.    676.  20850.  17367.   7561.   4504.   3312.    60885.    60885.
           1965   2450.   1240.    910.    830.    620.    670.    800.  14410.  39140.  11680.   8470.   6220.    87440.    87440.
           1966   4735.   2473.   1527.   1075.    736.    750.   3658.  23538.   8059.   6210.   3864.   2525.    59150.    59150.
           1967   1700.   1218.   1164.    932.    668.    738.   1097.  22302.  31109.  11427.   6791.   3675.    82821.    82821.
           1968   3310.   1390.    910.    790.    790.    850.    830.   8980.  44850.   8700.   7070.   4770.    83240.    83240.
           1969   3380.   1510.    950.    850.    720.    700.   1910.  33410.  13750.   8510.   6160.   4030.    75880.    75880.
           1970   2202.   1537.   1313.   1057.    797.    787.    883.  22195.  25561.   9788.   5821.   4318.    76259.    76259.
           1971   2688.   1178.   1029.    813.    641.    631.   1001.  16114.  24476.   8692.   4778.   3626.    65667.    65667.
           1972   2138.   1999.   1718.   1501.   1240.   1400.   2233.  22598.  16193.   7525.   3832.   3356.    65733.    65733.
           1973   3190.   2720.   1740.   1310.   1010.   1010.   1150.  33030.  32770.  10110.   7190.   5730.   100960.   100960.
           1974   3590.   1736.   1390.   1252.    998.   1033.   1226.  19057.   5907.   5096.   3035.    940.    45260.    45260.
           1975    960.    700.    620.    580.    450.    360.    370.   6940.  44600.  22170.   7180.   5560.    90490.    90490.
           1976   2253.   1184.    914.    738.    530.    456.    618.  22584.  13377.   7771.   3788.   1652.    55865.    55865.
           1977   1093.    882.    578.    315.    285.    305.   1319.   4411.   5986.   2412.   2398.   2797.    22781.    22781.
           1978   1430.    807.    498.    358.    255.    279.    571.  15114.  16887.   7105.   4336.   1581.    49221.    49221.
           1979    916.    762.    651.    532.    451.    479.    744.  18940.  10844.   7006.   2969.   2227.    46521.    46521.
           1980   1236.    748.    958.    853.    750.    725.   1250.  19595.  31142.   8146.   6403.   2771.    74577.    74577.
           1981   2208.   1140.    861.    760.    664.    664.   4494.  14465.   8698.   6996.   2842.   1456.    45248.    45248.
           1982   1910.   1628.   1174.   1069.    835.    885.    980.  25226.  15949.   7920.   4832.   5578.    67986.    67986.
           1983   7120.   4220.   3040.   2430.   1820.   1770.   1850.  14670.  62540.  14920.   5960.   6990.   127330.   127330.
           1984   5460.   3340.   2540.   1930.   1550.   1620.   1900.  34080.  18890.   7570.   7850.   6760.    93490.    93490.
           1985   4536.   3025.   2557.   2140.   1646.   1706.   8204.  26420.   9548.   9828.   7089.   5762.    82461.    82461.
           1986   3560.   2830.   2360.   1700.   1210.   1500.   5960.  45420.  29890.   7100.   6730.   4920.   113180.   113180.
                        09266500 ASHLEY CREEK NEAR VERNAL, UT                                                            PAGE  6

           WATER
           YEAR    OCT     NOV     DEC     JAN     FEB     MAR     APR     MAY     JUN     JUL     AUG     SEP       SUM       ANN

           1987   5470.   4336.   2930.   2174.   1870.   1624.   5135.  26674.  10721.   6970.   6054.   4810.    78768.    78768.
           1988   2295.   1668.   1684.   1517.   1613.   1277.   2563.  17518.   7505.   4742.   3923.   2132.    48437.    48437.
           1989   1348.    566.    476.    647.    495.    342.   4184.   8446.   4697.   3172.    986.    465.    25824.    25824.
           1990    425.    332.    558.    758.    666.    950.   3350.  13724.  13952.   5982.   3425.   3166.    47288.    47288.
           1991   1386.   1123.    540.    694.   1010.   1144.   1202.  20491.  23250.   7821.   5625.   6464.    70750.    70750.
           1992   2807.   1632.    881.    752.    481.    396.   6227.  18730.   7214.   5286.   4221.   2858.    51485.    51485.
           1993   2310.    910.    650.    470.    330.    370.    820.  39480.  17020.   6790.   4120.   2340.    75610.    75610.
           1994   1763.   1083.    887.    924.    744.    663.   3878.  20136.   7273.   4274.   3967.   2815.    48407.    48407.
           1995   2950.   2610.   1830.   1260.    920.   1180.   3040.  17590.  61430.  16620.   5140.   5460.   120030.   120030.
           1996   3860.   2547.   1910.   1321.    859.    899.   1523.  17800.  12373.   6906.   3725.   3580.    57303.    57303.
           1997   1938.   1587.   1351.   1170.    944.   1091.   1934.  29572.  15416.   6631.   4653.   6914.    73201.    73201.
           1998   5919.   3525.   2563.   1519.   1119.   1137.   2223.  31299.  29280.  11923.   6823.   4459.   101789.   101789.
           1999   2749.   2188.   1380.   1260.   1077.   1123.    998.  21537.  23092.   6847.   5457.   4017.    71725.    71725.
           2000   2374.   1446.   1285.   1152.    980.    998.   2616.  25912.   8404.   4655.   2783.   1702.    54307.    54307.
           2001   2060.   1940.   1360.   1050.    770.    840.   3070.  37810.  12130.   6920.   5590.   2110.    75650.    75650.
           2002   1176.   1140.   1002.    823.    619.    599.   1090.   4947.   3332.   1220.    810.   1438.    18196.    18196.
           2003   1851.   1736.   1420.   1285.   1156.   1194.   1613.  23161.  13355.   6321.   3707.   1722.    58521.    58521.
           2004    568.    819.    667.    628.    627.    827.   3479.  18341.   7146.   5068.   4409.   2335.    44914.    44914.
           2005   2180.   3360.   2190.   1420.   1130.   1310.   5650.  41700.  30120.   7470.   4820.   4550.   105900.   105900.
           2006   2559.   1501.   1105.   1047.    932.    891.   3435.  17587.   5689.   4270.   2751.   1583.    43350.    43350.
           2007   2231.   1751.   1121.    724.    641.    877.   4368.  18528.   6036.   2035.   3158.   2243.    43713.    43713.
           2008   3394.   1753.   1148.   1000.    877.    918.   1139.  17706.  15191.   6319.   4493.   2471.    56409.    56409.
           2009   1351.   1121.    930.    795.    631.    666.   1115.  20854.  12990.   9558.   5203.   2801.    58015.    58015.
           2010    954.    684.    463.    426.    326.    347.    987.  13101.  20987.   6446.   4558.   1562.    50841.    50841.
           2011    560.    720.    660.    460.    320.    570.   1190.  14330.  36290.  12090.   6660.   4830.    78680.    78680.

           AVE.   2933.   2070.   1584.   1313.   1063.   1114.   2748.  20447.  17198.   7392.   4906.   3692.    70118.    70118.


          * DATA CORRELATED WITH STATION:     09306500 WHITE RIVER NEAR WATSON, UTAH                                          
          Count      82      82      82      82      82      82      82      82      82      82      82      82                  96

           NUMBER OF YEARS   96                       Log-Log Regression  
                                                                                                                        PAGE  7

          Correlation Coefficients           10:37:59.4          05/23/2012
                      Log-Log Regression  
          1 OCT  A=0.631029459E-06, B=0.216929967E+01, R=  0.758548, R*R=  0.575394
          2 NOV  A=0.302649980E-08, B=0.268786049E+01, R=  0.601355, R*R=  0.361628
          3 DEC  A=0.160125495E-06, B=0.230090158E+01, R=  0.634794, R*R=  0.402963
          4 JAN  A=0.576357081E-06, B=0.215662905E+01, R=  0.581595, R*R=  0.338253
          5 FEB  A=0.325300062E-05, B=0.194821154E+01, R=  0.597036, R*R=  0.356452
          6 MAR  A=0.147912725E-04, B=0.173454672E+01, R=  0.513372, R*R=  0.263550
          7 APR  A=0.359416478E-06, B=0.213837280E+01, R=  0.690983, R*R=  0.477457
          8 MAY  A=0.236547691E-01, B=0.118937719E+01, R=  0.839789, R*R=  0.705245
          9 JUN  A=0.110622402E+00, B=0.103155741E+01, R=  0.882385, R*R=  0.778604
         10 JUL  A=0.868038514E+01, B=0.630436514E+00, R=  0.860370, R*R=  0.740237
         11 AUG  A=0.606085850E+00, B=0.878394659E+00, R=  0.773128, R*R=  0.597726
         12 SEP  A=0.275385480E-02, B=0.139193478E+01, R=  0.775779, R*R=  0.601832
         13 ANN  A=0.815994500E-02, B=0.121235112E+01, R=  0.852868, R*R=  0.727384


         Base Station:       O:\STREAMFL\MONTH\09306500.MON
         Correlated Station: O:\STREAMFL\MONTH\09266500.MON
         Print File Name:    O:\STREAMFL\MONTH\09266500.PRN
         Output/Save File:   
