                        09262000 BIG BRUSH CREEK NEAR VERNAL,UTAH                 Acre-Feet                              PAGE  1

           WATER
           YEAR    OCT     NOV     DEC     JAN     FEB     MAR     APR     MAY     JUN     JUL     AUG     SEP       ANN

           1939                                                   3910.  10030.   1740.    900.    810.   1010.          
           1940   1025.    756.    702.    700.    651.    728.   2237.   7115.   1212.    908.    742.    764.    17540.
           1941    800.    740.    620.    680.    630.    690.    780.  11270.  10740.   2100.   1360.   1470.    31880.
           1942   3400.   2430.   1480.   1110.    930.   1070.   3640.   9810.  11430.   2730.   1660.   1220.    40910.
           1943   1093.    976.    833.    776.    754.    895.   3477.   5191.   2727.   1265.   1055.    926.    19968.
           1944    900.    800.    800.    740.    690.    820.    930.  10460.  14410.   3520.   1760.   1370.    37200.
           1945   1238.   1097.   1021.    916.    795.    910.    956.   6063.   5627.   1589.   1164.   1113.    22489.
           1946   1127.    980.    885.    799.    680.    787.   2392.   2485.   1615.   1089.   1004.    839.    14682.
           1947    930.    950.   1000.    920.    810.    930.   2080.  13580.  11880.   4460.   2120.   1550.    41210.
           1948   1240.    938.    859.    861.    740.    807.   1146.   8335.   5332.   1948.   1613.   1279.    25098.
           1949   1040.    820.    800.    800.    710.    800.   2020.  12160.   9390.   2330.   1960.   1170.    34000.
           1950   1860.   1160.   1080.   1000.    830.    890.   3120.  10110.  11090.   2370.   1560.   1200.    36270.
           1951   1182.   1004.   1000.    825.    750.    833.   1000.   6067.   3535.   1551.   1101.    825.    19673.
           1952    940.    790.    690.    600.    580.    810.   2810.  14120.   9400.   1990.   1650.   1050.    35430.
           1953   1020.    883.    893.    877.    780.    883.   1168.   3864.   5566.   1656.   1260.    825.    19675.
           1954    863.    833.    772.    758.    674.    837.   2132.   5058.   1523.   1222.    895.    879.    16446.
           1955    845.    768.    604.    676.    611.    772.   1006.   3614.   2465.   1325.    980.    744.    14410.
           1956    736.    657.    676.    676.    688.    841.   1291.   6006.   2097.   1085.    912.    710.    16375.
           1957    730.    690.    690.    680.    610.    680.    740.   4520.  12700.   2920.   1760.   1160.    27880.
           1958   1025.    815.    734.    662.    690.    811.   1057.   9896.   4979.   1426.   1004.    748.    23847.
           1959    690.    647.    744.    674.    580.    611.    932.   4699.   3356.   1150.    964.    803.    15850.
           1960    787.    593.    591.    582.    522.    617.   1281.   2676.   2408.    968.    958.    640.    12623.
           1961    741.    681.    758.    587.    507.    590.    716.   3919.   2339.    859.    760.    806.    13263.
           1962    700.    650.    590.    520.    730.   1040.   5310.  14160.   8650.   1730.   1140.   1110.    36330.
           1963    970.    680.    655.    652.    620.    722.    904.   3285.   1991.    672.    610.    766.    12527.
           1964    692.    580.    570.    569.    594.    596.    732.   6444.   5302.   1454.   1004.    768.    19305.
           1965    760.    580.    520.    560.    690.    600.    810.   6660.  14470.   3620.   1960.   1030.    32260.
           1966   1110.   1220.    940.    840.    740.    910.   3050.  10150.   1950.   1060.   1070.    910.    23950.
           1967    860.    720.    740.    710.    640.    710.   1110.   7190.  12540.   2750.   1490.   1410.    30870.
           1968   1190.    860.    790.    800.    700.    820.   1110.   5610.  15170.   2600.   1810.   1130.    32590.
           1969   1470.    910.    800.    860.    770.    820.   1990.  11520.   3980.   2100.   1380.   1040.    27640.
           1970    860.    820.    820.    740.    740.    920.    950.   7980.  13290.   2450.   1370.   1090.    32030.
           1971   1070.    750.    740.    700.    760.    840.   1040.   5860.  12150.   2120.   1590.   1490.    29110.
           1972   1236.    900.    912.    881.    857.   1119.   1525.   6750.   3780.   1273.   1277.   1029.    21539.
           1973    890.    840.    890.    830.    710.    950.   1200.  11960.  13890.   3490.   2320.   1550.    39520.
           1974   1311.    964.    930.    900.    778.    887.   1196.   9896.   4020.   1123.    805.    659.    23469.
           1975    690.    710.    720.    650.    600.    720.    840.   4040.  14050.   8540.   2510.   1760.    35830.
           1976   1148.    893.    776.    738.    736.    843.    930.   8075.   4528.   2815.   1630.    966.    24078.
           1977    746.    730.    768.    680.    611.    706.   1006.   1976.   1898.   1529.   1781.    861.    13292.
           1978    783.    756.    740.    738.    649.    680.   1246.   5881.   6014.   2642.   1851.   1018.    22998.
           1979    772.    710.    609.    520.    534.    714.   1154.   7555.   4058.   2196.   2150.   1295.    22267.

           AVE.   1037.    857.    794.    745.    692.    805.   1632.   7464.   6812.   2086.   1385.   1048.    25408.

          Count     40      40      40      40      40      40      41      41      41      41      41      41        40
                        09299500 WHITEROCKS RIVER NEAR WHITEROCKS, UT                                                    PAGE  2

           WATER
           YEAR    OCT     NOV     DEC     JAN     FEB     MAR     APR     MAY     JUN     JUL     AUG     SEP       ANN

           1919   5060.   2965.   2152.   1845.   1666.   1968.   3219.  15745.   2364.   1466.   1543.   2557.    42550.
           1920   4019.   3342.   2460.   1537.   1726.   3025.   2247.  21784.  30902.   5484.   2763.   1785.    81074.
           1921   1537.    758.    861.    861.    833.    317.   1071.   2283.   1496.      0.  10637.   8850.    29504.
           1922   4980.   2220.      0.     70.      0.      0.      0.  33440.  81960.  18990.  12070.   7210.   160940.
           1923      0.      0.      0.      0.      0.      0.      0.  30830.  54950.  19390.   8480.   5370.   119020.
           1924   5181.   3423.      0.      0.      0.      0.      0.  10580.   7220.   4485.   3507.   2979.    37375.
           1925   2614.   2293.      0.      0.      0.     60.   2394.  19287.  15590.   8180.   2089.    333.    52840.
           1926      0.      0.    123.      0.      0.      0.   4030.   3632.    232.      0.    137.   4153.    12307.
           1927   2955.    541.      0.      0.     56.      0.      0.   8108.  23929.  13097.   8731.  21356.    78773.
           1928   4982.   4963.      0.      0.     85.      0.      0.      0.      0.   2686.   4931.   4062.    21709.
           1930   6518.   4350.   3003.   2900.   2100.   1997.   2499.  27485.  22965.  10259.  12512.   7140.   103728.
           1931   5927.   3088.   2767.   2152.   1666.   2029.   2424.   8093.   6770.   3201.   3973.   2870.    44960.
           1932   2991.   2390.   2214.   1968.   1716.   1884.   2723.  29845.  25595.  11855.   8031.   4276.    95488.
           1933   3009.   2138.   1537.   1845.   1388.   1462.   1533.   7525.  22471.   9154.   3880.   2549.    58491.
           1934   2267.   1983.   1537.   1353.   1111.   1107.   3396.   6246.   2979.   1379.   4199.   2846.    30403.
           1935   2490.   1990.   1970.   1840.   1670.   1970.   2290.   5960.  33470.   7000.   3970.   3050.    67670.
           1936   2499.   1983.   1972.   1868.   1575.   1630.   2477.  14461.   9729.   7898.   9886.   8221.    64199.
           1937   4220.   3290.   2150.   1840.   1390.   1540.   2910.  35920.  18600.  10970.   8070.   5790.    96690.
           1938   4000.   2250.   1900.   1870.   1660.   1860.   3940.  21720.  35580.  11160.   7220.   7800.   100960.
           1939   9521.   5536.   3074.   2460.   1944.   2152.   4528.  19309.   8313.   4356.   3830.   9661.    74684.
           1940   6611.   3269.   2487.   1980.   1613.   1837.   3951.  12266.   5566.   2987.   2567.   6026.    51160.
           1941   9060.   4660.   2880.   2140.   1750.   2090.   2470.  32130.  35470.  12980.   7560.   5880.   119070.
           1942   8290.   5380.   3610.   2670.   2030.   2200.   3860.  18780.  33820.  12450.   7530.   3910.   104530.
           1943   3304.   2402.   2198.   1853.   1664.   1928.   6520.  16625.  12583.   8961.   7886.   3782.    69706.
           1944   3320.   2640.   2280.   2210.   1660.   1680.   2230.  22030.  49470.  20850.   8310.   3810.   120490.
           1945   3324.   2527.   2198.   2079.   1700.   1906.   2299.  15903.  20618.  11175.   9273.   4979.    77981.
           1946   3749.   2612.   2315.   2128.   1622.   1847.   6430.  10822.   9374.   5952.   4691.   3658.    55200.
           1947   4280.   3530.   2910.   2530.   1960.   2390.   3570.  33160.  25720.  14900.  10690.   5500.   111140.
           1948   4447.   3338.   1845.   1722.   1496.   1759.   2454.  20547.  16090.   7313.   5111.   3289.    69411.
           1949   2520.   2010.   1940.   1720.   1390.   1540.   2940.  19970.  36770.  11400.   7640.   3990.    93830.
           1950   3963.   3098.   2656.   2297.   1932.   2182.   4546.  20836.  27971.  11659.   7410.   4661.    93211.
           1951   2987.   2313.   1974.   1845.   1607.   1577.   1597.  15443.  18591.   8676.  11607.   4772.    72989.
           1952   3640.   2400.   2100.   1910.   1680.   1780.   4250.  30310.  35960.  15400.  13590.   7370.   120390.
           1953   4205.   2368.   2140.   1783.   1569.   1799.   2124.   5802.  23201.   8832.   6369.   3191.    63383.
           1954   2765.   2174.   1686.   1555.   1452.   1628.   3618.  19109.   8029.   6885.   4748.   4233.    57882.
           1955   3612.   2481.   2104.   1962.   1466.   1587.   1862.  13781.  12325.   6791.   7575.   4794.    60340.
           1956   3459.   2303.   2039.   1890.   1599.   1712.   2442.  23415.  14775.   6776.   4036.   2727.    67173.
           1957   2400.   2000.   1770.   1380.   1270.   1600.   1370.   4600.  31750.  13400.  11060.   7600.    80200.
           1958   5869.   4439.   3287.   2287.   1666.   1908.   3138.  30105.  21852.   9003.   4774.   3975.    92303.
           1959   2638.   2156.   1710.   1400.   1228.   1438.   1813.   8815.  14563.   9312.   9441.   6716.    61230.
           1960   4959.   2438.   1741.   1533.   1363.   1628.   3001.  11883.  12899.   8281.   4320.   3499.    57545.
           1961   3197.   2184.   1660.   1422.   1065.   1093.   1440.  11927.  12789.   7323.   7765.  11296.    63161.
           1962   6550.   3730.   2970.   2160.   1820.   1830.   7000.  22080.  34210.  14080.   8860.   4900.   110190.
           1963   3588.   1932.   1513.   1212.   1091.   1291.   1498.  16378.  14592.   9168.   6379.   7194.    65836.
           1964   4830.   2761.   2186.   1855.   1575.   1599.   1829.  19142.  25168.  12220.   9408.   5143.    87716.
           1965   2870.   2030.   2060.   1790.   1440.   1750.   2340.   9710.  46920.  23840.  12180.   8310.   115240.
           1966   5712.   3368.   2640.   2249.   2003.   2297.   5012.  22489.  11169.   9590.   6119.   5314.    77962.
           1967   3770.   2180.   2260.   1870.   1560.   1780.   2160.  18080.  36510.  18930.  11470.   7190.   107760.
           1968   3200.   1940.   1800.   1550.   1490.   1610.   1920.   9340.  49110.  14430.  11320.   7490.   105200.
           1969   3710.   2290.   1900.   1650.   1400.   1550.   3890.  35340.  20660.  13220.  10010.   6130.   101750.
           1970   4508.   2991.   1993.   1597.   1369.   1458.   1607.  16286.  23689.  14348.  10102.   7676.    87624.
           1971   3620.   2320.   2020.   1830.   1580.   1630.   2040.  12410.  32660.  13480.   9240.   5080.    87910.
           1972   3308.   2440.   2241.   1807.   1454.   2285.   2547.  20192.  25930.  10671.   6694.   4687.    84256.
           1973   5140.   3380.   2950.   2220.   1700.   1650.   2390.  24870.  35580.  14110.  10030.   6550.   110570.
           1974   3598.   2632.   2116.   1874.   1585.   1652.   1624.  13829.   7864.   5359.   3759.   3176.    49068.
           1975   2850.   1840.   1500.   1350.   1170.   1310.   1360.   6790.  48690.  32870.   9800.   6100.   115630.
           1976   2949.   1880.   1666.   1363.   1206.   1260.   1567.  18857.  16679.   9451.   6716.   3969.    67563.
           1977   3146.   1976.   1507.   1182.    944.   1168.   2168.   4681.  11712.   5816.   6248.   4655.    45203.
           1978   2878.   1704.   1490.   1295.   1111.   1595.   2134.  10387.  26678.   9818.   6300.   3816.    69206.
           1979   2265.   1710.   1601.   1388.   1101.   1275.   2291.  18541.  13779.   8943.   6442.   3737.    63073.
           1980   2910.   1990.   1730.   1360.   1210.   1250.   2610.  12420.  41080.  12960.   7650.   4910.    92080.
           1981   4479.   2537.   2067.   1690.   1480.   1539.   4320.  16852.  14947.   7452.   7327.   4082.    68772.
           1982   4038.   2737.   2271.   1597.   1408.   1561.   2269.  18768.  27884.  14293.   8327.  10020.    95173.
           1983   9350.   4070.   3070.   2600.   1900.   2110.   2290.  11230.  70080.  28110.  10710.   5760.   151280.
           1984   7039.   3909.   2709.   1892.   2041.   2204.   2888.  25916.  17290.  11119.  14624.   9449.   101080.
           1985   5417.   2767.   1710.   1718.   1561.   1946.   6258.  21304.  12002.  10939.   8128.   9094.    82844.
           1986   3900.   3120.   2050.   1630.   1940.   2520.   4530.  29000.  43080.  11810.   9450.   5970.   119000.
           1987   5002.   3146.   2878.   2051.   1714.   1787.   3392.  22598.  21846.  11044.   8969.   4604.    89031.
           1988   3076.   2717.   1942.   1432.   1079.   1164.   2241.  10193.   8717.   5925.   4001.   3453.    45940.
           1989   2138.   1716.   1894.   1813.   1377.   1410.   3249.   6601.   6557.   4620.   3979.   3003.    38357.
           1990   2614.   1704.   1440.   1373.   1244.   1416.   2862.  11669.  21364.   8450.   5399.   4681.    64216.
           1991   2822.   1708.   1184.   1091.   1123.   1180.   1807.   9703.  23349.   8170.   9051.   8339.    69527.
           1992   3616.   1809.   1339.   1398.   1428.   1430.   2953.  12918.   9727.   7202.   4415.   4124.    52359.
           1993   2803.   1730.   1813.   1708.   1113.   1412.   2198.  20505.  17853.   9751.   9179.   5240.    75305.
           1994   3295.   2541.   2374.   1591.   1388.   1686.   2688.  13666.   9374.   8436.   5191.   4495.    56725.
           1995   6050.   3800.   2320.   2010.   1600.   2300.   2640.   8280.  59960.  35230.  10130.   7840.   142160.
                        09299500 WHITEROCKS RIVER NEAR WHITEROCKS, UT                                                    PAGE  3

           WATER
           YEAR    OCT     NOV     DEC     JAN     FEB     MAR     APR     MAY     JUN     JUL     AUG     SEP       ANN

           1996   3497.   2093.   1605.   1696.   1293.   1452.   2261.  14648.  13438.  11203.   7196.   5115.    65497.
           1997   2985.   2067.   1250.   1325.   1027.   1791.   2755.  24367.  22522.   9235.  10177.  12893.    92394.
           1998   8850.   4260.   3040.   2590.   1990.   2350.   2770.  19890.  44280.  20500.   9430.   8250.   128200.
           1999   6540.   3490.   2740.   2640.   1830.   1920.   2050.  16290.  48320.  11460.   7810.  10560.   115650.
           2000   3174.   2352.   2255.   1874.   1644.   1807.   2969.  16663.  11048.   7991.   5153.   4750.    61680.
           2001   4239.   3461.   2118.   1924.   1601.   1811.   3394.  28508.  18212.  11482.   6906.   3673.    87329.
           2002   2602.   1962.   1640.   1301.   1089.   1375.   1906.   5774.   4895.   3451.   2912.   3509.    32416.
           2003   3199.   2253.   1773.   1438.   1248.   1418.   2301.  15961.  13394.  10548.   5131.   4147.    62811.
           2004   2624.   2015.   1763.   1640.   1337.   2003.   2751.  13010.   9828.   9414.   5595.   4574.    56554.
           2005   4970.   3920.   3460.   2710.   2470.   2740.   4520.  41100.  51230.  22280.  10900.   7720.   158020.
           2006   4009.   2501.   1781.   1726.   1519.   1702.   3170.  21162.   9584.   9667.   6075.   4548.    67444.
           2007   5447.   2509.   1902.   1674.   1230.   1642.   2936.  12266.   6587.   5064.   4169.   4126.    49552.
           2008   6405.   2644.   1936.   1839.   1396.   1426.   1962.  11540.  15320.   9394.   6079.   5032.    64973.
           2009   3176.   2037.   1847.   1987.   1220.   1297.   2079.  20705.  15094.  12377.   7696.   5010.    74525.
           2010   3132.   1926.   1644.   1396.   1172.   1373.   1932.   7783.  27856.  12541.   6222.   3955.    70932.
           2011   3770.   2370.   1740.   1250.   1180.   1270.   2470.  10500.  59460.  36400.  13000.   8990.   142400.

          +AVE.   4027.   2646.   2149.   1813.   1510.   1702.   2874.  17487.  23661.  11366.   7777.   5376.    82852.


          +   AVE. GIVEN FOR YEARS OF CONCURRENT DATA WITH CORRELATED STATION
                        09262000 BIG BRUSH CREEK NEAR VERNAL,UTAH                 Acre-Feet                              PAGE  4

           R      0.609   0.749   0.670   0.689   0.782   0.749   0.943   0.886   0.952   0.926   0.702   0.356               0.932
           A   -.17E+03-.98E+020.63E+020.88E+020.16E+030.98E+02-.47E+03-.12E+03-.21E+04-.72E+03-.12E+020.26E+03          -0.630E+04
           B   0.30E+000.36E+000.34E+000.36E+000.35E+000.42E+000.73E+000.43E+000.38E+000.25E+000.18E+000.15E+00           0.383E+00

           WATER
           YEAR    OCT     NOV     DEC     JAN     FEB     MAR     APR     MAY     JUN     JUL     AUG     SEP       SUM       ANN

          *1919   1347.    972.    795.    756.    747.    916.   1885.   6709.  -1200.   -354.    265.    635.    13472.     9984.
          *1920   1034.   1108.    899.    645.    768.   1355.   1173.   9329.   9536.    636.    484.    522.    27490.    24728.
          *1921    289.    176.    356.    400.    454.    230.    313.    868.  -1527.   -715.   1899.   1558.     4299.     4991.
          *1922   1323.    703.     63.    113.    160.     98.   -471.  14385.  28745.   3965.   2157.   1317.    52559.    55294.
          *1923   -173.    -98.     63.     88.    160.     98.   -471.  13253.  18584.   4063.   1512.   1047.    38126.    39250.
          *1924   1383.   1138.     63.     88.    160.     98.   -471.   4468.    627.    390.    618.    697.     9258.     8003.
          *1925    612.    730.     63.     88.    160.    123.   1281.   8245.   3776.   1301.    363.    309.    17050.    13922.
          *1926   -173.    -98.    104.     88.    160.     98.   2478.   1454.  -2002.   -715.     12.    869.     2275.    -1591.
          *1927    715.     98.     63.     88.    180.     98.   -471.   3396.   6913.   2513.   1557.   3392.    18539.    23847.
          *1928   1324.   1693.     63.     88.    190.     98.   -471.   -122.  -2090.    -53.    874.    856.     2449.     2007.
          *1930   1785.   1472.   1084.   1138.    900.    928.   1358.  11802.   6550.   1813.   2236.   1307.    32373.    33398.
          *1931   1607.   1017.   1004.    867.    747.    941.   1303.   3389.    457.     74.    702.    681.    12789.    10906.
          *1932    725.    765.    816.    801.    764.    881.   1522.  12826.   7540.   2206.   1431.    887.    31163.    30244.
          *1933    731.    674.    585.    756.    649.    705.    651.   3143.   6364.   1541.    685.    634.    17118.    16085.
          *1934    508.    618.    585.    578.    551.    558.   2014.   2588.   -969.   -375.    742.    677.     8076.     5335.
          *1935    575.    620.    733.    754.    748.    916.   1205.   2464.  10502.   1010.    701.    707.    20936.    19598.
          *1936    578.    618.    733.    764.    715.    775.   1342.   6152.   1570.   1231.   1764.   1466.    17709.    18269.
          *1937   1095.   1090.    794.    754.    650.    738.   1659.  15461.   4908.   1988.   1438.   1109.    31683.    30704.
          *1938   1029.    714.    709.    765.    745.    871.   2413.   9301.  11296.   2035.   1285.   1404.    32566.    32338.
          *1939   2687.   1900.   1108.    979.    845.    992.   3910.  10030.   1740.    900.    810.   1010.    26911.    22282.
           1940   1025.    756.    702.    700.    651.    728.   2237.   7115.   1212.    908.    742.    764.    17540.    17540.
           1941    800.    740.    620.    680.    630.    690.    780.  11270.  10740.   2100.   1360.   1470.    31880.    31880.
           1942   3400.   2430.   1480.   1110.    930.   1070.   3640.   9810.  11430.   2730.   1660.   1220.    40910.    40910.
           1943   1093.    976.    833.    776.    754.    895.   3477.   5191.   2727.   1265.   1055.    926.    19968.    19968.
           1944    900.    800.    800.    740.    690.    820.    930.  10460.  14410.   3520.   1760.   1370.    37200.    37200.
           1945   1238.   1097.   1021.    916.    795.    910.    956.   6063.   5627.   1589.   1164.   1113.    22489.    22489.
           1946   1127.    980.    885.    799.    680.    787.   2392.   2485.   1615.   1089.   1004.    839.    14682.    14682.
           1947    930.    950.   1000.    920.    810.    930.   2080.  13580.  11880.   4460.   2120.   1550.    41210.    41210.
           1948   1240.    938.    859.    861.    740.    807.   1146.   8335.   5332.   1948.   1613.   1279.    25098.    25098.
           1949   1040.    820.    800.    800.    710.    800.   2020.  12160.   9390.   2330.   1960.   1170.    34000.    34000.
           1950   1860.   1160.   1080.   1000.    830.    890.   3120.  10110.  11090.   2370.   1560.   1200.    36270.    36270.
           1951   1182.   1004.   1000.    825.    750.    833.   1000.   6067.   3535.   1551.   1101.    825.    19673.    19673.
           1952    940.    790.    690.    600.    580.    810.   2810.  14120.   9400.   1990.   1650.   1050.    35430.    35430.
           1953   1020.    883.    893.    877.    780.    883.   1168.   3864.   5566.   1656.   1260.    825.    19675.    19675.
           1954    863.    833.    772.    758.    674.    837.   2132.   5058.   1523.   1222.    895.    879.    16446.    16446.
           1955    845.    768.    604.    676.    611.    772.   1006.   3614.   2465.   1325.    980.    744.    14410.    14410.
           1956    736.    657.    676.    676.    688.    841.   1291.   6006.   2097.   1085.    912.    710.    16375.    16375.
           1957    730.    690.    690.    680.    610.    680.    740.   4520.  12700.   2920.   1760.   1160.    27880.    27880.
           1958   1025.    815.    734.    662.    690.    811.   1057.   9896.   4979.   1426.   1004.    748.    23847.    23847.
           1959    690.    647.    744.    674.    580.    611.    932.   4699.   3356.   1150.    964.    803.    15850.    15850.
           1960    787.    593.    591.    582.    522.    617.   1281.   2676.   2408.    968.    958.    640.    12623.    12623.
           1961    741.    681.    758.    587.    507.    590.    716.   3919.   2339.    859.    760.    806.    13263.    13263.
           1962    700.    650.    590.    520.    730.   1040.   5310.  14160.   8650.   1730.   1140.   1110.    36330.    36330.
           1963    970.    680.    655.    652.    620.    722.    904.   3285.   1991.    672.    610.    766.    12527.    12527.
           1964    692.    580.    570.    569.    594.    596.    732.   6444.   5302.   1454.   1004.    768.    19305.    19305.
           1965    760.    580.    520.    560.    690.    600.    810.   6660.  14470.   3620.   1960.   1030.    32260.    32260.
           1966   1110.   1220.    940.    840.    740.    910.   3050.  10150.   1950.   1060.   1070.    910.    23950.    23950.
           1967    860.    720.    740.    710.    640.    710.   1110.   7190.  12540.   2750.   1490.   1410.    30870.    30870.
           1968   1190.    860.    790.    800.    700.    820.   1110.   5610.  15170.   2600.   1810.   1130.    32590.    32590.
           1969   1470.    910.    800.    860.    770.    820.   1990.  11520.   3980.   2100.   1380.   1040.    27640.    27640.
           1970    860.    820.    820.    740.    740.    920.    950.   7980.  13290.   2450.   1370.   1090.    32030.    32030.
           1971   1070.    750.    740.    700.    760.    840.   1040.   5860.  12150.   2120.   1590.   1490.    29110.    29110.
           1972   1236.    900.    912.    881.    857.   1119.   1525.   6750.   3780.   1273.   1277.   1029.    21539.    21539.
           1973    890.    840.    890.    830.    710.    950.   1200.  11960.  13890.   3490.   2320.   1550.    39520.    39520.
           1974   1311.    964.    930.    900.    778.    887.   1196.   9896.   4020.   1123.    805.    659.    23469.    23469.
           1975    690.    710.    720.    650.    600.    720.    840.   4040.  14050.   8540.   2510.   1760.    35830.    35830.
           1976   1148.    893.    776.    738.    736.    843.    930.   8075.   4528.   2815.   1630.    966.    24078.    24078.
           1977    746.    730.    768.    680.    611.    706.   1006.   1976.   1898.   1529.   1781.    861.    13292.    13292.
           1978    783.    756.    740.    738.    649.    680.   1246.   5881.   6014.   2642.   1851.   1018.    22998.    22998.
           1979    772.    710.    609.    520.    534.    714.   1154.   7555.   4058.   2196.   2150.   1295.    22267.    22267.
          *1980    701.    620.    651.    580.    586.    617.   1439.   5266.  13365.   2479.   1363.    980.    28649.    28940.
          *1981   1172.    818.    766.    700.    681.    737.   2691.   7189.   3534.   1121.   1304.    859.    21572.    20019.
          *1982   1040.    890.    835.    666.    656.    746.   1190.   8020.   8401.   2807.   1484.   1729.    28465.    30124.
          *1983   2636.   1371.   1107.   1030.    829.    975.   1205.   4750.  24276.   6212.   1913.   1105.    47407.    51597.
          *1984   1942.   1313.    984.    773.    879.   1014.   1643.  11121.   4415.   2025.   2616.   1646.    30370.    32384.
          *1985   1454.    901.    644.    710.    710.    906.   4109.   9120.   2426.   1981.   1448.   1594.    26004.    25405.
          *1986    999.   1028.    760.    678.    843.   1145.   2844.  12459.  14118.   2195.   1686.   1135.    39891.    39243.
          *1987   1330.   1038.   1042.    831.    764.    840.   2011.   9682.   6129.   2007.   1600.    935.    28207.    27773.
          *1988    751.    883.    723.    607.    540.    581.   1169.   4300.   1190.    745.    707.    766.    12962.    11281.
          *1989    469.    522.    707.    745.    645.    684.   1907.   2742.    377.    423.    703.    700.    10623.     8379.
          *1990    612.    517.    552.    585.    598.    686.   1624.   4940.   5948.   1367.    958.    946.    19335.    18276.
                        09262000 BIG BRUSH CREEK NEAR VERNAL,UTAH                 Acre-Feet                              PAGE  5

           WATER
           YEAR    OCT     NOV     DEC     JAN     FEB     MAR     APR     MAY     JUN     JUL     AUG     SEP       SUM       ANN

          *1991    675.    519.    465.    483.    556.    588.    851.   4087.   6695.   1298.   1614.   1483.    19315.    20308.
          *1992    913.    555.    518.    594.    663.    692.   1690.   5482.   1570.   1060.    781.    865.    15383.    13738.
          *1993    669.    527.    679.    706.    552.    685.   1138.   8774.   4627.   1688.   1637.   1028.    22710.    22520.
          *1994    817.    819.    870.    664.    649.    798.   1496.   5807.   1437.   1364.    921.    919.    16561.    15409.
          *1995   1644.   1274.    852.    816.    724.   1054.   1461.   3470.  20468.   7967.   1808.   1410.    42948.    48106.
          *1996    877.    658.    609.    702.    616.    701.   1184.   6233.   2966.   2046.   1281.   1010.    18882.    18766.
          *1997    724.    648.    488.    568.    522.    842.   1545.  10449.   6384.   1561.   1817.   2151.    27698.    29060.
          *1998   2486.   1440.   1097.   1026.    861.   1074.   1556.   8507.  14569.   4337.   1682.   1470.    40105.    42764.
          *1999   1792.   1162.    995.   1044.    805.    896.   1029.   6945.  16089.   2109.   1391.   1809.    36065.    37961.
          *2000    780.    751.    830.    767.    739.    849.   1702.   7107.   2067.   1254.    914.    956.    18716.    17305.
          *2001   1100.   1151.    783.    785.    724.    850.   2013.  12246.   4762.   2115.   1229.    799.    28556.    27122.
          *2002    609.    610.    621.    559.    544.    669.    924.   2383.   -248.    135.    511.    774.     8091.     6105.
          *2003    788.    715.    666.    609.    600.    687.   1213.   6802.   2949.   1884.    910.    868.    18691.    17738.
          *2004    615.    629.    662.    682.    631.    930.   1542.   5522.   1608.   1605.    993.    931.    16351.    15343.
          *2005   1320.   1317.   1240.   1069.   1030.   1236.   2837.  17708.  17184.   4776.   1947.   1392.    53056.    54176.
          *2006   1031.    805.    668.    713.    695.    805.   1849.   9059.   1516.   1667.   1079.    927.    20815.    19511.
          *2007   1463.    808.    710.    694.    593.    780.   1678.   5199.    388.    533.    737.    865.    14448.    12664.
          *2008   1751.    856.    721.    754.    652.    690.    965.   4884.   3674.   1600.   1080.    998.    18626.    18565.
          *2009    781.    637.    691.    808.    590.    637.   1051.   8860.   3589.   2335.   1371.    995.    22344.    22221.
          *2010    768.    597.    622.    593.    573.    668.    943.   3255.   8390.   2376.   1106.    840.    20731.    20846.
          *2011    959.    758.    655.    541.    576.    626.   1337.   4433.  20280.   8255.   2324.   1578.    42322.    48198.

           AVE.   1045.    841.    724.    690.    649.    754.   1489.   7195.   6674.   1994.   1309.   1082.    24446.    24324.


          * DATA CORRELATED WITH STATION:     09299500 WHITEROCKS RIVER NEAR WHITEROCKS, UT                                   
          Count      92      92      92      92      92      92      92      92      92      92      92      92                  92

           NUMBER OF YEARS   92                       Linear Regression   
                                                                                                                        PAGE  6

          Correlation Coefficients           13:22:33.2          05/16/2012
                      Linear Regression   
          1 OCT  A=-.173114195E+03, B=0.300417576E+00, R=  0.609145, R*R=  0.371058
          2 NOV  A=-.975795444E+02, B=0.360820420E+00, R=  0.748648, R*R=  0.560475
          3 DEC  A=0.625986908E+02, B=0.340202836E+00, R=  0.670085, R*R=  0.449014
          4 JAN  A=0.879462614E+02, B=0.362143284E+00, R=  0.688548, R*R=  0.474098
          5 FEB  A=0.160160180E+03, B=0.352173578E+00, R=  0.781731, R*R=  0.611103
          6 MAR  A=0.978126590E+02, B=0.415519958E+00, R=  0.749382, R*R=  0.561574
          7 APR  A=-.471009059E+03, B=0.731862611E+00, R=  0.942533, R*R=  0.888369
          8 MAY  A=-.121942416E+03, B=0.433825180E+00, R=  0.886128, R*R=  0.785224
          9 JUN  A=-.208976464E+04, B=0.376221757E+00, R=  0.952153, R*R=  0.906595
         10 JUL  A=-.715115725E+03, B=0.246444777E+00, R=  0.926325, R*R=  0.858079
         11 AUG  A=-.124176195E+02, B=0.179731300E+00, R=  0.701830, R*R=  0.492566
         12 SEP  A=0.259800651E+03, B=0.146669207E+00, R=  0.356112, R*R=  0.126816
         13 ANN  A=-.630098907E+04, B=0.382719427E+00, R=  0.931865, R*R=  0.868372


         Base Station:       09299500.MON
         Correlated Station: 09262000.MON
         Print File Name:    O:\STREAMFL\MONTH\09262000.PRN
         Output/Save File:   
