                        09271000 ASHLEY C, SIGN OF THE MAINE, NR VERNAL, UTAH                                            PAGE  1

           WATER
           YEAR    OCT     NOV     DEC     JAN     FEB     MAR     APR     MAY     JUN     JUL     AUG     SEP       ANN

           1939      0.      0.      0.      0.      0.      0.      0.      0.   1234.   3187.   1989.   5825.    12235.
           1940   5425.   3443.   2370.   1809.   1404.   1462.   4280.  21148.   6123.   3715.   1712.   2362.    55253.
           1941   4470.   3300.   2420.   2030.   1590.   1640.   1650.  45170.  40340.  11930.   6690.   7050.   128280.
           1942  11290.   6920.   4370.   2910.   2090.   2180.   6060.  29870.  41060.  10520.   5880.   4610.   127760.
           1943   3247.   2366.   2128.   1807.   1466.   1634.   9283.  24744.  16731.   8648.   5609.   3219.    80882.
           1944   2360.   2020.   1780.   1520.   1250.   1410.   1790.  33700.  65400.  18600.   8270.   4210.   142310.
           1945   2836.   2158.   1837.   1688.   1476.   1583.   1551.  19204.  24085.  10899.   7244.   5248.    79809.
           1946   3771.   2483.   2021.   1676.   1424.   1428.   6825.  10625.   7898.   4437.   3221.   3235.    49044.
           1947   3210.   3240.   2850.   2360.   1740.   2090.   3430.  52120.  34930.  14800.   7760.   5510.   134040.
           1948   4330.   2610.   2260.   1870.   1550.   1570.   2000.  32510.  17860.   6940.   5270.   2330.    81100.
           1949   2020.   1690.   1550.   1420.   1180.   1330.   2490.  30500.  41070.  10840.   6980.   3480.   104550.
           1950   3590.   2780.   2200.   1980.   1730.   1960.   4480.  36010.  37710.  13690.   7800.   4330.   118260.
           1951   3227.   2225.   2029.   1791.   1384.   1515.   1337.  21705.  22350.   7470.   6452.   4342.    75827.
           1952   3630.   2250.   1900.   1790.   1530.   1550.   4100.  46570.  38240.  11460.  13050.   6130.   132200.
           1953   4423.   2922.   2301.   2188.   1779.   1952.   2144.   8820.  22600.   8370.   5298.   2331.    65128.
           1954   1819.   1997.   2023.   1833.   1349.   1365.   3231.  23252.   8717.   6813.   3731.   2481.    58611.
           1955   2565.   2116.   1769.   1597.   1260.   1365.   1547.  17460.  11141.   5155.   3977.   2469.    52421.
           1956   2400.   1740.   1780.   1620.   1350.   1370.   2170.  31630.  14400.   6260.   3260.   1720.    69700.
           1957   1470.   1460.   1380.   1390.   1300.   1210.   1060.   6440.  51010.  13250.   7560.   5420.    92950.
           1958   3340.   2860.   2370.   1950.   1600.   1590.   2110.  37910.  22990.   8260.   4530.   2710.    92220.
           1959   2071.   1734.   1638.   1269.   1202.   1168.   1081.  10147.  10663.   5762.   3669.   2406.    42810.
           1960   2229.   1801.   1273.   1057.    928.   1077.   3598.  14811.  11625.   5314.   1910.   1055.    46678.
           1961   1494.   1339.   1125.    988.    855.    829.    946.  16288.  17685.   6609.   4550.   5627.    58335.
           1962   6540.   4460.   2780.   1950.   1650.   1950.  10370.  38940.  40110.  12780.   6800.   4170.   132500.
           1963   2896.   1412.   1148.    966.    795.    871.    776.  19855.   8705.   5157.   2569.   2908.    48058.
           1964   2795.   1686.   1424.   1345.   1190.   1142.   1004.  28399.  23544.   8876.   4913.   3291.    79609.
           1965   2430.   1700.   1510.   1350.   1090.   1210.   1420.  18400.  73500.  19540.  10510.   7260.   139920.

           AVE.   3329.   2397.   1935.   1635.   1339.   1424.   2990.  25045.  26360.   9233.   5600.   3916.    85203.

          Count     27      27      27      27      27      27      27      27      27      27      27      27        27
                        09299500 WHITEROCKS RIVER NEAR WHITEROCKS, UT                                                    PAGE  2

           WATER
           YEAR    OCT     NOV     DEC     JAN     FEB     MAR     APR     MAY     JUN     JUL     AUG     SEP       ANN

           1919   5060.   2965.   2152.   1845.   1666.   1968.   3219.  15745.   2364.   1466.   1543.   2557.    42550.
           1920   4019.   3342.   2460.   1537.   1726.   3025.   2247.  21784.  30902.   5484.   2763.   1785.    81074.
           1921   1537.    758.    861.    861.    833.    317.   1071.   2283.   1496.      0.  10637.   8850.    29504.
           1922   4980.   2220.      0.     70.      0.      0.      0.  33440.  81960.  18990.  12070.   7210.   160940.
           1923      0.      0.      0.      0.      0.      0.      0.  30830.  54950.  19390.   8480.   5370.   119020.
           1924   5181.   3423.      0.      0.      0.      0.      0.  10580.   7220.   4485.   3507.   2979.    37375.
           1925   2614.   2293.      0.      0.      0.     60.   2394.  19287.  15590.   8180.   2089.    333.    52840.
           1926      0.      0.    123.      0.      0.      0.   4030.   3632.    232.      0.    137.   4153.    12307.
           1927   2955.    541.      0.      0.     56.      0.      0.   8108.  23929.  13097.   8731.  21356.    78773.
           1928   4982.   4963.      0.      0.     85.      0.      0.      0.      0.   2686.   4931.   4062.    21709.
           1930   6518.   4350.   3003.   2900.   2100.   1997.   2499.  27485.  22965.  10259.  12512.   7140.   103728.
           1931   5927.   3088.   2767.   2152.   1666.   2029.   2424.   8093.   6770.   3201.   3973.   2870.    44960.
           1932   2991.   2390.   2214.   1968.   1716.   1884.   2723.  29845.  25595.  11855.   8031.   4276.    95488.
           1933   3009.   2138.   1537.   1845.   1388.   1462.   1533.   7525.  22471.   9154.   3880.   2549.    58491.
           1934   2267.   1983.   1537.   1353.   1111.   1107.   3396.   6246.   2979.   1379.   4199.   2846.    30403.
           1935   2490.   1990.   1970.   1840.   1670.   1970.   2290.   5960.  33470.   7000.   3970.   3050.    67670.
           1936   2499.   1983.   1972.   1868.   1575.   1630.   2477.  14461.   9729.   7898.   9886.   8221.    64199.
           1937   4220.   3290.   2150.   1840.   1390.   1540.   2910.  35920.  18600.  10970.   8070.   5790.    96690.
           1938   4000.   2250.   1900.   1870.   1660.   1860.   3940.  21720.  35580.  11160.   7220.   7800.   100960.
           1939   9521.   5536.   3074.   2460.   1944.   2152.   4528.  19309.   8313.   4356.   3830.   9661.    74684.
           1940   6611.   3269.   2487.   1980.   1613.   1837.   3951.  12266.   5566.   2987.   2567.   6026.    51160.
           1941   9060.   4660.   2880.   2140.   1750.   2090.   2470.  32130.  35470.  12980.   7560.   5880.   119070.
           1942   8290.   5380.   3610.   2670.   2030.   2200.   3860.  18780.  33820.  12450.   7530.   3910.   104530.
           1943   3304.   2402.   2198.   1853.   1664.   1928.   6520.  16625.  12583.   8961.   7886.   3782.    69706.
           1944   3320.   2640.   2280.   2210.   1660.   1680.   2230.  22030.  49470.  20850.   8310.   3810.   120490.
           1945   3324.   2527.   2198.   2079.   1700.   1906.   2299.  15903.  20618.  11175.   9273.   4979.    77981.
           1946   3749.   2612.   2315.   2128.   1622.   1847.   6430.  10822.   9374.   5952.   4691.   3658.    55200.
           1947   4280.   3530.   2910.   2530.   1960.   2390.   3570.  33160.  25720.  14900.  10690.   5500.   111140.
           1948   4447.   3338.   1845.   1722.   1496.   1759.   2454.  20547.  16090.   7313.   5111.   3289.    69411.
           1949   2520.   2010.   1940.   1720.   1390.   1540.   2940.  19970.  36770.  11400.   7640.   3990.    93830.
           1950   3963.   3098.   2656.   2297.   1932.   2182.   4546.  20836.  27971.  11659.   7410.   4661.    93211.
           1951   2987.   2313.   1974.   1845.   1607.   1577.   1597.  15443.  18591.   8676.  11607.   4772.    72989.
           1952   3640.   2400.   2100.   1910.   1680.   1780.   4250.  30310.  35960.  15400.  13590.   7370.   120390.
           1953   4205.   2368.   2140.   1783.   1569.   1799.   2124.   5802.  23201.   8832.   6369.   3191.    63383.
           1954   2765.   2174.   1686.   1555.   1452.   1628.   3618.  19109.   8029.   6885.   4748.   4233.    57882.
           1955   3612.   2481.   2104.   1962.   1466.   1587.   1862.  13781.  12325.   6791.   7575.   4794.    60340.
           1956   3459.   2303.   2039.   1890.   1599.   1712.   2442.  23415.  14775.   6776.   4036.   2727.    67173.
           1957   2400.   2000.   1770.   1380.   1270.   1600.   1370.   4600.  31750.  13400.  11060.   7600.    80200.
           1958   5869.   4439.   3287.   2287.   1666.   1908.   3138.  30105.  21852.   9003.   4774.   3975.    92303.
           1959   2638.   2156.   1710.   1400.   1228.   1438.   1813.   8815.  14563.   9312.   9441.   6716.    61230.
           1960   4959.   2438.   1741.   1533.   1363.   1628.   3001.  11883.  12899.   8281.   4320.   3499.    57545.
           1961   3197.   2184.   1660.   1422.   1065.   1093.   1440.  11927.  12789.   7323.   7765.  11296.    63161.
           1962   6550.   3730.   2970.   2160.   1820.   1830.   7000.  22080.  34210.  14080.   8860.   4900.   110190.
           1963   3588.   1932.   1513.   1212.   1091.   1291.   1498.  16378.  14592.   9168.   6379.   7194.    65836.
           1964   4830.   2761.   2186.   1855.   1575.   1599.   1829.  19142.  25168.  12220.   9408.   5143.    87716.
           1965   2870.   2030.   2060.   1790.   1440.   1750.   2340.   9710.  46920.  23840.  12180.   8310.   115240.
           1966   5712.   3368.   2640.   2249.   2003.   2297.   5012.  22489.  11169.   9590.   6119.   5314.    77962.
           1967   3770.   2180.   2260.   1870.   1560.   1780.   2160.  18080.  36510.  18930.  11470.   7190.   107760.
           1968   3200.   1940.   1800.   1550.   1490.   1610.   1920.   9340.  49110.  14430.  11320.   7490.   105200.
           1969   3710.   2290.   1900.   1650.   1400.   1550.   3890.  35340.  20660.  13220.  10010.   6130.   101750.
           1970   4508.   2991.   1993.   1597.   1369.   1458.   1607.  16286.  23689.  14348.  10102.   7676.    87624.
           1971   3620.   2320.   2020.   1830.   1580.   1630.   2040.  12410.  32660.  13480.   9240.   5080.    87910.
           1972   3308.   2440.   2241.   1807.   1454.   2285.   2547.  20192.  25930.  10671.   6694.   4687.    84256.
           1973   5140.   3380.   2950.   2220.   1700.   1650.   2390.  24870.  35580.  14110.  10030.   6550.   110570.
           1974   3598.   2632.   2116.   1874.   1585.   1652.   1624.  13829.   7864.   5359.   3759.   3176.    49068.
           1975   2850.   1840.   1500.   1350.   1170.   1310.   1360.   6790.  48690.  32870.   9800.   6100.   115630.
           1976   2949.   1880.   1666.   1363.   1206.   1260.   1567.  18857.  16679.   9451.   6716.   3969.    67563.
           1977   3146.   1976.   1507.   1182.    944.   1168.   2168.   4681.  11712.   5816.   6248.   4655.    45203.
           1978   2878.   1704.   1490.   1295.   1111.   1595.   2134.  10387.  26678.   9818.   6300.   3816.    69206.
           1979   2265.   1710.   1601.   1388.   1101.   1275.   2291.  18541.  13779.   8943.   6442.   3737.    63073.
           1980   2910.   1990.   1730.   1360.   1210.   1250.   2610.  12420.  41080.  12960.   7650.   4910.    92080.
           1981   4479.   2537.   2067.   1690.   1480.   1539.   4320.  16852.  14947.   7452.   7327.   4082.    68772.
           1982   4038.   2737.   2271.   1597.   1408.   1561.   2269.  18768.  27884.  14293.   8327.  10020.    95173.
           1983   9350.   4070.   3070.   2600.   1900.   2110.   2290.  11230.  70080.  28110.  10710.   5760.   151280.
           1984   7039.   3909.   2709.   1892.   2041.   2204.   2888.  25916.  17290.  11119.  14624.   9449.   101080.
           1985   5417.   2767.   1710.   1718.   1561.   1946.   6258.  21304.  12002.  10939.   8128.   9094.    82844.
           1986   3900.   3120.   2050.   1630.   1940.   2520.   4530.  29000.  43080.  11810.   9450.   5970.   119000.
           1987   5002.   3146.   2878.   2051.   1714.   1787.   3392.  22598.  21846.  11044.   8969.   4604.    89031.
           1988   3076.   2717.   1942.   1432.   1079.   1164.   2241.  10193.   8717.   5925.   4001.   3453.    45940.
           1989   2138.   1716.   1894.   1813.   1377.   1410.   3249.   6601.   6557.   4620.   3979.   3003.    38357.
           1990   2614.   1704.   1440.   1373.   1244.   1416.   2862.  11669.  21364.   8450.   5399.   4681.    64216.
           1991   2822.   1708.   1184.   1091.   1123.   1180.   1807.   9703.  23349.   8170.   9051.   8339.    69527.
           1992   3616.   1809.   1339.   1398.   1428.   1430.   2953.  12918.   9727.   7202.   4415.   4124.    52359.
           1993   2803.   1730.   1813.   1708.   1113.   1412.   2198.  20505.  17853.   9751.   9179.   5240.    75305.
           1994   3295.   2541.   2374.   1591.   1388.   1686.   2688.  13666.   9374.   8436.   5191.   4495.    56725.
           1995   6050.   3800.   2320.   2010.   1600.   2300.   2640.   8280.  59960.  35230.  10130.   7840.   142160.
                        09299500 WHITEROCKS RIVER NEAR WHITEROCKS, UT                                                    PAGE  3

           WATER
           YEAR    OCT     NOV     DEC     JAN     FEB     MAR     APR     MAY     JUN     JUL     AUG     SEP       ANN

           1996   3497.   2093.   1605.   1696.   1293.   1452.   2261.  14648.  13438.  11203.   7196.   5115.    65497.
           1997   2985.   2067.   1250.   1325.   1027.   1791.   2755.  24367.  22522.   9235.  10177.  12893.    92394.
           1998   8850.   4260.   3040.   2590.   1990.   2350.   2770.  19890.  44280.  20500.   9430.   8250.   128200.
           1999   6540.   3490.   2740.   2640.   1830.   1920.   2050.  16290.  48320.  11460.   7810.  10560.   115650.
           2000   3174.   2352.   2255.   1874.   1644.   1807.   2969.  16663.  11048.   7991.   5153.   4750.    61680.
           2001   4239.   3461.   2118.   1924.   1601.   1811.   3394.  28508.  18212.  11482.   6906.   3673.    87329.
           2002   2602.   1962.   1640.   1301.   1089.   1375.   1906.   5774.   4895.   3451.   2912.   3509.    32416.
           2003   3199.   2253.   1773.   1438.   1248.   1418.   2301.  15961.  13394.  10548.   5131.   4147.    62811.
           2004   2624.   2015.   1763.   1640.   1337.   2003.   2751.  13010.   9828.   9414.   5595.   4574.    56554.
           2005   4970.   3920.   3460.   2710.   2470.   2740.   4520.  41100.  51230.  22280.  10900.   7720.   158020.
           2006   4009.   2501.   1781.   1726.   1519.   1702.   3170.  21162.   9584.   9667.   6075.   4548.    67444.
           2007   5447.   2509.   1902.   1674.   1230.   1642.   2936.  12266.   6587.   5064.   4169.   4126.    49552.
           2008   6405.   2644.   1936.   1839.   1396.   1426.   1962.  11540.  15320.   9394.   6079.   5032.    64973.
           2009   3176.   2037.   1847.   1987.   1220.   1297.   2079.  20705.  15094.  12377.   7696.   5010.    74525.
           2010   3132.   1926.   1644.   1396.   1172.   1373.   1932.   7783.  27856.  12541.   6222.   3955.    70932.
           2011   3770.   2370.   1740.   1250.   1180.   1270.   2470.  10500.  59460.  36400.  13000.   8990.   142400.

          +AVE.   4443.   2915.   2272.   1918.   1580.   1768.   3153.  17958.  22570.  10554.   7578.   5365.    82074.


          +   AVE. GIVEN FOR YEARS OF CONCURRENT DATA WITH CORRELATED STATION
                        09271000 ASHLEY C, SIGN OF THE MAINE, NR VERNAL, UTAH                                            PAGE  4

           R      0.408   0.461   0.317   0.335   0.340   0.296   0.521   0.471   0.949   0.962   0.916   0.795               0.850
           A   0.68E+190.93E+210.32E+260.48E+280.67E+310.15E+320.73E-090.50E-130.49E-020.51E+000.62E-010.54E-01           0.152E-04
           B   -.42E+01-.51E+01-.66E+01-.75E+01-.87E+01-.86E+010.36E+010.42E+010.15E+010.11E+010.13E+010.13E+01           0.198E+01

           WATER
           YEAR    OCT     NOV     DEC     JAN     FEB     MAR     APR     MAY     JUN     JUL     AUG     SEP       SUM       ANN

          *1919   1929.   2199.   2767.   2180.    845.    564.   3223.  14490.    804.   1141.    734.   1492.    32367.    23145.
          *1920   5071.   1198.   1142.   8504.    622.     14.    882.  55932.  42858.   4615.   1544.    934.   123315.    83157.
          *1921 286471.2234685.1188315. 638857. 341965.********     61.      5.    396.      0.   8635.   7514.**********    11194.
          *1922   2062.   9555.      0.********      0.      0.      0. 332690. 193783.  17200.  10147.   5754.**********   324080.
          *1923      0.      0.      0.      0.      0.      0.      0. 237250. 104405.  17584.   6465.   3920.   369625.   178107.
          *1924   1746.   1061.      0.      0.      0.      0.      0.   2772.   4521.   3729.   2094.   1820.    17743.    17895.
          *1925  30840.   8108.      0.      0.      0.********   1109.  33704.  14873.   7048.   1080.    105.**********    35568.
          *1926      0.      0.********      0.      0.      0.   7245.     32.     22.      0.     33.   2805.**********     1975.
          *1927  18434.********      0.      0.********      0.      0.    916.  28855.  11604.   6710.  23662.**********    78540.
          *1928   2058.    161.      0.      0.********      0.      0.      0.      0.   2167.   3235.   2725.**********     6091.
          *1930    666.    314.    305.     75.    114.    497.   1294. 147127.  27077.   8959.  10624.   5681.   202734.   135581.
          *1931    993.   1789.    524.    692.    845.    433.   1160.    909.   4093.   2609.   2455.   1734.    18236.    25818.
          *1932  17520.   6570.   2293.   1347.    654.    822.   1763. 207270.  32022.  10442.   6031.   2914.   289649.   115049.
          *1933  17085.  11567.  25668.   2180.   4107.   7338.    222.    672.  26181.   7940.   2382.   1486.   106827.    43511.
          *1934  56068.  16948.  25668.  21996.  28235.  80973.   3909.    309.   1150.   1069.   2635.   1715.   240675.    11881.
          *1935  37818.  16648.   4966.   2224.    828.    559.    945.    255.  48491.   5976.   2453.   1877.   123038.    58102.
          *1936  37250.  16948.   4933.   1987.   1374.   2870.   1254.  10171.   7172.   6791.   7864.   6826.   105439.    52339.
          *1937   4131.   1297.   2784.   2224.   4056.   4685.   2240. 448028.  19542.   9618.   6068.   4324.   509000.   117940.
          *1938   5172.   8926.   6310.   1972.    872.    918.   6679.  55252.  53300.   9795.   5264.   6374.   160833.   128497.
           1939      0.      0.      0.      0.      0.      0.      0.      0.   1234.   3187.   1989.   5825.    12235.    12235.
           1940   5425.   3443.   2370.   1809.   1404.   1462.   4280.  21148.   6123.   3715.   1712.   2362.    55253.    55253.
           1941   4470.   3300.   2420.   2030.   1590.   1640.   1650.  45170.  40340.  11930.   6690.   7050.   128280.   128280.
           1942  11290.   6920.   4370.   2910.   2090.   2180.   6060.  29870.  41060.  10520.   5880.   4610.   127760.   127760.
           1943   3247.   2366.   2128.   1807.   1466.   1634.   9283.  24744.  16731.   8648.   5609.   3219.    80882.    80882.
           1944   2360.   2020.   1780.   1520.   1250.   1410.   1790.  33700.  65400.  18600.   8270.   4210.   142310.   142310.
           1945   2836.   2158.   1837.   1688.   1476.   1583.   1551.  19204.  24085.  10899.   7244.   5248.    79809.    79809.
           1946   3771.   2483.   2021.   1676.   1424.   1428.   6825.  10625.   7898.   4437.   3221.   3235.    49044.    49044.
           1947   3210.   3240.   2850.   2360.   1740.   2090.   3430.  52120.  34930.  14800.   7760.   5510.   134040.   134040.
           1948   4330.   2610.   2260.   1870.   1550.   1570.   2000.  32510.  17860.   6940.   5270.   2330.    81100.    81100.
           1949   2020.   1690.   1550.   1420.   1180.   1330.   2490.  30500.  41070.  10840.   6980.   3480.   104550.   104550.
           1950   3590.   2780.   2200.   1980.   1730.   1960.   4480.  36010.  37710.  13690.   7800.   4330.   118260.   118260.
           1951   3227.   2225.   2029.   1791.   1384.   1515.   1337.  21705.  22350.   7470.   6452.   4342.    75827.    75827.
           1952   3630.   2250.   1900.   1790.   1530.   1550.   4100.  46570.  38240.  11460.  13050.   6130.   132200.   132200.
           1953   4423.   2922.   2301.   2188.   1779.   1952.   2144.   8820.  22600.   8370.   5298.   2331.    65128.    65128.
           1954   1819.   1997.   2023.   1833.   1349.   1365.   3231.  23252.   8717.   6813.   3731.   2481.    58611.    58611.
           1955   2565.   2116.   1769.   1597.   1260.   1365.   1547.  17460.  11141.   5155.   3977.   2469.    52421.    52421.
           1956   2400.   1740.   1780.   1620.   1350.   1370.   2170.  31630.  14400.   6260.   3260.   1720.    69700.    69700.
           1957   1470.   1460.   1380.   1390.   1300.   1210.   1060.   6440.  51010.  13250.   7560.   5420.    92950.    92950.
           1958   3340.   2860.   2370.   1950.   1600.   1590.   2110.  37910.  22990.   8260.   4530.   2710.    92220.    92220.
           1959   2071.   1734.   1638.   1269.   1202.   1168.   1081.  10147.  10663.   5762.   3669.   2406.    42810.    42810.
           1960   2229.   1801.   1273.   1057.    928.   1077.   3598.  14811.  11625.   5314.   1910.   1055.    46678.    46678.
           1961   1494.   1339.   1125.    988.    855.    829.    946.  16288.  17685.   6609.   4550.   5627.    58335.    58335.
           1962   6540.   4460.   2780.   1950.   1650.   1950.  10370.  38940.  40110.  12780.   6800.   4170.   132500.   132500.
           1963   2896.   1412.   1148.    966.    795.    871.    776.  19855.   8705.   5157.   2569.   2908.    48058.    48058.
           1964   2795.   1686.   1424.   1345.   1190.   1142.   1004.  28399.  23544.   8876.   4913.   3291.    79609.    79609.
           1965   2430.   1700.   1510.   1350.   1090.   1210.   1420.  18400.  73500.  19540.  10510.   7260.   139920.   139920.
          *1966   1160.   1152.    716.    498.    171.    149.  15901.  63857.   8879.   8341.   4262.   3867.   108952.    76944.
          *1967   6632.  10479.   2001.   1972.   1493.   1342.    765.  25758.  55471.  17143.   9507.   5733.   138296.   146236.
          *1968  13196.  18943.   9024.   7986.   2222.   3192.    501.   1650.  87748.  12859.   9349.   6046.   172716.   139424.
          *1969   7094.   8162.   6310.   5012.   3812.   4431.   6378. 418689.  22990.  11720.   7990.   4658.   507245.   130500.
          *1970   3132.   2104.   4599.   6392.   4628.   7514.    264.  16676.  28409.  12782.   8084.   6243.   100825.    97014.
          *1971   7864.   7640.   4207.   2316.   1337.   2870.    623.   5383.  46687.  11964.   7214.   3647.   101752.    97643.
          *1972  11480.   5915.   2116.   2545.   2746.    155.   1386.  40789.  32672.   9341.   4780.   3284.   117209.    89756.
          *1973   1806.   1131.    343.    549.    709.   2583.   1102.  97061.  53300.  12557.   8010.   5078.   184229.   153898.
          *1974   8068.   4027.   3094.   1941.   1301.   2556.    274.   8445.   5160.   4503.   2288.   1978.    43634.    30708.
          *1975  21457.  24781.  30159.  22363.  18037.  18929.    144.    438.  86590.  30757.   7777.   4628.   266060.   168184.
          *1976  18592.  22218.  15057.  20822.  13873.  26486.    241.  30686.  16510.   8213.   4800.   2644.   180143.    57920.
          *1977  14173.  17255.  29244.  60217. 115736.  50963.    775.     93.   9555.   4911.   4377.   3255.   310554.    26096.
          *1978  20594.  36593.  31524.  30491.  28235.   3461.    733.   2567.  34142.   8552.   4423.   2513.   203828.    60748.
          *1979  56276.  35946.  19594.  18184.  30535.  23914.    946.  28603.  12286.   7747.   4551.   2445.   241028.    50534.
          *1980  19660.  16648.  11733.  21167.  13481.  28372.   1514.   5401.  66572.  11476.   5668.   3489.   205179.   107046.
          *1981   3218.   4853.   3613.   4192.   2356.   4712.   9307.  19223.  13934.   6386.   5364.   2743.    79901.    59995.
          *1982   4971.   3301.   1938.   6392.   3628.   4168.    914.  30088.  36558.  12730.   6316.   8832.   119839.   114298.
          *1983    147.    441.    264.    169.    271.    309.    945.   3552. 152095.  26060.   8710.   4295.   197256.   286630.
          *1984    483.    541.    603.   1807.    146.    212.   2180. 115209.  17455.   9757.  12965.   8183.   169540.   128800.
          *1985   1449.   3124.  12671.   3709.   1485.    622.  35398.  50980.   9924.   9589.   6124.   7785.   142859.    86797.
          *1986   5752.   1698.   3816.   5489.    226.     67.  11044. 183925.  71652.  10400.   7424.   4500.   305992.   178048.
          *1987   2024.   1628.    404.    990.    661.   1297.   3893.  65155.  25064.   9687.   6945.   3208.   120956.   100129.
          *1988  15576.   3427.   5460.  14410.  36368.  52495.    874.   2374.   6051.   5009.   2477.   2206.   146725.    26946.
          *1989  71698.  35313.   6443.   2483.   4400.  10031.   3333.    389.   3895.   3848.   2460.   1839.   146133.    18840.
          *1990  30840.  36593.  39514.  19718.  10604.   9670.   2110.   4166.  24213.   7295.   3632.   3278.   191635.    52367.
                        09271000 ASHLEY C, SIGN OF THE MAINE, NR VERNAL, UTAH                                            PAGE  5

           WATER
           YEAR    OCT     NOV     DEC     JAN     FEB     MAR     APR     MAY     JUN     JUL     AUG     SEP       SUM       ANN

          *1991  22364.  36161. 144327. 109406.  25726.  46659.    402.   1934.  27781.   7039.   7026.   6954.   435778.    61308.
          *1992   7901.  27013.  63938.  17236.   3211.   8883.   2362.   6360.   7169.   6159.   2809.   2780.   155822.    34929.
          *1993  23008.  33886.   8604.   3874.  27799.   9909.    815.  43484.  18342.   8490.   7153.   3797.   189161.    71829.
          *1994  11671.   4814.   1445.   6574.   4107.   2144.   1683.   8039.   6771.   7282.   3454.   3110.    61094.    40944.
          *1995    911.    624.   1683.   1151.   1199.    147.   1577.   1000. 119492.  33101.   8113.   6417.   175414.   253367.
          *1996   9092.  12885.  19273.   4083.   7589.   7786.    902.  10729.  11819.   9835.   5242.   3680.   102916.    54459.
          *1997  17669.  13730. 100795.  25707.  55782.   1273.   1839.  89151.  26273.   8015.   8161.  12265.   360659.   107772.
          *1998    185.    349.    281.    174.    181.    122.   1876.  38310.  74763.  18653.   7404.   6857.   149154.   206393.
          *1999    657.    961.    559.    151.    375.    698.    634.  16693.  85574.  10074.   5820.   9457.   131654.   168242.
          *2000  13655.   7127.   2031.   1941.    948.   1179.   2409.  18342.   8730.   6876.   3422.   3341.    70001.    48344.
          *2001   4054.   1003.   3075.   1595.   1193.   1156.   3901. 171286.  18915.  10094.   4974.   2391.   223638.    96367.
          *2002  31441.  17889.  16709.  29459.  33575.  12462.    487.    223.   2478.   2825.   1651.   2253.   151453.    13492.
          *2003  13213.   8865.   9973.  13968.  10314.   9553.    961.  15335.  11759.   9227.   3404.   2800.   109372.    50118.
          *2004  30350.  15625.  10354.   5244.   5680.    485.   1830.   6551.   7285.   8179.   3801.   3181.    98564.    40699.
          *2005   2079.    533.    119.    124.     28.     32.  10957. 784719.  93676.  20372.   8908.   6289.   927838.   312519.
          *2006   5124.   5218.   9681.   3583.   1881.   1976.   3050.  49581.   7007.   8412.   4223.   3158.   102893.    57718.
          *2007   1415.   5134.   6266.   4500.  11697.   2694.   2313.   5127.   3923.   4241.   2611.   2782.    52703.    31312.
          *2008    717.   3935.   5573.   2233.   3907.   9100.    541.   3978.  14476.   8161.   4226.   3602.    60450.    53599.
          *2009  13619.  14787.   7609.   1254.  12553.  20631.    667.  45276.  14147.  10930.   5712.   3582.   150767.    70360.
          *2010  14440.  19652.  16442.  17421.  17772.  12620.    512.    773.  36502.  11083.   4354.   2632.   154203.    63790.
          *2011   6632.   6856.  11294.  39688.  16755.  24739.   1241.   2685. 117954.  34266.  11156.   7669.   280936.   254216.

           AVE.  12964. 166567.********************************   2774.  51791.  32216.   9723.   5508.   4291.**********    90503.


          * DATA CORRELATED WITH STATION:     09299500 WHITEROCKS RIVER NEAR WHITEROCKS, UT                                   
          Count      92      92      92      92      92      92      92      92      92      92      92      92                  92

           NUMBER OF YEARS   92                       Log-Log Regression  
                                                                                                                        PAGE  6

          Correlation Coefficients           14:24:37.7          05/21/2012
                      Log-Log Regression  
          1 OCT  A=0.678604987E+19, B=-.419702070E+01, R=  0.408157, R*R=  0.166592
          2 NOV  A=0.926875333E+21, B=-.507620980E+01, R=  0.460768, R*R=  0.212307
          3 DEC  A=0.315247556E+26, B=-.661795552E+01, R=  0.316673, R*R=  0.100282
          4 JAN  A=0.479707277E+28, B=-.745333875E+01, R=  0.335427, R*R=  0.112511
          5 FEB  A=0.674553445E+31, B=-.866076993E+01, R=  0.340337, R*R=  0.115829
          6 MAR  A=0.153271828E+32, B=-.863201363E+01, R=  0.296360, R*R=  0.087829
          7 APR  A=0.732744928E-09, B=0.360443890E+01, R=  0.521244, R*R=  0.271695
          8 MAY  A=0.500118223E-13, B=0.416044634E+01, R=  0.470666, R*R=  0.221526
          9 JUN  A=0.485857438E-02, B=0.154689088E+01, R=  0.948553, R*R=  0.899754
         10 JUL  A=0.505099466E+00, B=0.105928140E+01, R=  0.962394, R*R=  0.926203
         11 AUG  A=0.622386644E-01, B=0.127698381E+01, R=  0.915699, R*R=  0.838505
         12 SEP  A=0.544548390E-01, B=0.130222822E+01, R=  0.794860, R*R=  0.631802
         13 ANN  A=0.151851409E-04, B=0.198384872E+01, R=  0.849626, R*R=  0.721865


         Base Station:       O:\STREAMFL\MONTH\09299500.MON
         Correlated Station: O:\STREAMFL\MONTH\09271000.MON
         Print File Name:    O:\STREAMFL\MONTH\09271000.PRN
         Output/Save File:   
