                        09289000 ANTELOPE CREEK NEAR MYTON, UTAH                                                         PAGE  1

           WATER
           YEAR    OCT     NOV     DEC     JAN     FEB     MAR     APR     MAY     JUN     JUL     AUG     SEP       ANN

           1918                  578.40  474.00  381.60  166.20                          162.20   13.90   28.00          
           1919   55.93  217.98  197.75  132.69   94.41  154.71                   11.90                                  
           1920    0.00  118.81   92.23   92.23   86.28   92.83            0.00    0.00    0.00          199.74          
           1921  228.10  344.50  184.50  184.50  222.10  207.50    0.00  637.70  721.60                                  

           AVE.-NaN    -NaN    -NaN    -NaN    -NaN    -NaN    -NaN    -NaN    -NaN    -NaN    -NaN    -NaN    -NaN      

          Count      0       0       0       0       0       0       0       0       0       0       0       0         0
                        09288180 STRAWBERRY RIVER NEAR DUCHESNE, UT                                                      PAGE  2

           WATER
           YEAR    OCT     NOV     DEC     JAN     FEB     MAR     APR     MAY     JUN     JUL     AUG     SEP       ANN

           1968                                                          29730.  25577.   9703.   9330.   5837.          
           1969   7020.   5460.   5390.   5990.   4940.   5180.  19320.  50880.  19930.  10920.   7980.   6560. 149570.00
           1970   7238.   6030.   5429.   3842.   4050.   4905.   6343.  21945.  13018.   6670.   5010.   5141.  89621.00
           1971   5217.   4780.   4034.   4433.   2692.   5052.  10274.  22221.  13095.   6363.   5056.   4449.  87666.00
           1972   4854.   4802.   3324.   4195.   4618.   8501.  12375.  20102.  11508.   5341.   4140.   4352.  88112.00
           1973   5630.   4950.   4230.   3940.   3700.   5900.  12350.  50850.  19850.   7060.   4400.   5310. 128170.00
           1974   5054.   4350.   4181.   4110.   3856.   6093.   5841.  17441.   6514.   4161.   3322.   2495.  67418.00
           1975   4122.   4322.   3584.   3382.   3138.   5621.   4499.  19803.  29209.   9009.   5365.   3715.  95769.00
           1976   4401.   4568.   4592.   4070.   4026.   4618.   5734.  15064.   6212.   3554.   3057.   3225.  63121.00
           1977   4143.   3719.   3076.   2509.   3084.   3665.   3421.   2715.   1960.   2269.   1837.   2009.  34407.00
           1978   2281.   3390.   2947.   3074.   3007.   4770.   9558.  24173.  13981.   3967.   2446.   2799.  76393.00
           1979   3525.   3963.   3281.   3306.   3299.   5839.  11123.  30873.  13553.   4814.   3971.   2721.  90268.00
           1980   4100.   3930.   3990.   4110.   4050.   5130.  13160.  49470.  28020.   8700.   6790.   6380. 137830.00
           1981   6099.   5691.   5691.   5669.   4820.   5347.   6881.   9062.   6335.   4368.   4126.   4776.  68865.00
           1982   5020.   4670.   4550.   4490.   4810.   6410.  12160.  47120.  23200.   9470.   7240.   7240. 136380.00
           1983   7400.   7840.  12540.   6150.   6250.  18040.  23040.  58110.  70250.  31850.  24810.  21690. 287970.00
           1984  23240.  14480.  22860.  22270.  19310.  14610.  18020.  63400.  46240.  30370.  24680.  22060. 321540.00
           1985  14039.   6218.   6726.   6655.   6627.   9148.  18377.  27352.  12694.  10001.   6466.   7301. 131604.00
           1986   7120.   6420.   6190.   8050.  10630.  10190.  21440.  41400.  24500.  10580.   8040.   8760. 163320.00
           1987   8323.   7325.   6597.   6357.   6006.   7390.  10086.  10659.   8368.   7952.   7390.   5704.  92157.00
           1988   6129.   6494.   5623.   5970.   5482.   5952.   7384.  10274.   6329.   4909.   4352.   4657.  73555.00
           1989   4796.   4925.   4578.   4449.   4128.   5492.   5972.   6002.   5310.   4875.   5635.   5972.  62134.00
           1990   4685.   4223.   4171.   4215.   3786.   5457.   5818.   6230.   4721.   5494.   6069.   5653.  60522.00
           1991   6145.   4508.   4873.   4911.   4560.   4750.   5250.   6407.   8582.   5151.   6155.   5691.  66983.00
           1992   4461.   4381.   4407.   4352.   5060.   5088.   4871.   5260.   4415.   4618.   4358.   4552.  55823.00
           1993   4576.   4231.   3636.   3481.   3554.   7408.   8414.  23970.  12992.   6194.   5554.   5145.  89155.00
           1994   5248.   4616.   4629.   4352.   4159.   4455.   5667.   6609.   4828.   4102.   4209.   4659.  57533.00
           1995   5562.   4320.   4844.   4742.   4673.   5510.   7101.  23189.  28383.   9659.   6478.   6067. 110528.00
           1996   5748.   5552.   5294.   4268.   5302.   6851.   9675.  21431.  11107.   7555.   5843.   5627.  94253.00
           1997   5670.   5440.   4180.   4750.   4630.   8430.  12640.  35610.  18620.  10680.  13270.  14390. 138310.00
           1998  11590.  10370.  10010.   8700.   8300.  10510.  12810.  33020.  36080.  21260.  16650.  18140. 197440.00
           1999  17058.  15362.  15824.  15358.  14089.  16241.  15019.  16243.  18182.   9287.   8735.   7726. 169124.00
           2000   6506.   6004.   5962.   6123.   5996.   6444.   6502.  11978.   5960.   5224.   5514.   5750.  77963.00
           2001   5510.   5381.   4746.   4251.   4564.   6454.   8872.  20216.   6932.   5778.   5655.   5131.  83490.00
           2002   4479.   4639.   4437.   3106.   3447.   5159.   5036.   4804.   4314.   4233.   4502.   5913.  54069.00
           2003   5320.   4828.   4514.   3848.   3935.   5117.   6032.   8277.   6972.   7771.   7406.   5020.  69040.00
           2004   4183.   3911.   2975.   2033.   1964.   5226.   6377.  10858.   5496.   4778.   4165.   4526.  56492.00
           2005   4830.   4740.   4900.   4710.   4720.   6830.  10710.  37640.  17080.   7650.   6820.   6770. 117400.00
           2006   5280.   4998.   5113.   4425.   4481.   5252.   8769.  23576.   9029.   6478.   5726.   5320.  88447.00
           2007   5695.   4752.   3985.   3158.   3775.   5054.   6061.   6349.   4770.   4233.   4247.   4766.  56845.00
           2008   4727.   4659.   4695.   4844.   4546.   5661.   7063.  15459.  13111.   6970.   5115.   5143.  81993.00
           2009   4731.   4459.   3297.   3140.   4241.   4649.   6591.  19018.   8882.   5885.   4927.   5044.  74864.00
           2010   4691.   4140.   4134.   4260.   4324.   4435.   5760.   8079.   8592.   4782.   5324.   4737.  63258.00
           2011   5040.   4240.   4160.   4360.   4770.  11050.  31800.  64390.  64670.  38400.  24970.  22850. 280700.00
           2012  23332.  20628.  20620.  12492.   4193.   5911.   7083.                                                  

          +AVE.-NaN    -NaN    -NaN    -NaN    -NaN    -NaN    -NaN    -NaN    -NaN    -NaN    -NaN    -NaN    -NaN      


          +   AVE. GIVEN FOR YEARS OF CONCURRENT DATA WITH CORRELATED STATION
                        09289000 ANTELOPE CREEK NEAR MYTON, UTAH                                                         PAGE  3

           WATER
           YEAR    OCT     NOV     DEC     JAN     FEB     MAR     APR     MAY     JUN     JUL     AUG     SEP       SUM       ANN

          *1918****************  578.40  474.00  381.60  166.20************************  162.20   13.90   28.00   1804.30   1804.30
          *1919   55.93  217.98  197.75  132.69   94.41  154.71-9999.99-9999.99   11.90-9999.99-9999.99-9999.99    865.37    865.37
          *1920    0.00  118.81   92.23   92.23   86.28   92.83-9999.99    0.00    0.00    0.00-9999.99  199.74    682.12    682.12
          *1921  228.10  344.50  184.50  184.50  222.10  207.50    0.00  637.70  721.60************************   2730.50   2730.50
          *1968    0.00    0.00    0.00    0.00    0.00    0.00    0.00    0.00    0.00    0.00    0.00    0.00      0.00      0.00
          *1969    0.00    0.00    0.00    0.00    0.00    0.00    0.00    0.00    0.00    0.00    0.00    0.00      0.00      0.00
          *1970    0.00    0.00    0.00    0.00    0.00    0.00    0.00    0.00    0.00    0.00    0.00    0.00      0.00      0.00
          *1971    0.00    0.00    0.00    0.00    0.00    0.00    0.00    0.00    0.00    0.00    0.00    0.00      0.00      0.00
          *1972    0.00    0.00    0.00    0.00    0.00    0.00    0.00    0.00    0.00    0.00    0.00    0.00      0.00      0.00
          *1973    0.00    0.00    0.00    0.00    0.00    0.00    0.00    0.00    0.00    0.00    0.00    0.00      0.00      0.00
          *1974    0.00    0.00    0.00    0.00    0.00    0.00    0.00    0.00    0.00    0.00    0.00    0.00      0.00      0.00
          *1975    0.00    0.00    0.00    0.00    0.00    0.00    0.00    0.00    0.00    0.00    0.00    0.00      0.00      0.00
          *1976    0.00    0.00    0.00    0.00    0.00    0.00    0.00    0.00    0.00    0.00    0.00    0.00      0.00      0.00
          *1977    0.00    0.00    0.00    0.00    0.00    0.00    0.00    0.00    0.00    0.00    0.00    0.00      0.00      0.00
          *1978    0.00    0.00    0.00    0.00    0.00    0.00    0.00    0.00    0.00    0.00    0.00    0.00      0.00      0.00
          *1979    0.00    0.00    0.00    0.00    0.00    0.00    0.00    0.00    0.00    0.00    0.00    0.00      0.00      0.00
          *1980    0.00    0.00    0.00    0.00    0.00    0.00    0.00    0.00    0.00    0.00    0.00    0.00      0.00      0.00
          *1981    0.00    0.00    0.00    0.00    0.00    0.00    0.00    0.00    0.00    0.00    0.00    0.00      0.00      0.00
          *1982    0.00    0.00    0.00    0.00    0.00    0.00    0.00    0.00    0.00    0.00    0.00    0.00      0.00      0.00
          *1983    0.00    0.00    0.00    0.00    0.00    0.00    0.00    0.00    0.00    0.00    0.00    0.00      0.00      0.00
          *1984    0.00    0.00    0.00    0.00    0.00    0.00    0.00    0.00    0.00    0.00    0.00    0.00      0.00      0.00
          *1985    0.00    0.00    0.00    0.00    0.00    0.00    0.00    0.00    0.00    0.00    0.00    0.00      0.00      0.00
          *1986    0.00    0.00    0.00    0.00    0.00    0.00    0.00    0.00    0.00    0.00    0.00    0.00      0.00      0.00
          *1987    0.00    0.00    0.00    0.00    0.00    0.00    0.00    0.00    0.00    0.00    0.00    0.00      0.00      0.00
          *1988    0.00    0.00    0.00    0.00    0.00    0.00    0.00    0.00    0.00    0.00    0.00    0.00      0.00      0.00
          *1989    0.00    0.00    0.00    0.00    0.00    0.00    0.00    0.00    0.00    0.00    0.00    0.00      0.00      0.00
          *1990    0.00    0.00    0.00    0.00    0.00    0.00    0.00    0.00    0.00    0.00    0.00    0.00      0.00      0.00
          *1991    0.00    0.00    0.00    0.00    0.00    0.00    0.00    0.00    0.00    0.00    0.00    0.00      0.00      0.00
          *1992    0.00    0.00    0.00    0.00    0.00    0.00    0.00    0.00    0.00    0.00    0.00    0.00      0.00      0.00
          *1993    0.00    0.00    0.00    0.00    0.00    0.00    0.00    0.00    0.00    0.00    0.00    0.00      0.00      0.00
          *1994    0.00    0.00    0.00    0.00    0.00    0.00    0.00    0.00    0.00    0.00    0.00    0.00      0.00      0.00
          *1995    0.00    0.00    0.00    0.00    0.00    0.00    0.00    0.00    0.00    0.00    0.00    0.00      0.00      0.00
          *1996    0.00    0.00    0.00    0.00    0.00    0.00    0.00    0.00    0.00    0.00    0.00    0.00      0.00      0.00
          *1997    0.00    0.00    0.00    0.00    0.00    0.00    0.00    0.00    0.00    0.00    0.00    0.00      0.00      0.00
          *1998    0.00    0.00    0.00    0.00    0.00    0.00    0.00    0.00    0.00    0.00    0.00    0.00      0.00      0.00
          *1999    0.00    0.00    0.00    0.00    0.00    0.00    0.00    0.00    0.00    0.00    0.00    0.00      0.00      0.00
          *2000    0.00    0.00    0.00    0.00    0.00    0.00    0.00    0.00    0.00    0.00    0.00    0.00      0.00      0.00
          *2001    0.00    0.00    0.00    0.00    0.00    0.00    0.00    0.00    0.00    0.00    0.00    0.00      0.00      0.00
          *2002    0.00    0.00    0.00    0.00    0.00    0.00    0.00    0.00    0.00    0.00    0.00    0.00      0.00      0.00
          *2003    0.00    0.00    0.00    0.00    0.00    0.00    0.00    0.00    0.00    0.00    0.00    0.00      0.00      0.00
          *2004    0.00    0.00    0.00    0.00    0.00    0.00    0.00    0.00    0.00    0.00    0.00    0.00      0.00      0.00
          *2005    0.00    0.00    0.00    0.00    0.00    0.00    0.00    0.00    0.00    0.00    0.00    0.00      0.00      0.00
          *2006    0.00    0.00    0.00    0.00    0.00    0.00    0.00    0.00    0.00    0.00    0.00    0.00      0.00      0.00
          *2007    0.00    0.00    0.00    0.00    0.00    0.00    0.00    0.00    0.00    0.00    0.00    0.00      0.00      0.00
          *2008    0.00    0.00    0.00    0.00    0.00    0.00    0.00    0.00    0.00    0.00    0.00    0.00      0.00      0.00
          *2009    0.00    0.00    0.00    0.00    0.00    0.00    0.00    0.00    0.00    0.00    0.00    0.00      0.00      0.00
          *2010    0.00    0.00    0.00    0.00    0.00    0.00    0.00    0.00    0.00    0.00    0.00    0.00      0.00      0.00
          *2011    0.00    0.00    0.00    0.00    0.00    0.00    0.00    0.00    0.00    0.00    0.00    0.00      0.00      0.00
          *2012    0.00    0.00    0.00    0.00    0.00    0.00    0.00                                                            

           AVE.-2215.91-2207.08   23.40   19.63   17.43   13.81-2666.66-2485.50-2256.05-2496.31-2726.95-2494.82    141.45    124.13


          * DATA CORRELATED WITH STATION:     09288180 STRAWBERRY RIVER NEAR DUCHESNE, UT                                     
          Count      45      45      45      45      45      45      45      44      44      44      44      44                  43

           NUMBER OF YEARS   49                       Linear Regression   

          CORRELATION FOR NUMBER  1 MONTH FAILED!

          CORRELATION FOR NUMBER  2 MONTH FAILED!

          CORRELATION FOR NUMBER  3 MONTH FAILED!

          CORRELATION FOR NUMBER  4 MONTH FAILED!

          CORRELATION FOR NUMBER  5 MONTH FAILED!

          CORRELATION FOR NUMBER  6 MONTH FAILED!

          CORRELATION FOR NUMBER  7 MONTH FAILED!

          CORRELATION FOR NUMBER  8 MONTH FAILED!

          CORRELATION FOR NUMBER  9 MONTH FAILED!

          CORRELATION FOR NUMBER 10 MONTH FAILED!

          CORRELATION FOR NUMBER 11 MONTH FAILED!

          CORRELATION FOR NUMBER 12 MONTH FAILED!

          CORRELATION FOR NUMBER 13 MONTH FAILED!
                                                                                                                        PAGE  4

          Correlation Coefficients           13:10:51.5          05/15/2012
                      Linear Regression   
          1 OCT  A=0.000000000E+00, B=0.000000000E+00, R=  0.000000, R*R=  0.000000
          2 NOV  A=0.000000000E+00, B=0.000000000E+00, R=  0.000000, R*R=  0.000000
          3 DEC  A=0.000000000E+00, B=0.000000000E+00, R=  0.000000, R*R=  0.000000
          4 JAN  A=0.000000000E+00, B=0.000000000E+00, R=  0.000000, R*R=  0.000000
          5 FEB  A=0.000000000E+00, B=0.000000000E+00, R=  0.000000, R*R=  0.000000
          6 MAR  A=0.000000000E+00, B=0.000000000E+00, R=  0.000000, R*R=  0.000000
          7 APR  A=0.000000000E+00, B=0.000000000E+00, R=  0.000000, R*R=  0.000000
          8 MAY  A=0.000000000E+00, B=0.000000000E+00, R=  0.000000, R*R=  0.000000
          9 JUN  A=0.000000000E+00, B=0.000000000E+00, R=  0.000000, R*R=  0.000000
         10 JUL  A=0.000000000E+00, B=0.000000000E+00, R=  0.000000, R*R=  0.000000
         11 AUG  A=0.000000000E+00, B=0.000000000E+00, R=  0.000000, R*R=  0.000000
         12 SEP  A=0.000000000E+00, B=0.000000000E+00, R=  0.000000, R*R=  0.000000
         13 ANN  A=0.000000000E+00, B=0.000000000E+00, R=  0.000000, R*R=  0.000000


         Base Station:       O:\STREAMFL\MONTH\09288180.MON
         Correlated Station: O:\STREAMFL\MONTH\09289000.MON
         Print File Name:    O:\STREAMFL\MONTH\09289000.PRN
         Output/Save File:   
