                        09288500 STRAWBERRY RIVER AT DUCHESNE, UTAH                                                      PAGE  1

           WATER
           YEAR    OCT     NOV     DEC     JAN     FEB     MAR     APR     MAY     JUN     JUL     AUG     SEP       ANN

           1914                                                  25980.  62920.  30890.  14840.   9820.   7030.          
           1915   8515.   5566.   4701.   4735.   4610.   6857.  12464.  18740.  14501.   6282.   4213.   4953.    96137.
           1916   5300.   6130.   4410.   4060.   4890.  18780.  27530.  68380.  31000.  14670.  11180.   6070.   202400.
           1917  10560.   5400.   5440.   2770.   4720.  10770.  17920.  54490.  71620.  22070.  10820.  10100.   226680.
           1918   8997.   8033.   8396.   4324.   5276.   8144.   9279.  15233.  12561.   8114.   3901.   4758.    97016.
           1919   6401.   4673.   3055.   2826.   3888.   8009.  13059.  30444.  10467.   5084.   5978.   6353.   100237.
           1920   5640.   4990.   3910.   4610.   4600.   6080.   8710.  56940.  34750.  12150.  15250.   7630.   165260.
           1921   6970.   6460.   5380.   5530.   7620.  13050.  16460.  59120.  57720.  16670.  20410.   9910.   225300.
           1922   8150.   7210.   7760.   5190.   5510.  12390.  13520. 109840.  75980.  19470.  16080.  10080.   291180.
           1923   9080.   8890.   7380.   6150.   5000.   7230.  17750.  73340.  44130.  18330.  12420.   8550.   218250.
           1924   8715.   7595.   6389.   6149.   6327.   6809.  11254.  12680.   4784.   3433.   2709.   2626.    79470.
           1925   3699.   4197.   3362.   3687.   3610.   5732.   8112.   8707.   6881.   7555.   5030.   3336.    63908.
           1926   4861.   4312.   4020.   3689.   3888.   6155.  12766.  16451.   5754.   4522.   7438.   2291.    76147.
           1927   2860.   3320.   2750.   2150.   2120.   4440.   8340.  43930.  17390.  12560.   7120.  14690.   121670.
           1928   6820.   7900.   5770.   4300.   4030.   9240.  20230.  70280.  20160.   7560.   5500.   3190.   164980.
           1929   6770.   5510.   4650.   4610.   4170.   6720.   8240.  37810.  18970.  12080.  10310.   8280.   128120.
           1930   5635.   5191.   4612.   4304.   4998.   4586.  12246.  15525.   7220.   4360.   5595.   4149.    78421.
           1931   4346.   3594.   3074.   3074.   3332.   4268.   5050.   5578.   2666.   2120.   2559.   1408.    41069.
           1932   2245.   2959.   3689.   4304.   4602.   5617.   8719.  30936.  15489.   5401.   6000.   3340.    93301.
           1933   3306.   3392.   2926.   3382.   2777.   4136.   5066.  15398.  20380.   6139.   3513.   2711.    73126.
           1934   2245.   2880.   2959.   3074.   2892.   2844.   2104.   1012.    454.    696.   1109.    478.    22748.
           1935   1323.   2134.   2152.   2152.   1944.   3412.   4481.  12432.  11950.   2838.   3033.   1313.    49164.
           1936   2000.   2490.   3010.   3380.   3450.   3950.  13800.  34850.  14740.  11630.   7600.   5490.   106390.
           1937   3900.   4950.   5230.   4920.   4440.   6150.  13130.  51540.  21970.  12050.  10010.  10080.   148370.
           1938   5850.   5630.   5790.   4310.   5670.   6310.  18080.  32010.  14380.   6380.   4250.   8080.   116740.
           1939   5139.   4530.   5220.   3997.   3055.  10387.  11395.  12841.   5568.   2626.   2410.   3269.    70437.
           1940   3461.   3628.   4294.   3689.   3451.   4992.   6012.   7785.   2848.   1694.   1285.   5774.    48913.
           1941   3120.   3150.   3420.   2770.   3050.   4690.   7320.  39850.  20030.   8630.   6650.   3680.   106360.
           1942   6417.   7297.   6107.   5226.   4800.   6579.  20473.  24434.  12486.   6137.   3836.   3544.   107336.
           1943   4126.   4766.   4562.   4066.   5147.   5923.  22752.  22867.  13023.   5903.   6762.   3074.   102971.
           1944   4760.   4590.   4600.   3690.   4030.   6120.   9880.  39520.  21450.   8400.   4320.   3870.   115230.
           1945   5234.   5409.   4883.   5240.   5100.   5712.   6063.  20154.  11397.   6615.   8356.   3969.    88132.
           1946   4381.   4332.   3699.   3689.   4165.   6315.  16598.  17143.   6272.   4364.   4141.   3106.    78205.
           1947   4274.   4828.   4645.   4106.   5954.   7307.  12272.  29524.  10499.   4824.   5145.   4064.    97442.
           1948   4193.   4441.   4247.   3997.   3991.   6506.   7396.  16826.   6994.   3112.   1813.   1740.    65256.
           1949   3250.   3660.   3440.   3070.   3130.   7220.  22220.  46910.  21770.   9900.   5330.   4300.   134200.
           1950   6270.   5790.   4280.   3690.   3660.   6870.  20250.  37130.  22180.   9380.   5430.   5260.   130190.
           1951   5581.   5812.   5595.   5167.   5092.   5635.  10227.  25547.  14640.   6811.   7628.   3775.   101510.
           1952   5160.   4860.   4830.   4920.   4890.   6000.  33640. 132480.  49180.  18730.  16210.  11900.   292800.
           1953  10015.   7860.   6760.   6149.   5276.   7031.   8360.  11123.  11857.   5831.   6006.   3636.    89904.
           1954   4760.   5123.   4899.   4612.   4713.   5730.   8820.   9215.   4590.   3808.   3394.   4931.    64595.
           1955   4463.   4330.   3876.   3566.   3055.   3852.   8233.  19263.   7797.   3997.   6391.   3374.    72197.
           1956   3197.   3548.   4737.   4697.   5256.   7613.  11784.  26152.  10665.   4988.   3489.   2335.    88461.
           1957   3844.   4255.   5187.   5226.   4701.   5536.   6214.  26358.  27017.   8636.   6442.   4649.   108065.
           1958   5090.   6050.   6370.   5400.   5570.   6300.  10830.  45470.  15210.   5500.   3690.   4610.   120090.
           1959   3761.   3892.   3808.   3233.   3384.   4548.   4824.   4820.   2467.   1799.   1960.   1857.    40353.
           1960   3255.   3037.   2717.   2717.   2588.   3850.   5332.   8358.   2969.   1218.    745.   1267.    38053.
           1961   2620.   2951.   2680.   2460.   2499.   3392.   3957.   2644.    785.    362.   1543.   4019.    29912.
           1962   2900.   2960.   2400.   2220.   4380.   7190.  27010.  39220.  15070.   6220.   3380.   3270.   116220.
           1963   6133.   4514.   3519.   2469.   4459.   4042.   6016.  16151.   6976.   2436.   5966.   4834.    67515.
           1964   3193.   3923.   2608.   2469.   2876.   3671.   7045.  26196.  13593.   5248.   3594.   2703.    77119.
           1965   3140.   3590.   3290.   3650.   3370.   4610.  10250.  41310.  31330.  13390.   9700.   7580.   135210.
           1966   6674.   6774.   5292.   4554.   4316.   7527.  15529.  17449.   7684.   4528.   3352.   4385.    88064.
           1967   5010.   4620.   3830.   3530.   3940.   6170.   7640.  27610.  33270.  14410.   8800.   7040.   125870.
           1968   6232.   5530.   4830.   5129.   5211.   6996.   8418.  31125.  25916.   9749.   9661.   6137.   124934.

           AVE.-NaN    -NaN    -NaN    -NaN    -NaN    -NaN    -NaN      31125.  25916.   9749.   9661.   6137.-NaN      

          Count      0       0       0       0       0       0       0       1       1       1       1       1         0
                        09288180 STRAWBERRY RIVER NEAR DUCHESNE, UT                                                      PAGE  2

           WATER
           YEAR    OCT     NOV     DEC     JAN     FEB     MAR     APR     MAY     JUN     JUL     AUG     SEP       ANN

           1968                                                          29730.  25577.   9703.   9330.   5837.          
           1969   7020.   5460.   5390.   5990.   4940.   5180.  19320.  50880.  19930.  10920.   7980.   6560.   149570.
           1970   7238.   6030.   5429.   3842.   4050.   4905.   6343.  21945.  13018.   6670.   5010.   5141.    89621.
           1971   5217.   4780.   4034.   4433.   2692.   5052.  10274.  22221.  13095.   6363.   5056.   4449.    87666.
           1972   4854.   4802.   3324.   4195.   4618.   8501.  12375.  20102.  11508.   5341.   4140.   4352.    88112.
           1973   5630.   4950.   4230.   3940.   3700.   5900.  12350.  50850.  19850.   7060.   4400.   5310.   128170.
           1974   5054.   4350.   4181.   4110.   3856.   6093.   5841.  17441.   6514.   4161.   3322.   2495.    67418.
           1975   4122.   4322.   3584.   3382.   3138.   5621.   4499.  19803.  29209.   9009.   5365.   3715.    95769.
           1976   4401.   4568.   4592.   4070.   4026.   4618.   5734.  15064.   6212.   3554.   3057.   3225.    63121.
           1977   4143.   3719.   3076.   2509.   3084.   3665.   3421.   2715.   1960.   2269.   1837.   2009.    34407.
           1978   2281.   3390.   2947.   3074.   3007.   4770.   9558.  24173.  13981.   3967.   2446.   2799.    76393.
           1979   3525.   3963.   3281.   3306.   3299.   5839.  11123.  30873.  13553.   4814.   3971.   2721.    90268.
           1980   4100.   3930.   3990.   4110.   4050.   5130.  13160.  49470.  28020.   8700.   6790.   6380.   137830.
           1981   6099.   5691.   5691.   5669.   4820.   5347.   6881.   9062.   6335.   4368.   4126.   4776.    68865.
           1982   5020.   4670.   4550.   4490.   4810.   6410.  12160.  47120.  23200.   9470.   7240.   7240.   136380.
           1983   7400.   7840.  12540.   6150.   6250.  18040.  23040.  58110.  70250.  31850.  24810.  21690.   287970.
           1984  23240.  14480.  22860.  22270.  19310.  14610.  18020.  63400.  46240.  30370.  24680.  22060.   321540.
           1985  14039.   6218.   6726.   6655.   6627.   9148.  18377.  27352.  12694.  10001.   6466.   7301.   131604.
           1986   7120.   6420.   6190.   8050.  10630.  10190.  21440.  41400.  24500.  10580.   8040.   8760.   163320.
           1987   8323.   7325.   6597.   6357.   6006.   7390.  10086.  10659.   8368.   7952.   7390.   5704.    92157.
           1988   6129.   6494.   5623.   5970.   5482.   5952.   7384.  10274.   6329.   4909.   4352.   4657.    73555.
           1989   4796.   4925.   4578.   4449.   4128.   5492.   5972.   6002.   5310.   4875.   5635.   5972.    62134.
           1990   4685.   4223.   4171.   4215.   3786.   5457.   5818.   6230.   4721.   5494.   6069.   5653.    60522.
           1991   6145.   4508.   4873.   4911.   4560.   4750.   5250.   6407.   8582.   5151.   6155.   5691.    66983.
           1992   4461.   4381.   4407.   4352.   5060.   5088.   4871.   5260.   4415.   4618.   4358.   4552.    55823.
           1993   4576.   4231.   3636.   3481.   3554.   7408.   8414.  23970.  12992.   6194.   5554.   5145.    89155.
           1994   5248.   4616.   4629.   4352.   4159.   4455.   5667.   6609.   4828.   4102.   4209.   4659.    57533.
           1995   5562.   4320.   4844.   4742.   4673.   5510.   7101.  23189.  28383.   9659.   6478.   6067.   110528.
           1996   5748.   5552.   5294.   4268.   5302.   6851.   9675.  21431.  11107.   7555.   5843.   5627.    94253.
           1997   5670.   5440.   4180.   4750.   4630.   8430.  12640.  35610.  18620.  10680.  13270.  14390.   138310.
           1998  11590.  10370.  10010.   8700.   8300.  10510.  12810.  33020.  36080.  21260.  16650.  18140.   197440.
           1999  17058.  15362.  15824.  15358.  14089.  16241.  15019.  16243.  18182.   9287.   8735.   7726.   169124.
           2000   6506.   6004.   5962.   6123.   5996.   6444.   6502.  11978.   5960.   5224.   5514.   5750.    77963.
           2001   5510.   5381.   4746.   4251.   4564.   6454.   8872.  20216.   6932.   5778.   5655.   5131.    83490.
           2002   4479.   4639.   4437.   3106.   3447.   5159.   5036.   4804.   4314.   4233.   4502.   5913.    54069.
           2003   5320.   4828.   4514.   3848.   3935.   5117.   6032.   8277.   6972.   7771.   7406.   5020.    69040.
           2004   4183.   3911.   2975.   2033.   1964.   5226.   6377.  10858.   5496.   4778.   4165.   4526.    56492.
           2005   4830.   4740.   4900.   4710.   4720.   6830.  10710.  37640.  17080.   7650.   6820.   6770.   117400.
           2006   5280.   4998.   5113.   4425.   4481.   5252.   8769.  23576.   9029.   6478.   5726.   5320.    88447.
           2007   5695.   4752.   3985.   3158.   3775.   5054.   6061.   6349.   4770.   4233.   4247.   4766.    56845.
           2008   4727.   4659.   4695.   4844.   4546.   5661.   7063.  15459.  13111.   6970.   5115.   5143.    81993.
           2009   4731.   4459.   3297.   3140.   4241.   4649.   6591.  19018.   8882.   5885.   4927.   5044.    74864.
           2010   4691.   4140.   4134.   4260.   4324.   4435.   5760.   8079.   8592.   4782.   5324.   4737.    63258.
           2011   5040.   4240.   4160.   4360.   4770.  11050.  31800.  64390.  64670.  38400.  24970.  22850.   280700.
           2012  23332.  20628.  20620.  12492.   4193.   5911.   7083.                                                  

          +AVE.-NaN    -NaN    -NaN    -NaN    -NaN    -NaN    -NaN      29730.  25577.   9703.   9330.   5837.-NaN      


          +   AVE. GIVEN FOR YEARS OF CONCURRENT DATA WITH CORRELATED STATION
                        09288500 STRAWBERRY RIVER AT DUCHESNE, UTAH                                                      PAGE  3

           WATER
           YEAR    OCT     NOV     DEC     JAN     FEB     MAR     APR     MAY     JUN     JUL     AUG     SEP       SUM       ANN

          *1914************************************************  25980.  62920.  30890.  14840.   9820.   7030.   151480.   151480.
           1915   8515.   5566.   4701.   4735.   4610.   6857.  12464.  18740.  14501.   6282.   4213.   4953.    96137.    96137.
           1916   5300.   6130.   4410.   4060.   4890.  18780.  27530.  68380.  31000.  14670.  11180.   6070.   202400.   202400.
           1917  10560.   5400.   5440.   2770.   4720.  10770.  17920.  54490.  71620.  22070.  10820.  10100.   226680.   226680.
           1918   8997.   8033.   8396.   4324.   5276.   8144.   9279.  15233.  12561.   8114.   3901.   4758.    97016.    97016.
           1919   6401.   4673.   3055.   2826.   3888.   8009.  13059.  30444.  10467.   5084.   5978.   6353.   100237.   100237.
           1920   5640.   4990.   3910.   4610.   4600.   6080.   8710.  56940.  34750.  12150.  15250.   7630.   165260.   165260.
           1921   6970.   6460.   5380.   5530.   7620.  13050.  16460.  59120.  57720.  16670.  20410.   9910.   225300.   225300.
           1922   8150.   7210.   7760.   5190.   5510.  12390.  13520. 109840.  75980.  19470.  16080.  10080.   291180.   291180.
           1923   9080.   8890.   7380.   6150.   5000.   7230.  17750.  73340.  44130.  18330.  12420.   8550.   218250.   218250.
           1924   8715.   7595.   6389.   6149.   6327.   6809.  11254.  12680.   4784.   3433.   2709.   2626.    79470.    79470.
           1925   3699.   4197.   3362.   3687.   3610.   5732.   8112.   8707.   6881.   7555.   5030.   3336.    63908.    63908.
           1926   4861.   4312.   4020.   3689.   3888.   6155.  12766.  16451.   5754.   4522.   7438.   2291.    76147.    76147.
           1927   2860.   3320.   2750.   2150.   2120.   4440.   8340.  43930.  17390.  12560.   7120.  14690.   121670.   121670.
           1928   6820.   7900.   5770.   4300.   4030.   9240.  20230.  70280.  20160.   7560.   5500.   3190.   164980.   164980.
           1929   6770.   5510.   4650.   4610.   4170.   6720.   8240.  37810.  18970.  12080.  10310.   8280.   128120.   128120.
           1930   5635.   5191.   4612.   4304.   4998.   4586.  12246.  15525.   7220.   4360.   5595.   4149.    78421.    78421.
           1931   4346.   3594.   3074.   3074.   3332.   4268.   5050.   5578.   2666.   2120.   2559.   1408.    41069.    41069.
           1932   2245.   2959.   3689.   4304.   4602.   5617.   8719.  30936.  15489.   5401.   6000.   3340.    93301.    93301.
           1933   3306.   3392.   2926.   3382.   2777.   4136.   5066.  15398.  20380.   6139.   3513.   2711.    73126.    73126.
           1934   2245.   2880.   2959.   3074.   2892.   2844.   2104.   1012.    454.    696.   1109.    478.    22748.    22748.
           1935   1323.   2134.   2152.   2152.   1944.   3412.   4481.  12432.  11950.   2838.   3033.   1313.    49164.    49164.
           1936   2000.   2490.   3010.   3380.   3450.   3950.  13800.  34850.  14740.  11630.   7600.   5490.   106390.   106390.
           1937   3900.   4950.   5230.   4920.   4440.   6150.  13130.  51540.  21970.  12050.  10010.  10080.   148370.   148370.
           1938   5850.   5630.   5790.   4310.   5670.   6310.  18080.  32010.  14380.   6380.   4250.   8080.   116740.   116740.
           1939   5139.   4530.   5220.   3997.   3055.  10387.  11395.  12841.   5568.   2626.   2410.   3269.    70437.    70437.
           1940   3461.   3628.   4294.   3689.   3451.   4992.   6012.   7785.   2848.   1694.   1285.   5774.    48913.    48913.
           1941   3120.   3150.   3420.   2770.   3050.   4690.   7320.  39850.  20030.   8630.   6650.   3680.   106360.   106360.
           1942   6417.   7297.   6107.   5226.   4800.   6579.  20473.  24434.  12486.   6137.   3836.   3544.   107336.   107336.
           1943   4126.   4766.   4562.   4066.   5147.   5923.  22752.  22867.  13023.   5903.   6762.   3074.   102971.   102971.
           1944   4760.   4590.   4600.   3690.   4030.   6120.   9880.  39520.  21450.   8400.   4320.   3870.   115230.   115230.
           1945   5234.   5409.   4883.   5240.   5100.   5712.   6063.  20154.  11397.   6615.   8356.   3969.    88132.    88132.
           1946   4381.   4332.   3699.   3689.   4165.   6315.  16598.  17143.   6272.   4364.   4141.   3106.    78205.    78205.
           1947   4274.   4828.   4645.   4106.   5954.   7307.  12272.  29524.  10499.   4824.   5145.   4064.    97442.    97442.
           1948   4193.   4441.   4247.   3997.   3991.   6506.   7396.  16826.   6994.   3112.   1813.   1740.    65256.    65256.
           1949   3250.   3660.   3440.   3070.   3130.   7220.  22220.  46910.  21770.   9900.   5330.   4300.   134200.   134200.
           1950   6270.   5790.   4280.   3690.   3660.   6870.  20250.  37130.  22180.   9380.   5430.   5260.   130190.   130190.
           1951   5581.   5812.   5595.   5167.   5092.   5635.  10227.  25547.  14640.   6811.   7628.   3775.   101510.   101510.
           1952   5160.   4860.   4830.   4920.   4890.   6000.  33640. 132480.  49180.  18730.  16210.  11900.   292800.   292800.
           1953  10015.   7860.   6760.   6149.   5276.   7031.   8360.  11123.  11857.   5831.   6006.   3636.    89904.    89904.
           1954   4760.   5123.   4899.   4612.   4713.   5730.   8820.   9215.   4590.   3808.   3394.   4931.    64595.    64595.
           1955   4463.   4330.   3876.   3566.   3055.   3852.   8233.  19263.   7797.   3997.   6391.   3374.    72197.    72197.
           1956   3197.   3548.   4737.   4697.   5256.   7613.  11784.  26152.  10665.   4988.   3489.   2335.    88461.    88461.
           1957   3844.   4255.   5187.   5226.   4701.   5536.   6214.  26358.  27017.   8636.   6442.   4649.   108065.   108065.
           1958   5090.   6050.   6370.   5400.   5570.   6300.  10830.  45470.  15210.   5500.   3690.   4610.   120090.   120090.
           1959   3761.   3892.   3808.   3233.   3384.   4548.   4824.   4820.   2467.   1799.   1960.   1857.    40353.    40353.
           1960   3255.   3037.   2717.   2717.   2588.   3850.   5332.   8358.   2969.   1218.    745.   1267.    38053.    38053.
           1961   2620.   2951.   2680.   2460.   2499.   3392.   3957.   2644.    785.    362.   1543.   4019.    29912.    29912.
           1962   2900.   2960.   2400.   2220.   4380.   7190.  27010.  39220.  15070.   6220.   3380.   3270.   116220.   116220.
           1963   6133.   4514.   3519.   2469.   4459.   4042.   6016.  16151.   6976.   2436.   5966.   4834.    67515.    67515.
           1964   3193.   3923.   2608.   2469.   2876.   3671.   7045.  26196.  13593.   5248.   3594.   2703.    77119.    77119.
           1965   3140.   3590.   3290.   3650.   3370.   4610.  10250.  41310.  31330.  13390.   9700.   7580.   135210.   135210.
           1966   6674.   6774.   5292.   4554.   4316.   7527.  15529.  17449.   7684.   4528.   3352.   4385.    88064.    88064.
           1967   5010.   4620.   3830.   3530.   3940.   6170.   7640.  27610.  33270.  14410.   8800.   7040.   125870.   125870.
          *1968   6232.   5530.   4830.   5129.   5211.   6996.   8418.  31125.  25916.   9749.   9661.   6137.   124934.        0.
          *1969      0.      0.      0.      0.      0.      0.      0.      0.      0.      0.      0.      0.        0.        0.
          *1970      0.      0.      0.      0.      0.      0.      0.      0.      0.      0.      0.      0.        0.        0.
          *1971      0.      0.      0.      0.      0.      0.      0.      0.      0.      0.      0.      0.        0.        0.
          *1972      0.      0.      0.      0.      0.      0.      0.      0.      0.      0.      0.      0.        0.        0.
          *1973      0.      0.      0.      0.      0.      0.      0.      0.      0.      0.      0.      0.        0.        0.
          *1974      0.      0.      0.      0.      0.      0.      0.      0.      0.      0.      0.      0.        0.        0.
          *1975      0.      0.      0.      0.      0.      0.      0.      0.      0.      0.      0.      0.        0.        0.
          *1976      0.      0.      0.      0.      0.      0.      0.      0.      0.      0.      0.      0.        0.        0.
          *1977      0.      0.      0.      0.      0.      0.      0.      0.      0.      0.      0.      0.        0.        0.
          *1978      0.      0.      0.      0.      0.      0.      0.      0.      0.      0.      0.      0.        0.        0.
          *1979      0.      0.      0.      0.      0.      0.      0.      0.      0.      0.      0.      0.        0.        0.
          *1980      0.      0.      0.      0.      0.      0.      0.      0.      0.      0.      0.      0.        0.        0.
          *1981      0.      0.      0.      0.      0.      0.      0.      0.      0.      0.      0.      0.        0.        0.
          *1982      0.      0.      0.      0.      0.      0.      0.      0.      0.      0.      0.      0.        0.        0.
          *1983      0.      0.      0.      0.      0.      0.      0.      0.      0.      0.      0.      0.        0.        0.
          *1984      0.      0.      0.      0.      0.      0.      0.      0.      0.      0.      0.      0.        0.        0.
                        09288500 STRAWBERRY RIVER AT DUCHESNE, UTAH                                                      PAGE  4

           WATER
           YEAR    OCT     NOV     DEC     JAN     FEB     MAR     APR     MAY     JUN     JUL     AUG     SEP       SUM       ANN

          *1985      0.      0.      0.      0.      0.      0.      0.      0.      0.      0.      0.      0.        0.        0.
          *1986      0.      0.      0.      0.      0.      0.      0.      0.      0.      0.      0.      0.        0.        0.
          *1987      0.      0.      0.      0.      0.      0.      0.      0.      0.      0.      0.      0.        0.        0.
          *1988      0.      0.      0.      0.      0.      0.      0.      0.      0.      0.      0.      0.        0.        0.
          *1989      0.      0.      0.      0.      0.      0.      0.      0.      0.      0.      0.      0.        0.        0.
          *1990      0.      0.      0.      0.      0.      0.      0.      0.      0.      0.      0.      0.        0.        0.
          *1991      0.      0.      0.      0.      0.      0.      0.      0.      0.      0.      0.      0.        0.        0.
          *1992      0.      0.      0.      0.      0.      0.      0.      0.      0.      0.      0.      0.        0.        0.
          *1993      0.      0.      0.      0.      0.      0.      0.      0.      0.      0.      0.      0.        0.        0.
          *1994      0.      0.      0.      0.      0.      0.      0.      0.      0.      0.      0.      0.        0.        0.
          *1995      0.      0.      0.      0.      0.      0.      0.      0.      0.      0.      0.      0.        0.        0.
          *1996      0.      0.      0.      0.      0.      0.      0.      0.      0.      0.      0.      0.        0.        0.
          *1997      0.      0.      0.      0.      0.      0.      0.      0.      0.      0.      0.      0.        0.        0.
          *1998      0.      0.      0.      0.      0.      0.      0.      0.      0.      0.      0.      0.        0.        0.
          *1999      0.      0.      0.      0.      0.      0.      0.      0.      0.      0.      0.      0.        0.        0.
          *2000      0.      0.      0.      0.      0.      0.      0.      0.      0.      0.      0.      0.        0.        0.
          *2001      0.      0.      0.      0.      0.      0.      0.      0.      0.      0.      0.      0.        0.        0.
          *2002      0.      0.      0.      0.      0.      0.      0.      0.      0.      0.      0.      0.        0.        0.
          *2003      0.      0.      0.      0.      0.      0.      0.      0.      0.      0.      0.      0.        0.        0.
          *2004      0.      0.      0.      0.      0.      0.      0.      0.      0.      0.      0.      0.        0.        0.
          *2005      0.      0.      0.      0.      0.      0.      0.      0.      0.      0.      0.      0.        0.        0.
          *2006      0.      0.      0.      0.      0.      0.      0.      0.      0.      0.      0.      0.        0.        0.
          *2007      0.      0.      0.      0.      0.      0.      0.      0.      0.      0.      0.      0.        0.        0.
          *2008      0.      0.      0.      0.      0.      0.      0.      0.      0.      0.      0.      0.        0.        0.
          *2009      0.      0.      0.      0.      0.      0.      0.      0.      0.      0.      0.      0.        0.        0.
          *2010      0.      0.      0.      0.      0.      0.      0.      0.      0.      0.      0.      0.        0.        0.
          *2011      0.      0.      0.      0.      0.      0.      0.      0.      0.      0.      0.      0.        0.        0.
          *2012      0.      0.      0.      0.      0.      0.      0.                                                            

           AVE.-100270.-100377.-100604.-100855.-100727. -99485.   6918.  18376.  10441.   4440.   3638.   2863.    63822.    59982.


          * DATA CORRELATED WITH STATION:     09288180 STRAWBERRY RIVER NEAR DUCHESNE, UT                                     
          Count      97      97      97      97      97      97      97      96      96      96      96      96                  95

           NUMBER OF YEARS   99                       Linear Regression   

          CORRELATION FOR NUMBER  1 MONTH FAILED!

          CORRELATION FOR NUMBER  2 MONTH FAILED!

          CORRELATION FOR NUMBER  3 MONTH FAILED!

          CORRELATION FOR NUMBER  4 MONTH FAILED!

          CORRELATION FOR NUMBER  5 MONTH FAILED!

          CORRELATION FOR NUMBER  6 MONTH FAILED!

          CORRELATION FOR NUMBER  7 MONTH FAILED!

          CORRELATION FOR NUMBER 13 MONTH FAILED!
                                                                                                                        PAGE  5

          Correlation Coefficients           13:07:38.8          05/15/2012
                      Linear Regression   
          1 OCT  A=0.000000000E+00, B=0.000000000E+00, R=  0.000000, R*R=  0.000000
          2 NOV  A=0.000000000E+00, B=0.000000000E+00, R=  0.000000, R*R=  0.000000
          3 DEC  A=0.000000000E+00, B=0.000000000E+00, R=  0.000000, R*R=  0.000000
          4 JAN  A=0.000000000E+00, B=0.000000000E+00, R=  0.000000, R*R=  0.000000
          5 FEB  A=0.000000000E+00, B=0.000000000E+00, R=  0.000000, R*R=  0.000000
          6 MAR  A=0.000000000E+00, B=0.000000000E+00, R=  0.000000, R*R=  0.000000
          7 APR  A=0.000000000E+00, B=0.000000000E+00, R=  0.000000, R*R=  0.000000
          8 MAY  A=-.185805495E+04, B=0.110941994E+01, R=  0.367906, R*R=  0.135355
          9 JUN  A=0.917124702E+03, B=0.977396696E+00, R=  0.695410, R*R=  0.483596
         10 JUL  A=0.122592058E+04, B=0.878396313E+00, R=  0.518104, R*R=  0.268432
         11 AUG  A=0.780992767E+03, B=0.951769264E+00, R=  0.690411, R*R=  0.476668
         12 SEP  A=0.111196859E+04, B=0.860892823E+00, R=  0.295883, R*R=  0.087547
         13 ANN  A=0.000000000E+00, B=0.000000000E+00, R=  0.000000, R*R=  0.000000


         Base Station:       O:\STREAMFL\MONTH\09288180.MON
         Correlated Station: O:\STREAMFL\MONTH\09288500.MON
         Print File Name:    O:\STREAMFL\MONTH\09288500.PRN
         Output/Save File:   
