

                        09286500 RED CREEK NR FRUITLAND, UTAH                     Acre-Feet             

         YEAR     OCT      NOV      DEC      JAN      FEB      MAR      APR      MAY      JUN      JUL      AUG      SEP       ANN

         1918                       730.     676.     555.     738.    1139.     990.     541.     210.     196.     452.
         1919     670.     565.     492.     399.     309.     821.    1619.    2640.     198.     555.    1505.     399.    10172.
         1920     444.     716.     403.     496.     288.     313.     672.    4241.    1267.     161.     867.     444.    10312.
         1921     865.     920.     615.     492.     793.    1315.     988.    3673.    2495.     496.    1320.     885.    14857.
         1922     851.     756.     676.     492.     303.     532.    1468.    5954.    3832.     908.    1684.    1069.    18525.
         1955                                                                                                        327.
         1956      92.     284.     625.     541.     456.    1000.    1154.    1357.     214.     128.      38.      30.     5919.
         1957     246.     233.     472.     553.     508.     538.     416.     688.    1362.     104.     182.     254.     5556.
         1958     136.     512.     492.     492.     542.     744.    1010.    2747.     226.      61.      16.     107.     7085.
         1959      14.     141.     264.     338.     278.     438.     119.      77.      68.      43.      20.      13.     1813.
         1960      34.     180.     369.     358.     316.     540.     375.     299.      15.       0.       0.       7.     2493.
         1961      18.       5.       5.      37.      39.      43.      24.      21.      17.       1.     132.     130.      472.

         MEAN     337.     431.     468.     443.     399.     638.     817.    2062.     930.     242.     542.     343.     7720.

          PCT    4.37%    5.59%    6.06%    5.74%    5.17%    8.27%   10.58%   26.71%   12.05%    3.14%    7.02%    4.44%   100.00%

           SD     345.     305.     207.     165.     199.     343.     533.    1950.    1236.     289.     668.     340.     5807.

           CV     1.02     0.71     0.44     0.37     0.50     0.54     0.65     0.95     1.33     1.19     1.23     0.99      0.75

           FILE: .\09286500                                                                      
