

                        09297000 UINTA RIVER NEAR NEOLA, UTAH                     Acre-Feet             

         YEAR     OCT      NOV      DEC      JAN      FEB      MAR      APR      MAY      JUN      JUL      AUG      SEP       ANN

         1921                                                                                             20160.   14370.
         1922    8740.    6830.    7610.                               5940.   24770.
         1923    8140.    6430.                                        5150.   27980.                     18130.   12420.
         1924   10740.    8910.                                                                            6660.    6100.
         1925                                                          4610.   33420.   30980.   21400.   12170.   15880.
         1926   12810.    7090.    5690.    4560.    3570.    3950.    5650.   31740.   26540.   17540.   10880.    5770.   135790.
         1927    5530.    4680.                               3870.    5430.   27660.   31780.   22910.   14860.
         1929
         1930    9210.    4230.    3690.    3070.    3330.    2460.    5480.   20850.   34700.   18560.   19900.   11340.   136820.
         1931    9530.    6350.    4920.    4300.    3330.    4070.    4260.   12980.   15880.    6940.    6580.    5220.    84360.
         1932    4890.    4020.    3070.    2770.    2590.    4000.    5860.   29190.   33270.   19780.   14250.    8470.   132160.
         1933    6740.    4280.    2770.    3070.    2500.    2800.    3330.    8440.   30630.   14730.    7270.    3370.    89930.
         1934    4086.    3725.    3689.    3689.    3055.    3074.    4500.    7553.    4499.    4407.    6042.    4391.    52710.
         1935    3630.    3140.    3070.    2770.    2500.    3070.    3270.    8510.   38050.   15780.    9600.    5840.    99230.
         1936    4000.    2980.    2770.    2770.    2300.    2460.    4320.   20800.   17340.   17990.   15840.   11870.   105440.
         1937    7490.    5060.    3690.    3070.    2500.    2770.    4170.   32290.   26550.   19890.   17230.   15180.   139890.
         1938    7940.    5500.    4300.    3590.    3270.    4250.    6350.   24680.   51980.   21420.   13800.   12880.   159960.
         1939   12440.    8710.    6470.    4610.    3330.    3660.    5900.   23730.   14930.   11470.    6850.   15020.   117120.
         1940    9960.    5680.    4330.    3830.    3420.    3750.    5630.   20170.   10220.    7110.    5120.   10030.    89250.
         1941   13980.    7580.    5360.    4300.    3550.    4020.    4430.   37690.   56670.   27930.   17860.   11420.   194790.
         1942   11780.    8800.    6740.    5220.    4030.    4350.    6600.   22340.   48110.   22910.   14110.    9940.   164930.
         1943    7110.    5180.    4580.    4120.    3480.    3740.    8470.   23840.   21920.   16840.   15770.    9510.   124560.
         1944    7660.    5530.    4500.    3700.    3280.    3530.    4330.   27370.   67340.   41970.   16420.    8250.   193880.
         1945    6080.    4080.    3040.    2630.    2540.    3000.    3790.   19590.   26700.   20970.   15430.    9980.   117830.
         1946    7360.    4310.    3820.    3850.    3050.    3350.    8630.   15250.   15640.   11230.    8690.    5880.    91060.
         1947    6420.    4750.    4240.    3510.    2530.    3010.    4430.   39020.   36080.   24280.   15860.    9800.   153930.
         1948    7670.    4420.    3790.    3320.    3270.    3470.    3730.   21830.   22250.   10840.    8680.    5000.    98270.
         1949    4460.    4000.    4030.    3820.    3150.    3630.    5950.   26110.   51090.   24400.   13530.    8760.   152930.
         1950    7110.    5990.    4810.    3930.    3480.    4120.    7530.   24530.   38420.   19650.   10550.    7530.   137650.
         1951    5980.    4820.    4090.    3240.    3030.    3280.    3380.   16630.   27720.   14880.   19030.    8490.   114570.
         1952    6540.    4760.    4240.    3570.    3220.    3500.    7070.   35370.   51800.   25950.   22600.   14490.   183110.
         1953    8820.    5870.    4920.    4100.    3250.    3650.    3440.    6380.   31990.   13800.   12410.    6750.   105380.
         1954    5220.    4510.    3740.    3260.    3220.    3180.    5600.   23700.   13260.   13360.    8210.    7880.    95140.
         1955    6540.    4920.    3880.    3580.    2920.    3540.    3710.   16260.   22620.   10870.   11100.    6640.    96580.
         1956    4770.    3580.    3380.    3470.    3190.    3600.    4440.   28620.   28770.   12990.    9330.    5690.   111830.
         1957    4350.    3820.    3310.    2730.    2450.    3770.    3480.    6310.   47580.   21510.   12610.   12150.   124070.
         1958    9920.    6550.    4920.    3730.    3500.    4010.    5050.   38630.   33800.   11000.   10140.    9330.   140580.
         1959    6310.    5120.    4320.    3240.    2910.    3190.    3810.   10030.   26680.   12420.   13640.    8990.   100660.
         1960    7910.    5450.    4330.    3570.    3260.    3920.    5750.   17580.   22300.   11960.    7690.    6170.    99890.
         1961    6690.    5110.    3860.    3180.    2540.    2670.    2910.   13410.   15130.    9550.    9980.   17730.    92760.
         1962   14600.    9680.    6070.    4100.    3660.    3490.    9820.   27130.   52600.   23330.   12890.    9210.   176580.
         1963    7790.    5260.    4060.    3170.    2990.    3660.    3460.   21810.   23960.   14630.   13800.   13960.   118550.
         1964    9060.    5220.    4320.    3170.    2680.    2920.    3700.   30700.   42330.   26980.   14500.    8020.   153600.
         1965    4930.    3900.    3820.    3310.    2700.    2980.    4630.   15610.   84890.   51350.   28170.   16340.   222630.
         1966   12210.    7940.    5890.    4610.    3470.    4900.    7060.   26740.   19270.   17140.   13390.   10720.   133340.
         1967    8620.    5670.    4790.    3640.    3070.    3960.    4110.   22320.   51830.   37390.   17450.   11730.   174580.
         1968    8040.    5390.    4590.    3500.    3600.    3960.    4330.   11170.   70300.   26450.   21420.   12880.   175630.
         1969    9240.    6190.    4650.    4000.    3530.    3710.    7800.   47660.   38510.   19720.   15000.   10590.   170600.
         1970    6930.    4920.    4160.    3560.    3230.    3310.    3100.   20700.   31210.   19680.   14140.   14740.   129680.
         1971    7500.    5040.    4110.    3550.    2880.    2970.    4140.   15420.   47130.   19770.   16260.   10070.   138840.
         1972    7730.    5670.    4060.    3710.    3030.    4110.    5140.   19080.   30570.   15450.   10260.    7160.   115970.
         1973    5250.    5030.    5450.    4630.    3490.    3550.    4190.   30470.   44920.   24700.   19400.   12610.   163690.
         1974    7860.    5390.    4490.    4030.    3400.    3680.    3430.   16620.   14590.   11560.    8150.    4960.    88160.
         1975    4900.    3860.    3020.    2940.    2580.    2830.    2910.    9860.   55960.   43390.   16640.    8990.   157880.
         1976    5690.    4460.    4250.    3780.    3220.    3460.    3650.   18480.   25340.   12730.    8620.    7010.   100690.
         1977    5680.    4110.    3350.    2740.    2570.    2820.    3700.    7100.   23660.   11130.    8780.    6280.    81920.
         1978    4950.    3830.    3380.    3300.    2880.    3590.    4090.   10070.   44540.   13280.    8170.    6380.   108460.
         1979    5050.    4100.    3740.    3280.    2870.    3310.    4420.   21820.   22200.   11960.   10190.    5780.    98720.
         1980    4890.    4000.    3760.    3160.    3380.    3230.    4770.   14960.   54960.   19730.   10690.    8870.   136400.
         1981    6580.    4840.    4440.    3390.    2700.    3150.    4850.   19450.   32030.   13790.    9580.    8480.   113280.
         1982    8370.    6360.    5000.    3550.    2980.    3660.    4680.   20690.   40570.   24570.   15460.   16480.   152370.
         1983   15430.    8170.    6090.    5290.    4010.    4910.    5380.   14500.   91570.   43220.   23390.   13250.   235210.

         MEAN    7625.    5352.    4347.    3611.    3099.    3516.    4911.   21485.   35371.   19319.   13256.    9713.   130615.

                        09297000 UINTA RIVER NEAR NEOLA, UTAH                     Acre-Feet             

         YEAR     OCT      NOV      DEC      JAN      FEB      MAR      APR      MAY      JUN      JUL      AUG      SEP       ANN


          PCT    5.84%    4.10%    3.33%    2.76%    2.37%    2.69%    3.76%   16.45%   27.08%   14.79%   10.15%    7.44%   100.00%

           SD    2711.    1495.    1002.     598.     406.     531.    1498.    9080.   17754.    9427.    4825.    3524.    37191.

           CV     0.36     0.28     0.23     0.17     0.13     0.15     0.31     0.42     0.50     0.49     0.36     0.36      0.28

           FILE: .\09297000                                                                      
