

                        09299500 WHITEROCKS RIVER NEAR WHITEROCKS, UT             Acre-Feet             

         YEAR     OCT      NOV      DEC      JAN      FEB      MAR      APR      MAY      JUN      JUL      AUG      SEP       ANN

         1910    8080.    4280.    3770.    4010.    3720.    3620.    9660.   25430.   12470.    8220.    7590.    8910.    99760.
         1919    5060.    2970.    2150.    1840.    1670.    1970.    3220.   15740.    2360.    1470.    1540.    2560.    42550.
         1920    4020.    3340.    2460.    1540.    1730.    3020.    2250.   21780.   30900.    5480.    2760.    1790.    81070.
         1921    1540.              860.     860.     830.             1070.                              10640.    8850.
         1922    4980.                                                         33440.   81960.   18990.   12070.    7210.
         1923                                                                  30830.   54950.   19390.    8480.    5370.
         1924    5180.    3420.                                                          7220.    4480.    3510.    2980.
         1925    2610.    2290.                                        2390.   19290.   15590.    8180.
         1926                                                                                                       4153.
         1927    2960.                                                                  23930.   13100.    8730.   21360.
         1928                                                                                              4931.    4062.
         1930    6520.    4350.    3000.    2900.    2100.    2000.    2500.   27480.   22960.   10260.   12510.    7140.   103720.
         1931    5927.    3088.    2767.    2152.    1666.    2029.    2424.    8093.    6770.    3201.    3973.    2870.    44960.
         1932    2990.    2390.    2210.    1970.    1720.    1880.    2720.   29850.   25590.   11860.    8030.    4280.    95490.
         1933    3010.    2140.    1540.    1840.    1390.    1460.    1530.    7530.   22470.    9150.    3880.    2550.    58490.
         1934    2267.    1983.    1537.    1353.    1111.    1107.    3396.    6246.    2979.    1379.    4199.    2846.    30403.
         1935    2490.    1990.    1970.    1840.    1670.    1970.    2290.    5960.   33470.    7000.    3970.    3050.    67670.
         1936    2500.    1980.    1970.    1870.    1570.    1630.    2480.   14460.    9730.    7900.    9890.    8220.    64200.
         1937    4220.    3290.    2150.    1840.    1390.    1540.    2910.   35920.   18600.   10970.    8070.    5790.    96690.
         1938    4000.    2250.    1900.    1870.    1660.    1860.    3940.   21720.   35580.   11160.    7220.    7800.   100960.
         1939    9520.    5540.    3070.    2460.    1940.    2150.    4530.   19310.    8310.    4360.    3830.    9660.    74680.
         1940    6610.    3270.    2490.    1980.    1610.    1840.    3950.   12270.    5570.    2990.    2570.    6030.    51180.
         1941    9060.    4660.    2880.    2140.    1750.    2090.    2470.   32130.   35470.   12980.    7560.    5880.   119070.
         1942    8290.    5380.    3610.    2670.    2030.    2200.    3860.   18780.   33820.   12450.    7530.    3910.   104530.
         1943    3300.    2400.    2200.    1850.    1660.    1930.    6520.   16630.   12580.    8960.    7890.    3780.    69700.
         1944    3320.    2640.    2280.    2210.    1660.    1680.    2230.   22030.   49470.   20850.    8310.    3810.   120490.
         1945    3320.    2530.    2200.    2080.    1700.    1910.    2300.   15900.   20620.   11170.    9270.    4980.    77980.
         1946    3750.    2610.    2310.    2130.    1620.    1850.    6430.   10820.    9370.    5950.    4690.    3660.    55190.
         1947    4280.    3530.    2910.    2530.    1960.    2390.    3570.   33160.   25720.   14900.   10690.    5500.   111140.
         1948    4450.    3340.    1840.    1720.    1500.    1760.    2450.   20550.   16090.    7310.    5110.    3290.    69410.
         1949    2520.    2010.    1940.    1720.    1390.    1540.    2940.   19970.   36770.   11400.    7640.    3990.    93830.
         1950    3960.    3100.    2660.    2300.    1930.    2180.    4550.   20840.   27970.   11660.    7410.    4660.    93220.
         1951    2990.    2310.    1970.    1840.    1610.    1580.    1600.   15440.   18590.    8680.   11610.    4770.    72990.
         1952    3640.    2400.    2100.    1910.    1680.    1780.    4250.   30310.   35960.   15400.   13590.    7370.   120390.
         1953    4200.    2370.    2140.    1780.    1570.    1800.    2120.    5800.   23200.    8830.    6370.    3190.    63370.
         1954    2760.    2170.    1690.    1560.    1450.    1630.    3620.   19110.    8030.    6880.    4750.    4230.    57880.
         1955    3610.    2480.    2100.    1960.    1470.    1590.    1860.   13780.   12330.    6790.    7570.    4790.    60330.
         1956    3460.    2300.    2040.    1890.    1600.    1710.    2440.   23410.   14770.    6780.    4040.    2730.    67170.
         1957    2400.    2000.    1770.    1380.    1270.    1600.    1370.    4600.   31750.   13400.   11060.    7600.    80200.
         1958    5870.    4440.    3290.    2290.    1670.    1910.    3140.   30110.   21850.    9000.    4770.    3970.    92310.
         1959    2640.    2160.    1710.    1400.    1230.    1440.    1810.    8810.   14560.    9310.    9440.    6720.    61230.
         1960    4960.    2440.    1740.    1530.    1360.    1630.    3000.   11880.   12900.    8280.    4320.    3500.    57540.
         1961    3200.    2180.    1660.    1420.    1070.    1090.    1440.   11930.   12790.    7320.    7770.   11300.    63170.
         1962    6550.    3730.    2970.    2160.    1820.    1830.    7000.   22080.   34210.   14080.    8860.    4900.   110190.
         1963    3590.    1930.    1510.    1210.    1090.    1290.    1500.   16380.   14590.    9170.    6380.    7190.    65830.
         1964    4830.    2760.    2190.    1850.    1570.    1600.    1830.   19140.   25170.   12220.    9410.    5140.    87710.
         1965    2870.    2030.    2060.    1790.    1440.    1750.    2340.    9710.   46920.   23840.   12180.    8310.   115240.
         1966    5710.    3370.    2640.    2250.    2000.    2300.    5010.   22490.   11170.    9590.    6120.    5310.    77960.
         1967    3770.    2180.    2260.    1870.    1560.    1780.    2160.   18080.   36510.   18930.   11470.    7190.   107760.
         1968    3200.    1940.    1800.    1550.    1490.    1610.    1920.    9340.   49110.   14430.   11320.    7490.   105200.
         1969    3710.    2290.    1900.    1650.    1400.    1550.    3890.   35340.   20660.   13220.   10010.    6130.   101750.
         1970    4510.    2990.    1990.    1600.    1370.    1460.    1610.   16290.   23690.   14350.   10100.    7680.    87640.
         1971    3620.    2320.    2020.    1830.    1580.    1630.    2040.   12410.   32660.   13480.    9240.    5080.    87910.
         1972    3310.    2440.    2240.    1810.    1450.    2280.    2550.   20190.   25930.   10670.    6690.    4690.    84250.
         1973    5140.    3380.    2950.    2220.    1700.    1650.    2390.   24870.   35580.   14110.   10030.    6550.   110570.
         1974    3600.    2630.    2120.    1870.    1580.    1650.    1620.   13830.    7860.    5360.    3760.    3180.    49060.
         1975    2850.    1840.    1500.    1350.    1170.    1310.    1360.    6790.   48690.   32870.    9800.    6100.   115630.
         1976    2950.    1880.    1670.    1360.    1210.    1260.    1570.   18860.   16680.    9450.    6720.    3970.    67580.
         1977    3150.    1980.    1510.    1180.     940.    1170.    2170.    4680.   11710.    5820.    6250.    4660.    45220.
         1978    2880.    1700.    1490.    1300.    1110.    1590.    2130.   10390.   26680.    9820.    6300.    3820.    69210.
         1979    2270.    1710.    1600.    1390.    1100.    1280.    2290.   18540.   13780.    8940.    6440.    3740.    63080.
         1980    2910.    1990.    1730.    1360.    1210.    1250.    2610.   12420.   41080.   12960.    7650.    4910.    92080.
         1981    4480.    2540.    2070.    1690.    1480.    1540.    4320.   16850.   14950.    7450.    7330.    4080.    68780.
         1982    4040.    2740.    2270.    1600.    1410.    1560.    2270.   18770.   27880.   14290.    8330.   10020.    95180.
         1983    9350.    4070.    3070.    2600.    1900.    2110.    2290.   11230.   70080.   28110.   10710.    5760.   151280.
         1984    7040.    3910.    2710.    1890.    2040.    2200.    2890.   25920.   17290.   11120.   14620.    9450.   101080.
         1985    5420.    2770.    1710.    1720.    1560.    1950.    6260.   21300.   12000.   10940.    8130.    9090.    82850.
         1986    3900.    3120.    2050.    1630.    1940.    2520.    4530.   29000.   43080.   11810.    9450.    5970.   119000.

                        09299500 WHITEROCKS RIVER NEAR WHITEROCKS, UT             Acre-Feet             

         YEAR     OCT      NOV      DEC      JAN      FEB      MAR      APR      MAY      JUN      JUL      AUG      SEP       ANN

         1987    5000.    3150.    2880.    2050.    1710.    1790.    3390.   22600.   21850.   11040.    8970.    4600.    89030.
         1988    3080.    2720.    1940.    1430.    1080.    1160.    2240.   10190.    8720.    5920.    4000.    3450.    45930.
         1989    2138.    1716.    1894.    1813.    1377.    1410.    3249.    6601.    6557.    4620.    3979.    3003.    38357.
         1990    2610.    1700.    1440.    1370.    1240.    1420.    2860.   11670.   21360.    8450.    5400.    4680.    64200.
         1991    2820.    1710.    1180.    1090.    1120.    1180.    1810.    9700.   23350.    8170.    9050.    8340.    69520.
         1992    3620.    1810.    1340.    1400.    1430.    1430.    2950.   12920.    9730.    7200.    4420.    4120.    52370.
         1993    2800.    1730.    1810.    1710.    1110.    1410.    2200.   20510.   17850.    9750.    9180.    5240.    75300.
         1994    3290.    2540.    2370.    1590.    1390.    1690.    2690.   13670.    9370.    8440.    5190.    4490.    56720.
         1995    6050.    3800.    2320.    2010.    1600.    2300.    2640.    8280.   59960.   35230.   10130.    7840.   142160.
         1996    3500.    2090.    1600.    1700.    1290.    1450.    2260.   14650.   13440.   11200.    7200.    5120.    65500.
         1997    2990.    2070.    1250.    1320.    1030.    1790.    2760.   24370.   22520.    9240.   10180.   12890.    92410.
         1998    8850.    4260.    3040.    2590.    1990.    2350.    2770.   19890.   44280.   20500.    9430.    8250.   128200.
         1999    6540.    3490.    2740.    2640.    1830.    1920.    2050.   16290.   48320.   11460.    7810.   10560.   115650.
         2000    3170.    2350.    2260.    1870.    1640.    1810.    2970.   16660.   11050.    7990.    5150.    4750.    61670.

         MEAN    4210.    2729.    2146.    1839.    1546.    1765.    2929.   17717.   24333.   11064.    7590.    5788.    82189.

          PCT    5.12%    3.32%    2.61%    2.24%    1.88%    2.15%    3.56%   21.56%   29.61%   13.46%    9.23%    7.04%   100.00%

           SD    1803.     876.     571.     473.     384.     422.    1452.    7855.   15752.    6028.    2794.    2872.    25734.

           CV     0.43     0.32     0.27     0.26     0.25     0.24     0.50     0.44     0.65     0.54     0.37     0.50      0.31

           FILE: .\09299500                                                                      
