                        09309000 MINNIE MAUD C AT NUTTER RANCH NR MYTON, UTAH                                            PAGE  1

           WATER
           YEAR    OCT     NOV     DEC     JAN     FEB     MAR     APR     MAY     JUN     JUL     AUG     SEP       ANN

           1947                                                                            429.   2430.    588.          
           1948    491.    453.    307.    432.    599.   1170.   2208.   1949.    384.    189.    357.    288.     8826.
           1949    553.    492.    461.    443.    452.   1029.   5431.   9191.   4310.   1592.    755.    885.    25594.
           1950   1144.    946.    797.    676.    668.   1299.   4939.   6165.   2041.   2392.    621.    590.    22278.
           1951    956.    855.    686.    553.    589.    767.    295.    615.    277.     38.    249.    222.     6104.
           1952    173.    416.    348.    288.    288.    436.   6742.  21638.   5457.   1761.   1609.   1341.    40497.
           1953   1150.    684.    492.    492.    389.    772.   1160.    141.     65.    159.    317.     40.     5860.
           1954    322.    557.    435.    289.    470.    611.    861.    108.     93.     12.     48.    527.     4332.
           1955    645.    430.    263.    246.    222.    527.   1134.    882.    139.     19.    352.     96.     4954.

           AVE.    679.    604.    474.    427.    460.    826.   2846.   5086.   1596.    732.    749.    508.    14806.

          Count      8       8       8       8       8       8       8       8       8       9       9       9         8
                        09306500 WHITE RIVER NEAR WATSON, UTAH                                                           PAGE  2

           WATER
           YEAR    OCT     NOV     DEC     JAN     FEB     MAR     APR     MAY     JUN     JUL     AUG     SEP       ANN

           1924  35140.  30200.  29400.  27050.  24160.  28280.  31540.  88170. 110680.  26860.  21420.  21380.   474280.
           1925  24290.  22660.  22440.  21520.  22490.  36280.  56950. 100460.  91240.  59360.  38890.  43080.   539660.
           1926  47420.  37220.  36890.  35660.  32210.  40580.  62830. 121450. 134940.  59770.  38730.  21060.   668760.
           1927  35730.  24160.  24900.  24600.  30550.  52820.  30980.  97370. 105860.  53150.  34740.  36770.   551630.
           1928  33680.  32680.  27670.  25820.  24160.  46120.  47110. 185040. 118610.  67940.  49360.  38060.   696250.
           1929  54850.  39190.  24600.  27670.  24990.  70710. 146720. 217490. 239110. 179720. 117750. 114070.  1256870.
           1930  63250.  42410.  30740.  23370.  31100.  36890.  74310.  73770. 107920.  36050.  54960.  29870.   604640.
           1931  29920.  23190.  14140.  17830.  20830.  32280.  40280.  64270.  61340.  17470.  21590.  22510.   365650.
           1932  25730.  23350.  26130.  25820.  26460.  43660.  47370. 129440. 112960.  60230.  45810.  27730.   594690.
           1933  27660.  25450.  26130.  24900.  26940.  42120.  49980.  71050. 160280.  33950.  27860.  22000.   538320.
           1934  23760.  26220.  25330.  24600.  29940.  25680.  34090.  42320.  13480.   6700.  12140.  16500.   280760.
           1935  17310.  17060.  19980.  20870.  20670.  23860.  23300.  63140. 123770.  32320.  18310.  21810.   402400.
           1936  20030.  22270.  20320.  22380.  21150.  23840.  39910. 121490.  91640.  37010.  29470.  22130.   471640.
           1937  23110.  19530.  17620.   9840.  16110.  31730.  22020.  82640.  59380.  54600.  23220.  32210.   392010.
           1938  28290.  19340.  16900.  17510.  20720.  41770.  43270. 124430. 155130.  49440.  31380.  51260.   599440.
           1939  29020.  20130.  18100.  20110.  20000.  72580.  40410.  93000.  69930.  19120.  18880.  27130.   448410.
           1940  26500.  22300.  20400.  20950.  21190.  24980.  36950. 100490.  57500.  17430.  14540.  24410.   387640.
           1941  30430.  22000.  18170.  18190.  22220.  31400.  33580. 156100. 117660.  40340.  32780.  28680.   551550.
           1942  44040.  28660.  23850.  22680.  22080.  43400. 107030. 158460. 143740.  44460.  26600.  22920.   687920.
           1943  28980.  27410.  22650.  21250.  24070.  33090.  40170.  56020.  87170.  30970.  44250.  19860.   435890.
           1944  21280.  23000.  21340.  18810.  21400.  32170.  28520.  94230. 111650.  39800.  18370.  15140.   445710.
           1945  19300.  20100.  19980.  25490.  25620.  28090.  29580. 108130. 105180.  56890.  37540.  23480.   499380.
           1946  24800.  26600.  20500.  22100.  20690.  30310.  43430.  68080.  66720.  20970.  29300.  20840.   394340.
           1947  27590.  24430.  22960.  16610.  19450.  42600.  35160. 139930. 116030.  60850.  37290.  26270.   569170.
           1948  33720.  27880.  27050.  23440.  21240.  38100.  58850. 128250.  91450.  31390.  27770.  18780.   527920.
           1949  23820.  22470.  19300.  15010.  13690.  38840.  44420. 105940. 158500.  72810.  30510.  28150.   573460.
           1950  33680.  26090.  20880.  20420.  17390.  29870.  33300.  63140. 119960.  37810.  20260.  23960.   446760.
           1951  24730.  23460.  22530.  18140.  23520.  26840.  26130.  79040. 112400.  51130.  38650.  21240.   467810.
           1952  25110.  22750.  20990.  20120.  19300.  20650.  77080. 148720. 209950.  50320.  46150.  33210.   694350.
           1953  25800.  21840.  26280.  24690.  23250.  35480.  29670.  70190. 134390.  32800.  34390.  17110.   475890.
           1954  21140.  24140.  21350.  22670.  25570.  24460.  34500.  68780.  31900.  18260.  13330.  34520.   340620.
           1955  26490.  20010.  17970.  15950.  18760.  46620.  31070.  87010.  75640.  15520.  20550.  12370.   387960.
           1956  20360.  21520.  21260.  20140.  19430.  43580.  33200.  98650.  84930.  21950.  21230.  12900.   419150.
           1957  19300.  20550.  18130.  21480.  22180.  30560.  29360.  76340. 217860. 168830.  67010.  36500.   728100.
           1958  32830.  33180.  28350.  23930.  35390.  35260.  45170. 148250. 131500.  33580.  21840.  25460.   594740.
           1959  27390.  24540.  22040.  23490.  20820.  23550.  30370.  63890.  96360.  29880.  29430.  24090.   415850.
           1960  28240.  22700.  20260.  16720.  19460.  35110.  40460.  69080.  94730.  21400.  13950.  18870.   400980.
           1961  21220.  21330.  18850.  18600.  19300.  22820.  21880.  64690.  64680.  15960.  18450.  37960.   345740.
           1962  38260.  25760.  23030.  20750.  37220.  66370.  84900. 138370. 127740.  58830.  25360.  21030.   667620.
           1963  27930.  25240.  21340.  20330.  23760.  23890.  28970.  71200.  30570.  11660.  25370.  26760.   337020.
           1964  14920.  19280.  15530.  17060.  18760.  26040.  30320.  84210.  99350.  30220.  24680.  15700.   396070.
           1965  20060.  20350.  21540.  23350.  22390.  33460.  35100.  98050. 157690.  69380.  31910.  32520.   565800.
           1966  33560.  27800.  26580.  24340.  20690.  62360.  32210.  71560.  25600.   9920.  16330.  13800.   364750.
           1967  23140.  17630.  18660.  18070.  17650.  28700.  24300.  69420. 101820.  30530.  16760.  19480.   386160.
           1968  21870.  19770.  18190.  17910.  20230.  24530.  28570.  71450. 149340.  36960.  42590.  21540.   472950.
           1969  25850.  23740.  25920.  23480.  19380.  32750.  52420. 115810.  74590.  33400.  24690.  29650.   481680.
           1970  32890.  27040.  24450.  25970.  24610.  25230.  26990. 123400. 141180.  51920.  31800.  28970.   564450.
           1971  32540.  27980.  25780.  26450.  21630.  35770.  42980.  86030. 135190.  47230.  20190.  29200.   530970.
           1972  27670.  28630.  24340.  24320.  22160.  26130.  30230.  71690. 108080.  22360.  15610.  21530.   422750.
           1973  29590.  25790.  25420.  26760.  21300.  32820.  28140. 128620. 136940.  56090.  28080.  25950.   565500.
           1974  29320.  26980.  24970.  24490.  18600.  42240.  43770. 127640.  99470.  36530.  22930.  18530.   515470.
           1975  26950.  25250.  18670.  20810.  21080.  32110.  28960.  75960. 158920.  93690.  30580.  25830.   558810.
           1976  27790.  24980.  18210.  16420.  25750.  33610.  30960.  87190.  71610.  22380.  20670.  17170.   396740.
           1977  23625.  20452.  17970.  19706.  19428.  24331.  24514.  23629.  15673.   8565.  12686.  12575.   223154.
           1978  16540.  18490.  17040.  18430.  17010.  28090.  35930.  93070. 174590.  66170.  23440.  23500.   532300.
           1979  23160.  23460.  23900.  18960.  15700.  31570.  43280. 117040. 148760.  61200.  29170.  18790.   554990.
           1986  46900.  40220.  22630.  35000.  78550.  44310.  80630. 151990. 181880.  94130.  46140.  38150.   860530.
           1987  47070.  39040.  32670.  27820.  35930.  45870.  64110. 123110.  67080.  33410.  36350.  23140.   575600.
           1988  28850.  29810.  27450.  34880.  49810.  48450.  48990. 103000.  99680.  33290.  22040.  23060.   549310.
           1989  26930.  27630.  19610.  21190.  23730.  46160.  46170.  58910.  52150.  20790.  22760.  15020.   381050.
           1990  22290.  23850.  19010.  20130.  26080.  30500.  27360.  31590.  61520.  22030.  11200.  13550.   309110.
           1991  24770.  22640.  17750.  18160.  20600.  27210.  26840.  81180.  97110.  34750.  25780.  21450.   418240.
           1992  21740.  31500.  19810.  18020.  26590.  38870.  35070.  78030.  39390.  30480.  18100.  21610.   379210.
           1993  21600.  23260.  18100.  18360.  19650.  43150.  48290. 157980. 161830.  66060.  30410.  24070.   632760.
           1994  30790.  25470.  22400.  19550.  18640.  25660.  29530.  49080.  31670.  11590.   8710.  13570.   286660.
           1995  22340.  16620.  10820.  11150.  23140.  23140.  26800.  93330. 198350. 149610.  37410.  30740.   643450.
           1996  33780.  28870.  24390.  24180.  23940.  30160.  48250. 118210. 108140.  43420.  22050.  23750.   529140.
           1997  30840.  32330.  27870.  24750.  22570.  47630.  42380. 131270. 168610.  57100.  50470.  67540.   703360.
           1998  56580.  42600.  34430.  25390.  29290.  48040.  75290. 185300. 149550.  76630.  38480.  27060.   788640.
           1999  39050.  33430.  31580.  28800.  25640.  34250.  39840.  99970. 124300.  43920.  33440.  24970.   559190.
           2000  27160.  26740.  24840.  28080.  24070.  26770.  38460.  95460.  62290.  17570.  12370.  20810.   404620.
           2001  24600.  19990.  18520.  20300.  21140.  29940.  32400.  94520.  59480.  22650.  18050.  15720.   377310.
           2002  23429.  20223.  14582.  19325.  18262.  26670.  31214.  27531.  11131.   4497.   6190.  12327.   215381.
           2003  19530.  18570.  13760.  21810.  20030.  23860.  27390.  83670. 111310.  22010.  10430.  18180.   390550.
           2004  18540.  21480.  19660.  15360.  17690.  23170.  31690.  63550.  43110.  19970.   9160.  14590.   297970.
           2005  23380.  23170.  20060.  30360.  19400.  23240.  37560.  97520. 128570.  45250.  24440.  19500.   492450.
                        09306500 WHITE RIVER NEAR WATSON, UTAH                                                           PAGE  3

           WATER
           YEAR    OCT     NOV     DEC     JAN     FEB     MAR     APR     MAY     JUN     JUL     AUG     SEP       ANN

           2006  29790.  25400.  28280.  27840.  22030.  28620.  56450. 128530.  79500.  29970.  22430.  22560.   501400.
           2007  39300.  27330.  20340.  16060.  16210.  37080.  48250.  84660.  45730.  20620.  16940.  18790.   391310.
           2008  28470.  20370.  15070.  14860.  14600.  22330.  35000. 108590. 150590.  58330.  27480.  22420.   518110.
           2009  26920.  25110.  21340.  16760.  23930.  28200.  36860. 133980. 107440.  43010.  16230.  17850.   497630.
           2010  26680.  23750.  13440.  18300.  19960.  29910.  43100.  73040. 100140.  24040.  23170.  12050.   407580.
           2011  22330.  24650.  24670.  25090.  26640.  40880.  42320. 102910. 259640. 165800.  45410.  30240.   810580.

          +AVE.  26811.  23580.  22044.  20055.  20340.  32608.  41878.  93884. 116774.  41210.  29878.  23957.   489346.


          +   AVE. GIVEN FOR YEARS OF CONCURRENT DATA WITH CORRELATED STATION
                        09309000 MINNIE MAUD C AT NUTTER RANCH NR MYTON, UTAH                                            PAGE  4

           R      0.592   0.509   0.078   0.356   0.300   0.476   0.827   0.844   0.910   0.669   0.760   0.895               0.910
           A   -.15E+04-.13E+04-.81E+03-.42E+03-.37E+03-.35E+03-.30E+04-.17E+05-.31E+04-.12E+04-.15E+04-.83E+03          -0.439E+05
           B   0.81E-010.82E-010.58E-010.42E-010.41E-010.36E-010.14E+000.24E+000.40E-010.48E-010.74E-010.56E-01           0.120E+00

           WATER
           YEAR    OCT     NOV     DEC     JAN     FEB     MAR     APR     MAY     JUN     JUL     AUG     SEP       SUM       ANN

          *1924   1355.   1149.    903.    723.    615.    671.   1395.   3714.   1352.     42.    121.    364.    12404.    12998.
          *1925    475.    528.    497.    489.    547.    958.   4962.   6666.    576.   1605.   1418.   1581.    20301.    20844.
          *1926   2352.   1726.   1340.   1087.    942.   1113.   5787.  11707.   2322.   1625.   1406.    346.    31755.    36336.
          *1927   1403.    652.    640.    620.    875.   1553.   1316.   5924.   1160.   1307.   1110.   1227.    17786.    22280.
          *1928   1237.   1353.    802.    671.    615.   1312.   3581.  26981.   1669.   2018.   2195.   1299.    43733.    39635.
          *1929   2955.   1888.    623.    749.    649.   2197.  17564.  34775.   6484.   7392.   7272.   5561.    88110.   106911.
          *1930   3637.   2153.    981.    568.    897.    980.   7399.    255.   1242.    484.   2611.    840.    22048.    28641.
          *1931    932.    572.     12.    333.    480.    815.   2622.  -2027.   -619.   -409.    133.    427.     3271.      -38.
          *1932    591.    585.    712.    671.    709.   1224.   3617.  13627.   1443.   1647.   1931.    720.    27478.    27447.
          *1933    748.    758.    712.    632.    728.   1169.   3984.   -398.   3334.    383.    599.    399.    13047.    20683.
          *1934    432.    821.    666.    620.    850.    577.   1753.  -7299.  -2531.   -927.   -568.     90.    -5517.   -10225.
          *1935    -92.     68.    353.    462.    473.    512.    238.  -2298.   1875.    305.   -110.    388.     2174.     4372.
          *1936    129.    496.    373.    526.    493.    511.   2570.  11717.    592.    530.    718.    406.    19061.    12681.
          *1937    379.    271.    215.     -5.    288.    795.     59.   2385.   -697.   1376.    254.    971.     6292.     3125.
          *1938    799.    255.    173.    320.    475.   1156.   3042.  12423.   3128.   1128.    860.   2039.    25799.    28017.
          *1939    858.    320.    243.    430.    446.   2264.   2640.   4874.   -276.   -330.    -68.    686.    12089.     9893.
          *1940    654.    499.    378.    465.    494.    552.   2154.   6673.   -773.   -411.   -390.    534.    10830.     2601.
          *1941    973.    474.    247.    349.    536.    783.   1681.  20030.   1631.    691.    964.    773.    29133.    22270.
          *1942   2078.   1022.    579.    538.    530.   1215.  11992.  20597.   2673.    889.    505.    450.    43069.    38635.
          *1943    855.    919.    509.    478.    611.    844.   2606.  -4008.    413.    240.   1816.    279.     5562.     8391.
          *1944    230.    556.    433.    375.    503.    811.    971.   5169.   1391.    665.   -106.     14.    11012.     9569.
          *1945     70.    318.    353.    657.    674.    664.   1120.   8508.   1133.   1486.   1317.    482.    16782.    16010.
          *1946    516.    853.    384.    514.    474.    744.   3064.  -1112.   -404.   -241.    706.    334.     5830.     3405.
          *1947    742.    674.    527.    282.    424.   1186.   1903.  16146.   1566.    429.   2430.    588.    26898.    24385.
           1948    491.    453.    307.    432.    599.   1170.   2208.   1949.    384.    189.    357.    288.     8826.     8826.
           1949    553.    492.    461.    443.    452.   1029.   5431.   9191.   4310.   1592.    755.    885.    25594.    25594.
           1950   1144.    946.    797.    676.    668.   1299.   4939.   6165.   2041.   2392.    621.    590.    22278.    22278.
           1951    956.    855.    686.    553.    589.    767.    295.    615.    277.     38.    249.    222.     6104.     6104.
           1952    173.    416.    348.    288.    288.    436.   6742.  21638.   5457.   1761.   1609.   1341.    40497.    40497.
           1953   1150.    684.    492.    492.    389.    772.   1160.    141.     65.    159.    317.     40.     5860.     5860.
           1954    322.    557.    435.    289.    470.    611.    861.    108.     93.     12.     48.    527.     4332.     4332.
           1955    645.    430.    263.    246.    222.    527.   1134.    882.    139.     19.    352.     96.     4954.     4954.
          *1956    156.    435.    428.    431.    423.   1221.   1628.   6231.    323.   -194.    107.   -111.    11077.     6382.
          *1957     70.    355.    245.    488.    534.    753.   1089.    872.   5635.   6869.   3505.   1212.    21626.    43457.
          *1958   1168.   1394.    842.    591.   1072.    922.   3308.  18145.   2184.    366.    152.    593.    30735.    27453.
          *1959    726.    683.    473.    573.    479.    501.   1231.  -2118.    780.    188.    715.    516.     4747.     5986.
          *1960    795.    532.    370.    286.    424.    916.   2647.   -872.    715.   -220.   -434.    223.     5383.     4201.
          *1961    225.    419.    287.    366.    417.    474.     39.  -1926.   -486.   -482.   -100.   1294.      529.    -2428.
          *1962   1609.    783.    531.    457.   1146.   2041.   8886.  15771.   2034.   1580.    413.    344.    35595.    36199.
          *1963    770.    741.    433.    439.    599.    513.   1034.   -362.  -1848.   -688.    414.    666.     2708.    -3474.
          *1964   -286.    250.     93.    301.    395.    590.   1224.   2763.    900.    204.    363.     46.     6842.     3612.
          *1965    131.    338.    444.    567.    543.    857.   1895.   6087.   3231.   2087.    899.    989.    18068.    23980.
          *1966   1227.    951.    738.    609.    474.   1897.   1489.   -276.  -2047.   -772.   -257.    -61.     3972.     -146.
          *1967    381.    115.    276.    344.    350.    686.    379.   -790.    998.    219.   -225.    258.     2990.     2423.
          *1968    278.    291.    249.    337.    455.    536.    978.   -302.   2897.    528.   1692.    373.     8311.    12838.
          *1969    601.    617.    700.    572.    421.    831.   4326.  10353.    -90.    357.    363.    828.    19880.    13886.
          *1970   1173.    889.    614.    678.    633.    561.    756.  12176.   2571.   1247.    891.    790.    22979.    23818.
          *1971   1144.    966.    692.    698.    512.    940.   3001.   3200.   2332.   1022.     29.    802.    15338.    19801.
          *1972    749.   1020.    608.    608.    534.    593.   1211.   -245.   1248.   -174.   -311.    372.     6214.     6814.
          *1973    905.    786.    671.    711.    499.    834.    918.  13430.   2401.   1448.    615.    620.    23837.    23944.
          *1974    883.    884.    644.    615.    389.   1173.   3112.  13194.    904.    507.    233.    204.    22743.    17941.
          *1975    690.    741.    277.    459.    490.    808.   1033.    781.   3280.   3256.    801.    614.    13230.    23142.
          *1976    759.    719.    250.    274.    680.    862.   1314.   3478.   -209.   -173.     65.    128.     8147.     3693.
          *1977    421.    347.    236.    413.    423.    529.    409. -11789.  -2444.   -837.   -528.   -130.   -12951.   -17138.
          *1978   -155.    185.    182.    359.    324.    664.   2011.   4891.   3906.   1933.    271.    483.    15053.    19960.
          *1979    383.    594.    582.    381.    271.    789.   3043.  10648.   2874.   1694.    696.    219.    22174.    22683.
          *1986   2310.   1973.    508.   1059.   2826.   1247.   8286.  19043.   4197.   3277.   1956.   1304.    47987.    59349.
          *1987   2324.   1876.   1094.    756.   1094.   1303.   5967.  12106.   -390.    357.   1229.    463.    28179.    25156.
          *1988    845.   1117.    789.   1054.   1658.   1396.   3845.   7276.    913.    352.    167.    458.    19869.    22002.
          *1989    689.    937.    332.    475.    598.   1314.   3449.  -3314.   -986.   -249.    220.      7.     3471.     1810.
          *1990    312.    626.    297.    431.    693.    751.    808.  -9876.   -612.   -190.   -638.    -75.    -7474.    -6823.
          *1991    514.    527.    223.    347.    470.    632.    735.   2035.    810.    422.    444.    368.     7527.     6273.
          *1992    268.   1256.    343.    341.    714.   1052.   1891.   1278.  -1496.    216.   -126.    377.     6113.     1589.
          *1993    256.    578.    243.    356.    432.   1206.   3746.  20482.   3396.   1927.    788.    515.    33925.    32016.
          *1994   1002.    760.    494.    406.    391.    576.   1113.  -5675.  -1805.   -692.   -823.    -74.    -4326.    -9517.
          *1995    316.     32.   -182.     51.    574.    486.    730.   4953.   4855.   5945.   1308.    889.    19956.    33299.
          *1996   1245.   1039.    611.    602.    606.    738.   3741.  10929.   1251.    839.    167.    497.    22265.    19581.
          *1997   1006.   1324.    814.    626.    550.   1367.   2917.  14066.   3667.   1496.   2277.   2952.    33062.    40488.
          *1998   3096.   2169.   1197.    653.    824.   1381.   7537.  27044.   2905.   2436.   1387.    682.    51310.    50722.
          *1999   1673.   1414.   1030.    797.    675.    885.   2560.   6548.   1896.    863.   1013.    565.    19921.    23187.
          *2000    708.    864.    637.    767.    611.    616.   2366.   5465.   -581.   -404.   -551.    332.    10830.     4638.
                        09309000 MINNIE MAUD C AT NUTTER RANCH NR MYTON, UTAH                                            PAGE  5

           WATER
           YEAR    OCT     NOV     DEC     JAN     FEB     MAR     APR     MAY     JUN     JUL     AUG     SEP       SUM       ANN

          *2001    500.    309.    268.    438.    492.    730.   1516.   5239.   -693.   -160.   -130.     47.     8555.     1361.
          *2002    405.    328.     38.    397.    375.    613.   1349. -10851.  -2625.  -1033.  -1010.   -144.   -12158.   -18071.
          *2003     88.    192.    -10.    502.    447.    512.    812.   2633.   1377.   -191.   -695.    185.     5852.     2950.
          *2004      8.    431.    334.    229.    352.    487.   1416.  -2200.  -1347.   -289.   -790.    -17.    -1385.    -8160.
          *2005    401.    570.    358.    863.    421.    489.   2240.   5960.   2067.    927.    345.    259.    14900.    15178.
          *2006    921.    754.    838.    757.    528.    683.   4892.  13408.    106.    192.    196.    430.    23705.    16252.
          *2007   1693.    913.    374.    259.    292.    987.   3741.   2871.  -1243.   -258.   -212.    219.     9635.     3041.
          *2008    814.    340.     67.    208.    226.    457.   1881.   8618.   2947.   1556.    571.    422.    18106.    18257.
          *2009    688.    730.    433.    288.    606.    668.   2142.  14717.   1223.    819.   -265.    166.    22214.    15800.
          *2010    669.    618.    -29.    353.    444.    729.   3018.     80.    931.    -93.    251.   -159.     6812.     4993.
          *2011    315.    692.    627.    640.    716.   1124.   2908.   7254.   7304.   6723.   1902.    861.    31067.    53355.

           AVE.    824.    746.    476.    502.    587.    904.   2846.   6087.   1239.    888.    619.    580.    16299.    16281.


          * DATA CORRELATED WITH STATION:     09306500 WHITE RIVER NEAR WATSON, UTAH                                          
          Count      82      82      82      82      82      82      82      82      82      82      82      82                  82

           NUMBER OF YEARS   82                       Linear Regression   
                                                                                                                        PAGE  6

          Correlation Coefficients           13:29:02.9          05/16/2012
                      Linear Regression   
          1 OCT  A=-.149710758E+04, B=0.811714329E-01, R=  0.592487, R*R=  0.351040
          2 NOV  A=-.133555360E+04, B=0.822594826E-01, R=  0.509372, R*R=  0.259459
          3 DEC  A=-.813304799E+03, B=0.583818452E-01, R=  0.078256, R*R=  0.006124
          4 JAN  A=-.420648556E+03, B=0.422892573E-01, R=  0.355992, R*R=  0.126730
          5 FEB  A=-.367299360E+03, B=0.406581544E-01, R=  0.299968, R*R=  0.089981
          6 MAR  A=-.346584123E+03, B=0.359716821E-01, R=  0.475855, R*R=  0.226438
          7 APR  A=-.303253053E+04, B=0.140378318E+00, R=  0.826928, R*R=  0.683809
          8 MAY  A=-.174640843E+05, B=0.240193024E+00, R=  0.844262, R*R=  0.712778
          9 JUN  A=-.306991422E+04, B=0.399547348E-01, R=  0.909827, R*R=  0.827784
         10 JUL  A=-.124911267E+04, B=0.480835666E-01, R=  0.668976, R*R=  0.447528
         11 AUG  A=-.146957588E+04, B=0.742412902E-01, R=  0.759619, R*R=  0.577022
         12 SEP  A=-.834626121E+03, B=0.560648165E-01, R=  0.895252, R*R=  0.801475
         13 ANN  A=-.439175565E+05, B=0.120003538E+00, R=  0.909912, R*R=  0.827939


         Base Station:       O:\STREAMFL\MONTH\09306500.MON
         Correlated Station: O:\STREAMFL\MONTH\09309000.MON
         Print File Name:    O:\STREAMFL\MONTH\09309000.PRN
         Output/Save File:   
