                        09307300 PARIETTE DRAW AT MOUTH NEAR OURAY, UTAH                                                 PAGE  1

           WATER
           YEAR    OCT     NOV     DEC     JAN     FEB     MAR     APR     MAY     JUN     JUL     AUG     SEP       ANN

           1976   3269.   1979.    514.    183.    293.   1125.   1607.    662.    685.    239.    715.   1239.    12510.
           1977   2372.    547.     27.      3.    239.    502.    492.    378.    760.   1156.   1295.   1599.     9371.
           1978   1954.   1757.    968.    660.    560.   1751.    864.    866.    229.    226.    563.   1718.    12116.
           1979   2785.   1613.    664.    492.    793.   5121.   1125.   1041.   1194.   1176.   2521.   2251.    20776.
           1980   2624.   1922.    715.    708.    727.    743.    466.   1223.    646.    472.   1480.   3991.    15717.
           1981   3150.   2878.    978.    643.    711.   1414.   1277.   1372.    895.    760.    898.   3233.    18209.
           1982   3342.   1212.    820.    503.    396.    499.    663.   1162.   1999.   1052.   2346.   3890.    17884.
           1983   2638.   1720.    674.    482.    553.    858.    804.   2513.   1467.   1605.   3798.   4106.    21218.
           1984   4116.   3025.    947.    580.    370.   1703.    869.    654.   1939.   1225.   2967.   2737.    21132.

           AVE.   2917.   1850.    701.    473.    516.   1524.    907.   1097.   1091.    879.   1843.   2751.    16548.

          Count      9       9       9       9       9       9       9       9       9       9       9       9         9
                        09302000 DUCHESNE RIVER NEAR RANDLETT, UT                                                        PAGE  2

           WATER
           YEAR    OCT     NOV     DEC     JAN     FEB     MAR     APR     MAY     JUN     JUL     AUG     SEP       ANN

           1943  17860.  21830.  27590.  26340.  28610.  29330.  42790.  99930. 102820.  28380.  23210.   8120.   456810.
           1944  22210.  23660.  24940.  23170.  25880.  43440.  48230. 128090. 254980.  81860.   7510.   6940.   690910.
           1945  23660.  26120.  28240.  30310.  26980.  32130.  23720.  59230.  90630.  30520.  30870.  11590.   414000.
           1946  20710.  25780.  23940.  23350.  21040.  29280.  39890.  70400.  46590.   5240.   6070.   4050.   316340.
           1947  16470.  32220.  30400.  25600.  35720.  35490.  23330. 143440. 158360.  32640.  24550.  11830.   570050.
           1948  17290.  29230.  30930.  29210.  25880.  39600.  31400.  70130.  50580.   3100.   2070.   1340.   330760.
           1949   4810.  13930.  25680.  23960.  22810.  43960.  45970. 127320. 230460.  49740.   6710.   7910.   603260.
           1950  24460.  29240.  27940.  30740.  26300.  39870.  44260.  97490. 193270.  45160.   9020.  13410.   581160.
           1951  15510.  26820.  32610.  26150.  26100.  22810.  14310.  79170. 124070.  31320.  26280.   9640.   434790.
           1952  24930.  32370.  32530.  27670.  26460.  31220. 110980. 303650. 302380.  69910.  48970.  29980.  1041050.
           1953  20740.  25840.  36890.  39350.  33320.  34340.  12610.  15090. 107190.  13250.  11690.   4580.   354890.
           1954   8960.  20350.  25910.  27130.  24760.  20170.  13380.  36430.   5070.   1860.   1180.   6240.   191440.
           1955  16730.  18260.  17780.  24580.  21100.  33820.  22420.  45460.  33690.   1760.   8190.   3780.   247570.
           1956   6140.  14750.  29240.  27330.  22460.  24780.  16740.  73650.  90440.   4300.   2450.   1260.   313540.
           1957   4320.  17280.  18600.  20910.  20430.  21840.  11650.  39210. 184190.  34630.  18290.  15150.   406500.
           1958  19070.  40650.  29510.  28820.  31180.  35230.  28870. 141440. 102640.   4390.   1130.   2760.   465690.
           1959   4730.  14500.  21360.  22470.  23580.  16550.   5330.   4240.  34220.   6250.   4270.   3860.   161360.
           1960  10842.  13390.  21697.  22592.  23008.  27247.   8454.  18260.  22608.   1273.    847.   1123.   171341.
           1961   5123.  11998.  17780.  20688.  18526.  10058.   1696.   2922.   2975.    623.    609.  13473.   106471.
           1962  19400.  26830.  26450.  21340.  43060.  48690.  70410.  88260. 146290.  26590.   3810.   4480.   525610.
           1963  14880.  14880.  22800.  18250.  28560.   9940.   4600.  31060.  49980.   3100.   4730.  14370.   217150.
           1964   7480.  15560.  21620.  18350.  18210.  23100.  14060.  71670. 122040.  28720.   5830.   3800.   350440.
           1965   5010.  17750.  27470.  26680.  21440.  26380.  32110.  71170. 302440. 174640.  56920.  58040.   820050.
           1966  47460.  46870.  41780.  39310.  37770.  46960.  35240.  58170.  16430.   3180.   2890.   6020.   382080.
           1967  11120.  18890.  30610.  33040.  30350.  40410.  18700.  55690. 253250.  76260.  11000.  10050.   589370.
           1968  12020.  18140.  32360.  34310.  33460.  40130.  31440.  44960. 249840.  23880.  25960.  12530.   559030.
           1969  19800.  27330.  38120.  41990.  36950.  52010.  68730. 183290. 139340.  17180.   9070.  10000.   643810.
           1970  19600.  22440.  19840.  14370.  16510.  10000.   2700.  17400.  58320.   8770.   2880.   4710.   197540.
           1971   8910.  10550.   7090.  22740.  30630.  20370.  11750.  27700. 140320.  19480.   3680.   8570.   311790.
           1972  20190.  28380.  26080.  24480.  35000.  37460.  13000.  36580. 115980.   5770.   3170.   4550.   350640.
           1973  22560.  30940.  36760.  31780.  28700.  58200.  48980. 126520. 138040.  30940.  13030.  16810.   583260.
           1974  20020.  25480.  27640.  28200.  27750.  40560.  19470.  60670.  55120.  13040.  13550.   4580.   336080.
           1975   6120.   7100.   8110.  11090.   9960.   7240.   4400.  16660. 160330. 163300.  14890.   9180.   418380.
           1976  10950.  16840.  21030.  20290.  26680.  37690.  15380.  31330.  29030.   3010.   4260.   5740.   222230.
           1977   7099.   7440.   7795.   9223.  10393.  10497.   2210.   3023.   3882.   2809.   2327.   2813.    69511.
           1978   3780.   4660.   6060.  10570.  13880.  21420.  24990.  17980. 109830.   8060.   2990.   3750.   227970.
           1979   5250.  16110.  15640.  15370.  16640.  48410.  57230.  61810.  35750.  21450.  32110.  28500.   354270.
           1980  11930.  10500.   8880.   9990.  15260.  13950.  11860.  32420. 165250.  23470.   5190.  14640.   323340.
           1981  18210.  21960.  32380.  20790.  14770.  10480.   6050.  12630.  54350.   4730.   4060.   4990.   205400.
           1982  14010.  10380.  19170.  27390.  35010.  34740.  32800.  66020. 146520.  46880.  11530.  32480.   476930.
           1983  86400.  61000.  60500.  59800.  50700.  73900.  49700.  85500. 475300. 153200.  54000.  46900.  1256900.
           1984  94030.  85880.  83170.  76600.  55450.  62490.  41880. 141440. 139440.  63950.  51860.  44380.   940570.
           1985  69100.  60340.  43430.  36480.  26140.  43930.  27770.  72820.  62480.  21360.  11690.  20510.   496050.
           1986  17200.  28500.  32100.  29700.  43000.  48900.  38000. 108100. 327400.  50300.  13700.  28900.   765800.
           1987  43440.  47540.  41700.  33950.  28070.  38130.  19340. 115420.  87900.  19540.  27990.  15080.   518100.
           1988  16010.  16550.  21450.  19570.  23460.  35160.  16060.  11960.   8230.   7400.   6980.   5300.   188130.
           1989   5841.   7644.   6756.   7303.   7698.  16233.  11460.   5038.   6159.   3263.   4157.   4810.    86362.
           1990   3253.   2535.   2436.   2664.   2924.   5433.   2493.   3025.  17897.   4947.   2694.   5014.    55315.
           1991   6056.   5064.   6377.   6498.   7981.   6448.   3053.   3138.  20743.   5566.   6670.   8557.    86151.
           1992   6926.   6869.   6948.  10143.  10959.  10350.   3174.   5597.   4612.   6052.   3816.   4473.    79919.
           1993   4340.   4560.   6240.   6040.   6270.  12400.   7940.  41980.  35720.   5510.   5890.   5290.   142180.
           1994  12478.  16822.  18581.  12583.  12611.  10705.   4627.   4376.   3578.   2868.   1993.   2951.   104173.
           1995   9280.   5360.   9860.  15450.   7890.   5310.   3310.  19570. 184340. 195380.  14100.  12050.   481900.
           1996  12811.  21239.  25892.  23978.  22973.  28084.  20198.  22856.  28891.   7343.   4572.   5284.   224121.
           1997   6230.  14080.  18270.  17020.  19620.  53390.  39070.  97490. 143330.   9840.  24340.  75230.   517910.
           1998  84060.  49360.  48460.  48210.  44930.  48760.  25350.  40930. 209690.  95230.  36880.  47890.   779750.
           1999  51280.  61760.  48400.  39130.  44030.  41950.  19600.  41770. 222330.  29320.  26580.  57710.   683860.
           2000  27894.  25728.  26924.  21261.  18538.  22314.  13156.   9092.   5393.   3761.   2779.   4157.   180997.
           2001   4590.   6210.  13220.  12150.  12180.  12550.   7210.  57860.  17150.   3640.   2700.   2320.   151780.
           2002   1966.   4475.   5978.   5794.   7214.   8384.   1807.   1688.   1364.    438.    362.   3186.    42656.
           2003   3049.   5137.   4506.   4709.   4786.   4064.   1406.   3701.   2698.    860.    814.   1357.    37087.
           2004   1845.   4122.   3059.   2422.   3086.   4132.   1676.   1730.   3848.   2886.   3243.   2918.    34967.
           2005   6990.  11430.  12790.  19620.  21750.  33520.  26350. 157280. 230480.  29350.  12530.  15460.   577550.
           2006  25170.  25770.  23620.  23140.  23100.  28090.  23490.  42310.  42220.   3740.   4930.   7340.   272920.
           2007  16875.  17685.  17722.  14261.  10869.  11099.   7722.   5752.   3017.   2662.   3118.   3098.   113880.
           2008   2513.   2936.   3969.   4477.   4790.  16959.  15929.   8223.  14259.   3660.  12038.  17220.   106973.
           2009   4380.   4470.   4010.   3970.   5220.   8530.   7870.  27910.  43300.   9200.   7670.   6200.   132730.
           2010   9480.  14700.  13320.  13370.  15020.  18190.  10170.   4280.  36100.   4420.   4750.   4420.   148220.
           2011   6310.   9570.   7870.  13400.  24340.  59450.  69120. 102890. 288080. 290680.  60110.  55610.   987430.
           2012  42440.  60270.  48580.  30160.  18440.  21940.   9360.   3980.   3220.   2630.   2130.   2890.   246040.
           2013   3346.   3751.   2432.                           6518.   3423.                                          

          +AVE.  27962.  26086.  28292.  27780.  26531.  34842.  26900.  50239. 128817.  36395.  18703.  20466.   453013.


          +   AVE. GIVEN FOR YEARS OF CONCURRENT DATA WITH CORRELATED STATION
                        09307300 PARIETTE DRAW AT MOUTH NEAR OURAY, UTAH                                                 PAGE  3

           R      0.711   0.756   0.590   0.410   0.538   0.505   0.242   0.466   0.592   0.837   0.956   0.755               0.854
           A   0.24E+040.11E+040.38E+030.20E+030.83E+03-.63E+030.40E+030.39E+030.54E+030.52E+030.87E+030.15E+04           0.115E+05
           B   0.18E-010.27E-010.11E-010.97E-02-.12E-010.62E-010.19E-010.14E-010.43E-020.99E-020.52E-010.62E-01           0.112E-01

           WATER
           YEAR    OCT     NOV     DEC     JAN     FEB     MAR     APR     MAY     JUN     JUL     AUG     SEP       SUM       ANN

          *1943   2737.   1735.    693.    459.    491.   1184.   1208.   1799.    980.    800.   2077.   1986.    16149.    16591.
          *1944   2814.   1785.    663.    428.    524.   2055.   1311.   2198.   1629.   1329.   1259.   1913.    17908.    19212.
          *1945   2840.   1851.    700.    497.    510.   1357.    847.   1224.    928.    821.   2476.   2201.    16253.    16111.
          *1946   2788.   1842.    652.    430.    581.   1181.   1154.   1382.    740.    571.   1184.   1734.    14238.    15018.
          *1947   2713.   2017.    724.    451.    406.   1564.    840.   2415.   1217.    842.   2147.   2216.    17552.    17859.
          *1948   2727.   1936.    730.    487.    524.   1818.    993.   1378.    757.    550.    976.   1566.    14441.    15179.
          *1949   2505.   1520.    671.    436.    560.   2087.   1269.   2187.   1524.   1011.   1218.   1973.    16962.    18231.
          *1950   2854.   1936.    697.    501.    519.   1835.   1236.   1765.   1366.    966.   1338.   2314.    17327.    17983.
          *1951   2696.   1870.    749.    457.    521.    781.    669.   1506.   1070.    829.   2237.   2081.    15466.    16344.
          *1952   2863.   2021.    748.    472.    517.   1300.   2500.   4680.   1831.   1211.   3419.   3341.    24904.    23133.
          *1953   2788.   1844.    797.    585.    435.   1493.    637.    600.    998.    650.   1477.   1767.    14071.    15449.
          *1954   2579.   1695.    674.    466.    537.    618.    651.    901.    562.    537.    930.   1870.    12021.    13619.
          *1955   2717.   1638.    583.    442.    581.   1461.    823.   1029.    685.    536.   1295.   1717.    13506.    14248.
          *1956   2529.   1542.    711.    468.    564.    903.    715.   1428.    927.    561.    996.   1561.    12906.    14986.
          *1957   2497.   1611.    592.    406.    589.    721.    619.    941.   1327.    862.   1821.   2422.    14406.    16027.
          *1958   2759.   2246.    714.    483.    460.   1548.    945.   2386.    979.    562.    927.   1654.    15664.    16690.
          *1959   2504.   1536.    623.    421.    551.    394.    499.    446.    687.    581.   1091.   1722.    11055.    13282.
          *1960   2613.   1505.    627.    422.    558.   1055.    558.    644.    637.    531.    912.   1553.    11616.    13394.
          *1961   2511.   1468.    583.    404.    611.      0.    430.    428.    554.    525.    900.   2318.    10730.    12668.
          *1962   2765.   1871.    680.    410.    318.   2379.   1732.   1634.   1165.    782.   1067.   1761.    16564.    17361.
          *1963   2684.   1546.    639.    380.    492.      0.    485.    825.    754.    550.   1115.   2374.    11843.    13907.
          *1964   2553.   1564.    626.    381.    615.    799.    664.   1400.   1062.    803.   1172.   1719.    13357.    15400.
          *1965   2509.   1624.    691.    462.    577.   1002.   1006.   1393.   1831.   2248.   3834.   5080.    22256.    20658.
          *1966   3263.   2415.    852.    585.    382.   2272.   1065.   1209.    611.    550.   1019.   1856.    16080.    15754.
          *1967   2618.   1655.    727.    524.    470.   1868.    752.   1174.   1621.   1274.   1441.   2106.    16230.    18075.
          *1968   2634.   1635.    746.    536.    433.   1851.    993.   1022.   1607.    755.   2221.   2260.    16692.    17735.
          *1969   2772.   1884.    811.    611.    391.   2584.   1700.   2978.   1135.    689.   1341.   2103.    19000.    18685.
          *1970   2768.   1751.    606.    342.    635.      0.    449.    632.    790.    606.   1018.   1775.    11373.    13688.
          *1971   2578.   1428.    462.    424.    467.    630.    620.    778.   1140.    712.   1060.   2014.    12314.    14967.
          *1972   2779.   1913.    676.    441.    415.   1686.    644.    904.   1036.    576.   1033.   1765.    13866.    15402.
          *1973   2821.   1982.    796.    512.    490.   2967.   1326.   2175.   1130.    825.   1547.   2525.    19095.    18007.
          *1974   2776.   1834.    693.    477.    501.   1877.    767.   1244.    776.    648.   1574.   1767.    14934.    15239.
          *1975   2529.   1335.    474.    310.    714.      0.    481.    622.   1225.   2135.   1644.   2052.    13521.    16160.
           1976   3269.   1979.    514.    183.    293.   1125.   1607.    662.    685.    239.    715.   1239.    12510.    12510.
           1977   2372.    547.     27.      3.    239.    502.    492.    378.    760.   1156.   1295.   1599.     9371.     9371.
           1978   1954.   1757.    968.    660.    560.   1751.    864.    866.    229.    226.    563.   1718.    12116.    12116.
           1979   2785.   1613.    664.    492.    793.   5121.   1125.   1041.   1194.   1176.   2521.   2251.    20776.    20776.
           1980   2624.   1922.    715.    708.    727.    743.    466.   1223.    646.    472.   1480.   3991.    15717.    15717.
           1981   3150.   2878.    978.    643.    711.   1414.   1277.   1372.    895.    760.    898.   3233.    18209.    18209.
           1982   3342.   1212.    820.    503.    396.    499.    663.   1162.   1999.   1052.   2346.   3890.    17884.    17884.
           1983   2638.   1720.    674.    482.    553.    858.    804.   2513.   1467.   1605.   3798.   4106.    21218.    21218.
           1984   4116.   3025.    947.    580.    370.   1703.    869.    654.   1939.   1225.   2967.   2737.    21132.    21132.
          *1985   3647.   2781.    871.    557.    520.   2085.    924.   1416.    807.    730.   1477.   2754.    18571.    17030.
          *1986   2726.   1916.    744.    491.    319.   2392.   1118.   1915.   1938.   1017.   1582.   3274.    19431.    20051.
          *1987   3192.   2433.    851.    533.    497.   1727.    764.   2018.    916.    712.   2326.   2418.    18388.    17277.
          *1988   2704.   1591.    624.    393.    552.   1544.    702.    555.    576.    592.   1232.   1812.    12878.    13582.
          *1989   2524.   1349.    459.    274.    741.    375.    615.    457.    567.    551.   1085.   1781.    10778.    12443.
          *1990   2478.   1211.    410.    229.    798.      0.    445.    429.    617.    568.   1009.   1794.     9986.    12095.
          *1991   2528.   1279.    454.    266.    737.      0.    456.    431.    629.    574.   1216.   2013.    10583.    12440.
          *1992   2543.   1328.    461.    301.    702.     12.    458.    465.    561.    579.   1067.   1760.    10237.    12370.
          *1993   2497.   1266.    453.    261.    758.    138.    548.    980.    693.    573.   1175.   1811.    11154.    13068.
          *1994   2642.   1599.    592.    325.    682.     34.    485.    448.    556.    547.    972.   1666.    10547.    12642.
          *1995   2585.   1287.    494.    353.    738.      0.    461.    663.   1327.   2453.   1603.   2230.    14193.    16872.
          *1996   2648.   1719.    674.    436.    558.   1107.    780.    709.    664.    592.   1106.   1811.    12803.    13985.
          *1997   2531.   1524.    588.    368.    598.   2670.   1138.   1765.   1152.    616.   2136.   6145.    21232.    17275.
          *1998   3913.   2483.    927.    671.    296.   2384.    878.    965.   1436.   1462.   2790.   4451.    22655.    20207.
          *1999   3331.   2820.    927.    583.    307.   1963.    769.    977.   1490.    809.   2253.   5060.    21287.    19133.
          *2000   2915.   1841.    685.    409.    611.    750.    647.    515.    564.    556.   1013.   1741.    12248.    13502.
          *2001   2502.   1310.    531.    321.    687.    147.    534.   1204.    614.    555.   1009.   1627.    11042.    13175.
          *2002   2455.   1263.    450.    259.    746.      0.    432.    410.    547.    523.    887.   1681.     9653.    11953.
          *2003   2474.   1281.    433.    248.    775.      0.    424.    439.    552.    527.    911.   1567.     9633.    11891.
          *2004   2453.   1254.    417.    226.    796.      0.    430.    411.    557.    547.   1037.   1664.     9792.    11867.
          *2005   2544.   1452.    526.    393.    573.   1442.    897.   2610.   1524.    809.   1521.   2441.    16735.    17943.
          *2006   2867.   1842.    648.    428.    557.   1107.    843.    985.    721.    556.   1125.   1938.    13616.    14532.
          *2007   2720.   1622.    582.    341.    703.     58.    544.    468.    554.    545.   1031.   1675.    10842.    12751.
          *2008   2465.   1221.    427.    246.    775.    420.    700.    503.    602.    555.   1495.   2550.    11959.    12673.
          *2009   2498.   1263.    428.    241.    770.      0.    547.    781.    726.    610.   1268.   1867.    10999.    12962.
          *2010   2588.   1541.    532.    333.    653.    496.    590.    447.    695.    563.   1116.   1757.    11311.    13135.
          *2011   2532.   1402.    471.    333.    542.   3044.   1707.   1841.   1770.   3396.   4000.   4929.    25968.    22532.
          *2012   3174.   2779.    929.    496.    612.    727.    575.    443.    555.    545.    979.   1662.    13476.    14231.
          *2013   2479.   1244.    410.                            521.    435.                                                    

           AVE.   2739.   1727.    644.    424.    560.   1166.    827.   1167.    986.    829.   1525.   2310.    14932.    15709.


          * DATA CORRELATED WITH STATION:     09302000 DUCHESNE RIVER NEAR RANDLETT, UT                                       
          Count      71      71      71      70      70      70      71      71      70      70      70      70                  70

           NUMBER OF YEARS   70                       Linear Regression   
                                                                                                                        PAGE  4

          Correlation Coefficients           11:45:28.7          06/18/2013
                      Linear Regression   
          1 OCT  A=0.242003659E+04, B=0.177604244E-01, R=  0.710725, R*R=  0.505130
          2 NOV  A=0.114169504E+04, B=0.271689083E-01, R=  0.756420, R*R=  0.572171
          3 DEC  A=0.382643509E+03, B=0.112432338E-01, R=  0.589931, R*R=  0.348019
          4 JAN  A=0.202619406E+03, B=0.972160698E-02, R=  0.410268, R*R=  0.168320
          5 FEB  A=0.832633694E+03, B=-.119418185E-01, R=  0.538441, R*R=  0.289919
          6 MAR  A=-.627558241E+03, B=0.617546063E-01, R=  0.505150, R*R=  0.255176
          7 APR  A=0.397834200E+03, B=0.189437927E-01, R=  0.241719, R*R=  0.058428
          8 MAY  A=0.386227790E+03, B=0.141417836E-01, R=  0.465886, R*R=  0.217050
          9 JUN  A=0.540824014E+03, B=0.426719743E-02, R=  0.592208, R*R=  0.350710
         10 JUL  A=0.518819582E+03, B=0.989905258E-02, R=  0.836525, R*R=  0.699774
         11 AUG  A=0.868217245E+03, B=0.520958895E-01, R=  0.955580, R*R=  0.913134
         12 SEP  A=0.148315229E+04, B=0.619726557E-01, R=  0.754511, R*R=  0.569286
         13 ANN  A=0.114756183E+05, B=0.111973217E-01, R=  0.853620, R*R=  0.728668


         Base Station:       09302000.mon
         Correlated Station: 09307300.mon
         Print File Name:    O:\STREAMFL\MONTH\09307300.prn
         Output/Save File:   
