                        09308000 WILLOW CREEK NEAR OURAY, UTAH                                                           PAGE  1

           WATER
           YEAR    OCT     NOV     DEC     JAN     FEB     MAR     APR     MAY     JUN     JUL     AUG     SEP       ANN

           1947                                                                             18.   1209.    144.          
           1948    720.    680.    220.    268.    426.   2106.   7111.   3146.    921.    607.     63.     56.    16324.
           1949    565.    662.    615.    553.    577.   2206.   3681.   7091.   5647.   3681.   1968.   1390.    28636.
           1950   2309.   2335.   1238.   1071.   1369.   3118.   5397.   4945.   2041.   1472.    540.    985.    26820.
           1951   1325.   1817.   1702.   1041.   1289.   2612.   2124.    463.    187.     16.    137.     95.    12809.
           1952    623.    775.    797.    726.    690.   1041.   5500.  13658.   4612.   2061.   3064.   1718.    35265.
           1953   1676.   1583.   1291.   1230.   1307.   2305.   2527.    759.    180.    178.    410.    127.    13573.
           1954    818.   1004.   1240.   1230.   1337.   2287.   2858.    556.    201.    273.    114.    664.    12581.
           1955    721.    898.    676.    615.    579.   2761.   2620.    868.     30.      6.    864.     62.    10701.
           1975    529.    922.    523.    798.    720.   1698.   2243.   4181.   3542.   1745.    350.    247.    17498.
           1976   1256.   1492.   1168.   1190.   1472.   2358.   2519.   2567.    622.    160.     60.    152.    15016.
           1977    442.    473.    630.    797.   1061.   1297.    613.    161.     27.   1408.    141.    162.     7213.
           1978    254.    765.    768.    690.    675.   1063.   1668.   1609.    220.      1.      0.      0.     7713.
           1979      5.    390.    615.    615.    672.   2432.   3043.   8573.   5334.   1377.    587.    191.    23834.
           1980    724.   1059.    819.    926.   4877.   2791.   3580.   9037.   4052.   1091.    485.   2369.    31810.
           1981   1160.   1363.   1696.   1408.   1767.   1995.   2529.    667.    223.    265.    251.    520.    13845.
           1982   1518.   1127.    767.    805.   2049.   2023.   2087.   1496.    339.    297.    682.    644.    13833.
           1983    914.   1107.   1012.    934.   1248.   2454.   2220.   9860.  12264.   4130.   3080.   1638.    40861.

           AVE.    865.   1061.    883.    833.    936.   2099.   3223.   3737.   1813.    929.    679.    428.    17537.

          Count     13      13      13      13      13      13      13      13      13      14      14      14        13
                        09306500 WHITE RIVER NEAR WATSON, UTAH                                                           PAGE  2

           WATER
           YEAR    OCT     NOV     DEC     JAN     FEB     MAR     APR     MAY     JUN     JUL     AUG     SEP       ANN

           1923                                                  49740. 119240. 110760.  52630.  47910.  29370.          
           1924  35140.  30200.  29400.  27050.  24160.  28280.  31540.  88170. 110680.  26860.  21420.  21380.   474280.
           1925  24290.  22660.  22440.  21520.  22490.  36280.  56950. 100460.  91240.  59360.  38890.  43080.   539660.
           1926  47420.  37220.  36890.  35660.  32210.  40580.  62830. 121450. 134940.  59770.  38730.  21060.   668760.
           1927  35730.  24160.  24900.  24600.  30550.  52820.  30980.  97370. 105860.  53150.  34740.  36770.   551630.
           1928  33680.  32680.  27670.  25820.  24160.  46120.  47110. 185040. 118610.  67940.  49360.  38060.   696250.
           1929  54850.  39190.  24600.  27670.  24990.  70710. 146720. 217490. 239110. 179720. 117750. 114070.  1256870.
           1930  63250.  42410.  30740.  23370.  31100.  36890.  74310.  73770. 107920.  36050.  54960.  29870.   604640.
           1931  29920.  23190.  14140.  17830.  20830.  32280.  40280.  64270.  61340.  17470.  21590.  22510.   365650.
           1932  25730.  23350.  26130.  25820.  26460.  43660.  47370. 129440. 112960.  60230.  45810.  27730.   594690.
           1933  27660.  25450.  26130.  24900.  26940.  42120.  49980.  71050. 160280.  33950.  27860.  22000.   538320.
           1934  23760.  26220.  25330.  24600.  29940.  25680.  34090.  42320.  13480.   6700.  12140.  16500.   280760.
           1935  17310.  17060.  19980.  20870.  20670.  23860.  23300.  63140. 123770.  32320.  18310.  21810.   402400.
           1936  20030.  22270.  20320.  22380.  21150.  23840.  39910. 121490.  91640.  37010.  29470.  22130.   471640.
           1937  23110.  19530.  17620.   9840.  16110.  31730.  22020.  82640.  59380.  54600.  23220.  32210.   392010.
           1938  28290.  19340.  16900.  17510.  20720.  41770.  43270. 124430. 155130.  49440.  31380.  51260.   599440.
           1939  29020.  20130.  18100.  20110.  20000.  72580.  40410.  93000.  69930.  19120.  18880.  27130.   448410.
           1940  26500.  22300.  20400.  20950.  21190.  24980.  36950. 100490.  57500.  17430.  14540.  24410.   387640.
           1941  30430.  22000.  18170.  18190.  22220.  31400.  33580. 156100. 117660.  40340.  32780.  28680.   551550.
           1942  44040.  28660.  23850.  22680.  22080.  43400. 107030. 158460. 143740.  44460.  26600.  22920.   687920.
           1943  28980.  27410.  22650.  21250.  24070.  33090.  40170.  56020.  87170.  30970.  44250.  19860.   435890.
           1944  21280.  23000.  21340.  18810.  21400.  32170.  28520.  94230. 111650.  39800.  18370.  15140.   445710.
           1945  19300.  20100.  19980.  25490.  25620.  28090.  29580. 108130. 105180.  56890.  37540.  23480.   499380.
           1946  24800.  26600.  20500.  22100.  20690.  30310.  43430.  68080.  66720.  20970.  29300.  20840.   394340.
           1947  27590.  24430.  22960.  16610.  19450.  42600.  35160. 139930. 116030.  60850.  37290.  26270.   569170.
           1948  33720.  27880.  27050.  23440.  21240.  38100.  58850. 128250.  91450.  31390.  27770.  18780.   527920.
           1949  23820.  22470.  19300.  15010.  13690.  38840.  44420. 105940. 158500.  72810.  30510.  28150.   573460.
           1950  33680.  26090.  20880.  20420.  17390.  29870.  33300.  63140. 119960.  37810.  20260.  23960.   446760.
           1951  24730.  23460.  22530.  18140.  23520.  26840.  26130.  79040. 112400.  51130.  38650.  21240.   467810.
           1952  25110.  22750.  20990.  20120.  19300.  20650.  77080. 148720. 209950.  50320.  46150.  33210.   694350.
           1953  25800.  21840.  26280.  24690.  23250.  35480.  29670.  70190. 134390.  32800.  34390.  17110.   475890.
           1954  21140.  24140.  21350.  22670.  25570.  24460.  34500.  68780.  31900.  18260.  13330.  34520.   340620.
           1955  26490.  20010.  17970.  15950.  18760.  46620.  31070.  87010.  75640.  15520.  20550.  12370.   387960.
           1956  20360.  21520.  21260.  20140.  19430.  43580.  33200.  98650.  84930.  21950.  21230.  12900.   419150.
           1957  19300.  20550.  18130.  21480.  22180.  30560.  29360.  76340. 217860. 168830.  67010.  36500.   728100.
           1958  32830.  33180.  28350.  23930.  35390.  35260.  45170. 148250. 131500.  33580.  21840.  25460.   594740.
           1959  27390.  24540.  22040.  23490.  20820.  23550.  30370.  63890.  96360.  29880.  29430.  24090.   415850.
           1960  28240.  22700.  20260.  16720.  19460.  35110.  40460.  69080.  94730.  21400.  13950.  18870.   400980.
           1961  21220.  21330.  18850.  18600.  19300.  22820.  21880.  64690.  64680.  15960.  18450.  37960.   345740.
           1962  38260.  25760.  23030.  20750.  37220.  66370.  84900. 138370. 127740.  58830.  25360.  21030.   667620.
           1963  27930.  25240.  21340.  20330.  23760.  23890.  28970.  71200.  30570.  11660.  25370.  26760.   337020.
           1964  14920.  19280.  15530.  17060.  18760.  26040.  30320.  84210.  99350.  30220.  24680.  15700.   396070.
           1965  20060.  20350.  21540.  23350.  22390.  33460.  35100.  98050. 157690.  69380.  31910.  32520.   565800.
           1966  33560.  27800.  26580.  24340.  20690.  62360.  32210.  71560.  25600.   9920.  16330.  13800.   364750.
           1967  23140.  17630.  18660.  18070.  17650.  28700.  24300.  69420. 101820.  30530.  16760.  19480.   386160.
           1968  21870.  19770.  18190.  17910.  20230.  24530.  28570.  71450. 149340.  36960.  42590.  21540.   472950.
           1969  25850.  23740.  25920.  23480.  19380.  32750.  52420. 115810.  74590.  33400.  24690.  29650.   481680.
           1970  32890.  27040.  24450.  25970.  24610.  25230.  26990. 123400. 141180.  51920.  31800.  28970.   564450.
           1971  32540.  27980.  25780.  26450.  21630.  35770.  42980.  86030. 135190.  47230.  20190.  29200.   530970.
           1972  27670.  28630.  24340.  24320.  22160.  26130.  30230.  71690. 108080.  22360.  15610.  21530.   422750.
           1973  29590.  25790.  25420.  26760.  21300.  32820.  28140. 128620. 136940.  56090.  28080.  25950.   565500.
           1974  29320.  26980.  24970.  24490.  18600.  42240.  43770. 127640.  99470.  36530.  22930.  18530.   515470.
           1975  26950.  25250.  18670.  20810.  21080.  32110.  28960.  75960. 158920.  93690.  30580.  25830.   558810.
           1976  27790.  24980.  18210.  16420.  25750.  33610.  30960.  87190.  71610.  22380.  20670.  17170.   396740.
           1977  23625.  20452.  17970.  19706.  19428.  24331.  24514.  23629.  15673.   8565.  12686.  12575.   223154.
           1978  16540.  18490.  17040.  18430.  17010.  28090.  35930.  93070. 174590.  66170.  23440.  23500.   532300.
           1979  23160.  23460.  23900.  18960.  15700.  31570.  43280. 117040. 148760.  61200.  29170.  18790.   554990.
           1986  46900.  40220.  22630.  35000.  78550.  44310.  80630. 151990. 181880.  94130.  46140.  38150.   860530.
           1987  47070.  39040.  32670.  27820.  35930.  45870.  64110. 123110.  67080.  33410.  36350.  23140.   575600.
           1988  28850.  29810.  27450.  34880.  49810.  48450.  48990. 103000.  99680.  33290.  22040.  23060.   549310.
           1989  26930.  27630.  19610.  21190.  23730.  46160.  46170.  58910.  52150.  20790.  22760.  15020.   381050.
           1990  22290.  23850.  19010.  20130.  26080.  30500.  27360.  31590.  61520.  22030.  11200.  13550.   309110.
           1991  24770.  22640.  17750.  18160.  20600.  27210.  26840.  81180.  97110.  34750.  25780.  21450.   418240.
           1992  21740.  31500.  19810.  18020.  26590.  38870.  35070.  78030.  39390.  30480.  18100.  21610.   379210.
           1993  21600.  23260.  18100.  18360.  19650.  43150.  48290. 157980. 161830.  66060.  30410.  24070.   632760.
           1994  30790.  25470.  22400.  19550.  18640.  25660.  29530.  49080.  31670.  11590.   8710.  13570.   286660.
           1995  22340.  16620.  10820.  11150.  23140.  23140.  26800.  93330. 198350. 149610.  37410.  30740.   643450.
           1996  33780.  28870.  24390.  24180.  23940.  30160.  48250. 118210. 108140.  43420.  22050.  23750.   529140.
           1997  30840.  32330.  27870.  24750.  22570.  47630.  42380. 131270. 168610.  57100.  50470.  67540.   703360.
           1998  56580.  42600.  34430.  25390.  29290.  48040.  75290. 185300. 149550.  76630.  38480.  27060.   788640.
           1999  39050.  33430.  31580.  28800.  25640.  34250.  39840.  99970. 124300.  43920.  33440.  24970.   559190.
           2000  27160.  26740.  24840.  28080.  24070.  26770.  38460.  95460.  62290.  17570.  12370.  20810.   404620.
           2001  24600.  19990.  18520.  20300.  21140.  29940.  32400.  94520.  59480.  22650.  18050.  15720.   377310.
           2002  23429.  20223.  14582.  19325.  18262.  26670.  31214.  27531.  11131.   4497.   6190.  12327.   215381.
           2003  19530.  18570.  13760.  21810.  20030.  23860.  27390.  83670. 111310.  22010.  10430.  18180.   390550.
           2004  18540.  21480.  19660.  15360.  17690.  23170.  31690.  63550.  43110.  19970.   9160.  14590.   297970.
                        09306500 WHITE RIVER NEAR WATSON, UTAH                                                           PAGE  3

           WATER
           YEAR    OCT     NOV     DEC     JAN     FEB     MAR     APR     MAY     JUN     JUL     AUG     SEP       ANN

           2005  23380.  23170.  20060.  30360.  19400.  23240.  37560.  97520. 128570.  45250.  24440.  19500.   492450.
           2006  29790.  25400.  28280.  27840.  22030.  28620.  56450. 128530.  79500.  29970.  22430.  22560.   501400.
           2007  39300.  27330.  20340.  16060.  16210.  37080.  48250.  84660.  45730.  20620.  16940.  18790.   391310.
           2008  28470.  20370.  15070.  14860.  14600.  22330.  35000. 108590. 150590.  58330.  27480.  22420.   518110.
           2009  26920.  25110.  21340.  16760.  23930.  28200.  36860. 133980. 107440.  43010.  16230.  17850.   497630.
           2010  26680.  23750.  13440.  18300.  19960.  29910.  43100.  73040. 100140.  24040.  23170.  12050.   407580.
           2011  22330.  24650.  24670.  25090.  26640.  40880.  42320. 102910. 259640. 165800.  45410.  30240.   810580.
           2012  36010.  33140.  27040.  25800.  22480.  30540.  39870.  34380.  13510.  12870.  11100.  10200.   296940.
           2013  19170.  20640.  11360.                          18510.  65750.                                          

          +AVE.  25581.  23175.  20934.  19597.  20130.  31582.  38359.  88305. 115673.  44492.  27532.  22391.   475443.


          +   AVE. GIVEN FOR YEARS OF CONCURRENT DATA WITH CORRELATED STATION
                        09308000 WILLOW CREEK NEAR OURAY, UTAH                                                           PAGE  4

           R      0.757   0.558   0.257   0.451   0.793   0.706   0.867   0.853   0.804   0.642   0.779   0.821               0.838
           A   -.26E+04-.41E+04-.18E+04-.12E+04-.11E+04-.78E+03-.14E+04-.73E+04-.26E+04-.10E+04-.18E+04-.14E+04          -0.164E+05
           B   0.14E+000.22E+000.13E+000.10E+000.10E+000.91E-010.12E+000.13E+000.38E-010.44E-010.90E-010.80E-01           0.714E-01

           WATER
           YEAR    OCT     NOV     DEC     JAN     FEB     MAR     APR     MAY     JUN     JUL     AUG     SEP       SUM       ANN

          *1923                                                   4592.   7619.   1624.   1285.   2523.    989.                    
          *1924   2164.   2615.   1955.   1600.   1341.   1798.   2404.   3720.   1621.    156.    126.    347.    19847.    17454.
          *1925    689.    947.   1074.   1031.   1174.   2527.   5458.   5262.    875.   1580.   1707.   2092.    24417.    22122.
          *1926   3833.   4168.   2904.   2486.   2150.   2920.   6165.   7896.   2552.   1598.   1693.    321.    38687.    31339.
          *1927   2244.   1279.   1386.   1348.   1983.   4036.   2336.   4874.   1436.   1308.   1331.   1585.    25147.    22976.
          *1928   1966.   3164.   1736.   1473.   1341.   3425.   4275.  15877.   1925.   1956.   2655.   1689.    41482.    33302.
          *1929   4843.   4604.   1348.   1664.   1425.   5668.  16250.  19949.   6551.   6853.   8844.   7803.    85801.    73327.
          *1930   5984.   5317.   2125.   1221.   2039.   2583.   7545.   1913.   1515.    559.   3161.   1030.    34992.    26761.
          *1931   1455.   1065.     23.    651.   1007.   2162.   3454.    720.      0.      0.    141.    438.    11116.     9698.
          *1932    885.   1100.   1541.   1473.   1572.   3201.   4307.   8899.   1708.   1618.   2333.    858.    29496.    26051.
          *1933   1147.   1565.   1541.   1379.   1621.   3060.   4620.   1571.   3525.    467.    709.    397.    21601.    22026.
          *1934    617.   1735.   1440.   1348.   1922.   1560.   2710.      0.      0.      0.      0.      0.    11333.     3638.
          *1935      0.      0.    763.    964.    991.   1394.   1413.    579.   2123.    396.      0.    381.     9003.    12322.
          *1936    110.    861.    806.   1119.   1039.   1393.   3410.   7901.    890.    601.    854.    407.    19391.    17265.
          *1937    529.    255.    464.      0.    533.   2112.   1259.   3026.      0.   1372.    289.   1218.    11056.    11580.
          *1938   1233.    213.    372.    618.    996.   3028.   3814.   8270.   3327.   1146.   1027.   2750.    26794.    26390.
          *1939   1332.    388.    524.    885.    923.   5839.   3470.   4326.     57.      0.      0.    809.    18553.    15607.
          *1940    990.    868.    816.    972.   1043.   1497.   3054.   5266.      0.      0.      0.    590.    15095.    11268.
          *1941   1524.    801.    533.    688.   1146.   2082.   2649.  12245.   1889.    747.   1154.    934.    26392.    22971.
          *1942   3374.   2275.   1253.   1150.   1132.   3177.  11479.  12541.   2890.    927.    595.    471.    41262.    32707.
          *1943   1327.   1998.   1101.   1003.   1332.   2236.   3441.      0.    718.    336.   2192.    224.    15910.    14713.
          *1944    280.   1023.    935.    752.   1064.   2152.   2041.   4480.   1658.    723.      0.      0.    15108.    15414.
          *1945     11.    381.    763.   1439.   1488.   1780.   2168.   6225.   1410.   1472.   1585.    516.    19237.    19246.
          *1946    759.   1819.    828.   1090.    993.   1983.   3833.   1198.      0.      0.    839.    303.    13646.    11747.
          *1947   1138.   1339.   1140.    525.    868.   3104.   2839.  10215.   1826.     18.   1209.    144.    24365.    24229.
           1948    720.    680.    220.    268.    426.   2106.   7111.   3146.    921.    607.     63.     56.    16324.    16324.
           1949    565.    662.    615.    553.    577.   2206.   3681.   7091.   5647.   3681.   1968.   1390.    28636.    28636.
           1950   2309.   2335.   1238.   1071.   1369.   3118.   5397.   4945.   2041.   1472.    540.    985.    26820.    26820.
           1951   1325.   1817.   1702.   1041.   1289.   2612.   2124.    463.    187.     16.    137.     95.    12809.    12809.
           1952    623.    775.    797.    726.    690.   1041.   5500.  13658.   4612.   2061.   3064.   1718.    35265.    35265.
           1953   1676.   1583.   1291.   1230.   1307.   2305.   2527.    759.    180.    178.    410.    127.    13573.    13573.
           1954    818.   1004.   1240.   1230.   1337.   2287.   2858.    556.    201.    273.    114.    664.    12581.    12581.
           1955    721.    898.    676.    615.    579.   2761.   2620.    868.     30.      6.    864.     62.    10701.    10701.
          *1956    155.    695.    925.    888.    866.   3193.   2603.   5035.    632.      0.    109.      0.    15102.    13518.
          *1957     11.    481.    528.   1026.   1142.   2006.   2142.   2235.   5735.   6376.   4252.   1563.    27497.    35576.
          *1958   1850.   3275.   1822.   1279.   2470.   2434.   4042.  11260.   2420.    451.    164.    675.    32141.    26054.
          *1959   1111.   1363.   1023.   1233.   1006.   1366.   2263.    673.   1071.    289.    851.    565.    12814.    13282.
          *1960   1226.    956.    798.    536.    869.   2421.   3476.   1324.   1009.      0.      0.    145.    12760.    12221.
          *1961    272.    653.    619.    730.    853.   1300.   1242.    773.      0.      0.      0.   1680.     8123.     8277.
          *1962   2588.   1633.   1149.    951.   2653.   5272.   8818.  10020.   2276.   1557.    483.    319.    37719.    31258.
          *1963   1184.   1518.    935.    908.   1301.   1397.   2095.   1590.      0.      0.    483.    780.    12191.     7654.
          *1964      0.    200.    199.    571.    799.   1593.   2257.   3223.   1186.    304.    421.      0.    10752.    11870.
          *1965    114.    436.    960.   1219.   1164.   2270.   2832.   4960.   3425.   2019.   1075.   1243.    21717.    23988.
          *1966   1949.   2084.   1598.   1321.    993.   4906.   2484.   1635.      0.      0.      0.      0.    16971.     9634.
          *1967    533.      0.    595.    675.    687.   1836.   1533.   1367.   1281.    317.      0.    194.     9019.    11163.
          *1968    360.    308.    536.    659.    947.   1455.   2047.   1621.   3105.    599.   2042.    360.    14038.    17359.
          *1969    901.   1186.   1515.   1232.    861.   2205.   4914.   7188.    236.    443.    422.   1012.    22116.    17982.
          *1970   1858.   1916.   1329.   1489.   1387.   1519.   1857.   8141.   2792.   1254.   1065.    957.    25564.    23892.
          *1971   1811.   2124.   1497.   1538.   1087.   2481.   3779.   3451.   2562.   1049.     15.    976.    22369.    21501.
          *1972   1149.   2268.   1315.   1319.   1140.   1601.   2246.   1652.   1521.      0.      0.    359.    14570.    13775.
          *1973   1410.   1640.   1451.   1570.   1054.   2212.   1995.   8796.   2629.   1437.    729.    714.    25637.    23967.
          *1974   1373.   1903.   1394.   1336.    783.   3071.   3874.   8673.   1191.    580.    263.    117.    24558.    20395.
           1975    529.    922.    523.    798.    720.   1698.   2243.   4181.   3542.   1745.    350.    247.    17498.    17498.
           1976   1256.   1492.   1168.   1190.   1472.   2358.   2519.   2567.    622.    160.     60.    152.    15016.    15016.
           1977    442.    473.    630.    797.   1061.   1297.    613.    161.     27.   1408.    141.    162.     7213.     7213.
           1978    254.    765.    768.    690.    675.   1063.   1668.   1609.    220.      1.      0.      0.     7713.     7713.
           1979      5.    390.    615.    615.    672.   2432.   3043.   8573.   5334.   1377.    587.    191.    23834.    23834.
           1980    724.   1059.    819.    926.   4877.   2791.   3580.   9037.   4052.   1091.    485.   2369.    31810.    31810.
           1981   1160.   1363.   1696.   1408.   1767.   1995.   2529.    667.    223.    265.    251.    520.    13845.    13845.
           1982   1518.   1127.    767.    805.   2049.   2023.   2087.   1496.    339.    297.    682.    644.    13833.    13833.
           1983    914.   1107.   1012.    934.   1248.   2454.   2220.   9860.  12264.   4130.   3080.   1638.    40861.    40861.
          *1986   3762.   4832.   1098.   2418.   6805.   3260.   8305.  11729.   4354.   3103.   2363.   1696.    53726.    45030.
          *1987   3785.   4571.   2370.   1679.   2524.   3402.   6319.   8105.      0.    443.   1477.    488.    35164.    24688.
          *1988   1309.   2529.   1709.   2406.   3918.   3637.   4501.   5581.   1199.    438.    182.    482.    27891.    22811.
          *1989   1048.   2047.    716.    997.   1298.   3429.   4162.     48.      0.      0.    247.      0.    13991.    10798.
          *1990    418.   1211.    640.    887.   1534.   2000.   1901.      0.      0.      0.      0.      0.     8591.     5662.
          *1991    755.    943.    480.    685.    984.   1700.   1839.   2842.   1100.    502.    521.    352.    12702.    13453.
          *1992    343.   2903.    741.    670.   1585.   2764.   2828.   2447.      0.    315.      0.    365.    14962.    10666.
          *1993    324.   1080.    524.    705.    888.   3154.   4417.  12481.   3584.   1874.    940.    563.    30534.    28769.
          *1994   1573.   1569.   1069.    828.    787.   1559.   2162.      0.      0.      0.      0.      0.     9546.     4059.
          *1995    424.      0.      0.      0.   1239.   1329.   1834.   4367.   4986.   5534.   1573.   1100.    22386.    29532.
                        09308000 WILLOW CREEK NEAR OURAY, UTAH                                                           PAGE  5

           WATER
           YEAR    OCT     NOV     DEC     JAN     FEB     MAR     APR     MAY     JUN     JUL     AUG     SEP       SUM       ANN

          *1996   1979.   2321.   1321.   1304.   1319.   1969.   4412.   7490.   1523.    882.    183.    537.    25242.    21371.
          *1997   1580.   3087.   1762.   1363.   1182.   3563.   3707.   9129.   3845.   1481.   2755.   4060.    37511.    33809.
          *1998   5078.   5359.   2592.   1429.   1857.   3600.   7663.  15909.   3113.   2337.   1670.    804.    51410.    39898.
          *1999   2695.   3330.   2232.   1780.   1490.   2342.   3401.   5201.   2144.    904.   1214.    636.    27368.    23516.
          *2000   1079.   1850.   1378.   1706.   1332.   1660.   3236.   4635.      0.      0.      0.    301.    17176.    12481.
          *2001    731.    357.    578.    905.   1038.   1949.   2507.   4517.      0.      0.      0.      0.    12581.    10531.
          *2002    572.    408.     79.    805.    749.   1651.   2365.      0.      0.      0.      0.      0.     6628.        0.
          *2003     42.     42.      0.   1060.    926.   1394.   1905.   3155.   1645.      0.      0.     89.    10260.    11476.
          *2004      0.    686.    722.    396.    691.   1331.   2422.    630.      0.      0.      0.      0.     6879.     4866.
          *2005    566.   1060.    773.   1941.    863.   1338.   3127.   4893.   2308.    962.    399.    196.    18425.    18751.
          *2006   1437.   1553.   1814.   1681.   1127.   1829.   5398.   8785.    424.    293.    217.    442.    25000.    19390.
          *2007   2729.   1980.    808.    468.    543.   2600.   4412.   3279.      0.      0.      0.    138.    16960.    11530.
          *2008   1257.    441.    141.    345.    381.   1255.   2820.   6282.   3153.   1535.    674.    430.    18714.    20583.
          *2009   1047.   1489.    935.    541.   1318.   1790.   3043.   9469.   1497.    864.      0.     63.    22055.    19121.
          *2010   1014.   1188.      0.    699.    919.   1946.   3793.   1821.   1216.     33.    284.      0.    12915.    12692.
          *2011    423.   1388.   1356.   1398.   1590.   2947.   3700.   5570.   7339.   6243.   2297.   1059.    35310.    41464.
          *2012   2282.   3266.   1657.   1471.   1173.   2004.   3405.      0.      0.      0.      0.      0.    15257.     4793.
          *2013      0.    500.      0.                            837.    906.                                                    

           AVE.   1283.   1550.   1030.   1069.   1270.   2385.   3621.   5012.   1669.    982.    865.    686.    21643.    19512.


          * DATA CORRELATED WITH STATION:     09306500 WHITE RIVER NEAR WATSON, UTAH                                          
          Count      84      84      84      83      83      83      85      85      84      84      84      84                  87

           NUMBER OF YEARS   87                       Linear Regression   
                                                                                                                        PAGE  6

          Correlation Coefficients           09:06:40.1          06/18/2013
                      Linear Regression   
          1 OCT  A=-.261197802E+04, B=0.135912599E+00, R=  0.757471, R*R=  0.573763
          2 NOV  A=-.406588988E+04, B=0.221235523E+00, R=  0.557865, R*R=  0.311213
          3 DEC  A=-.176766390E+04, B=0.126636403E+00, R=  0.257091, R*R=  0.066096
          4 JAN  A=-.118499090E+04, B=0.102953619E+00, R=  0.450685, R*R=  0.203117
          5 FEB  A=-.108574302E+04, B=0.100459552E+00, R=  0.793275, R*R=  0.629285
          6 MAR  A=-.782091743E+03, B=0.912185533E-01, R=  0.706402, R*R=  0.499003
          7 APR  A=-.138790819E+04, B=0.120215629E+00, R=  0.866700, R*R=  0.751169
          8 MAY  A=-.734529290E+04, B=0.125496126E+00, R=  0.852658, R*R=  0.727026
          9 JUN  A=-.262761107E+04, B=0.383858438E-01, R=  0.804189, R*R=  0.646720
         10 JUL  A=-.102032429E+04, B=0.438087318E-01, R=  0.642339, R*R=  0.412599
         11 AUG  A=-.181251284E+04, B=0.904987462E-01, R=  0.778663, R*R=  0.606316
         12 SEP  A=-.137314895E+04, B=0.804436887E-01, R=  0.820977, R*R=  0.674003
         13 ANN  A=-.164074211E+05, B=0.713953283E-01, R=  0.837537, R*R=  0.701468


         Base Station:       09306500.mon
         Correlated Station: 09308000.MON
         Print File Name:    O:\STREAMFL\MONTH\09308000.prn
         Output/Save File:   
