                        09339000 BOULDER CREEK NEAR BOULDER, UT                                                          PAGE  1

           WATER
           YEAR    OCT     NOV     DEC     JAN     FEB     MAR     APR     MAY     JUN     JUL     AUG     SEP       ANN

           1950                                                                          187.00  490.00  571.00          
           1951    648.   1355.   1860.   2525.   1882.   1684.    740.   2041.    498.    497.   1406.    570.    15706.
           1952    829.   1127.   1603.   1684.   2140.   2350.   2739.   4871.   2833.    710.    926.   1438.    23250.
           1953    851.   1682.   3023.   2686.   2315.   2182.    718.    872.    476.    666.    775.    582.    16828.
           1954    816.   2035.   1728.   1819.   1888.   1589.   1101.   1294.    568.    711.    534.    771.    14854.
           1955    839.    924.   1339.   1390.   1140.   2261.    978.   1070.    627.    920.    811.    468.    12767.
           2003                   1271.   1819.   1599.   2003.    932.   4408.    418.    384.    494.    433.          
           2004   1119.   1720.   1991.   1928.   1962.   2253.   1158.   1257.    428.    542.    547.    562.    15467.
           2005   1575.   2660.   2301.   2928.   2235.   2684.   3199.   5193.   7422.   3265.   2993.   2364.    38819.
           2006   3374.   3380.   3235.   3283.   2900.   3414.   2963.   5000.    547.    442.    654.    979.    30171.
           2007   5935.   1396.                                                                                          

           AVE.   1776.   1809.   2039.   2229.   2007.   2269.   1614.   2890.   1535.    832.    963.    874.    20983.

          Count      9       9       9       9       9       9       9       9       9      10      10      10         8
                        09326500 FERRON CREEK (UPPER STATION) NEAR FERRON, UT                                            PAGE  2

           WATER
           YEAR    OCT     NOV     DEC     JAN     FEB     MAR     APR     MAY     JUN     JUL     AUG     SEP       ANN

           1912    883.   1089.    720.    492.    403.    611.   1297.  14642.  27842.   7144.   2505.   1230.    58858.
           1913   1234.   1031.    821.    492.    444.    738.   3201.  15806.  12385.   4621.   1682.   2438.    44893.
           1914    825.    657.    553.    553.    484.    897.   3037.  28859.  23379.   8424.   3193.   1587.    72448.
           1915   1248.    833.    738.    676.    611.    845.   3289.   9408.  18478.   4356.   1892.   1194.    43568.
           1916    587.    536.    615.    573.    518.   1073.   4223.  13240.  23020.   6861.   5780.   1763.    58789.
           1917   4310.   1340.   1240.    610.    890.   1390.   5470.  15960.  35610.  10820.   2950.   1950.    82540.
           1918    978.    811.    738.    676.    555.   1222.   1650.  10661.  14688.   4266.   2878.   2511.    41634.
           1919    980.    524.    430.    399.    444.    536.   4863.  19807.   6978.   2535.   2104.   1329.    40929.
           1920    760.    746.    615.    430.    518.    746.   2029.  20616.  19349.   4354.   2194.   1371.    53728.
           1921    950.    750.    680.    840.    930.   1030.   1880.  13890.  38030.   9450.   4360.   2220.    75010.
           1922   1803.   1240.   1140.    599.   1111.   1575.   2515.  20824.  22705.   3749.   2561.   1781.    61603.
           1923   1438.   1484.    797.    615.    555.    851.   1363.  18488.  17609.   6976.   4167.   2563.    56906.
           1948    922.    833.    738.    615.    575.    611.   1253.  11724.   9421.   4262.   1773.    819.    33546.
           1949    770.    561.    524.    478.    389.    811.   5625.  16973.  24494.   6363.   4086.   1335.    62409.
           1950   1057.    714.    512.    411.    545.    745.   2591.  10151.  10042.   5193.   2307.   1004.    35272.
           1951    737.    895.    696.    553.    528.    788.   1983.  10982.  14876.   6060.   2832.   1779.    42709.
           1952    920.    560.    540.    500.    590.    870.   6200.  29910.  36260.  11330.   4550.   3030.    95260.
           1953   1555.    897.    817.    750.    694.    892.   1488.   5574.  16859.   6466.   2541.   1831.    40364.
           1954    976.    689.    654.    641.    677.    762.   3977.  10070.   4019.   3550.   1297.    964.    28276.
           1955    616.    490.    523.    492.    458.    487.   1107.   7672.   8325.   4479.   3130.    887.    28666.
           1956    611.    388.    468.    408.    415.    887.   2118.  12440.   9517.   5215.   1406.    728.    34601.
           1957    700.    480.    430.    430.    440.    560.   1360.   7100.  35170.  12800.   4000.   2600.    66070.
           1958   2099.   1224.    887.    738.    680.    904.   3661.  27267.  24190.   6290.   2959.   1254.    72153.
           1959    767.    601.    460.    366.    433.    549.   1888.   5522.   5486.   3114.   1219.    680.    21085.
           1960    467.    394.    270.    217.    282.    906.   2612.  10255.  10588.   4657.   1192.    902.    32742.
           1961    819.    481.    356.    310.    305.    534.   1230.   7317.   5403.   3459.   2110.   1287.    23611.
           1962   1041.    883.    662.    575.    635.    986.   7087.  17645.  22397.   7741.   3362.   1357.    64371.
           1963   1065.    474.    263.    184.    305.    505.    964.  11308.  11147.   4052.   3102.   1676.    35045.
           1964    686.    558.    370.    366.    374.    505.    960.  10092.  13144.   4687.   2755.   1006.    35503.
           1965    698.    662.    615.    615.    555.    515.   2076.   9652.  29417.  15366.   4463.   2251.    66885.
           1966   2041.   1093.    986.    662.    613.   1549.   3868.  10407.   4120.   3170.   1575.    611.    30695.
           1967    719.    562.    697.    523.    569.    841.    813.   8350.  14757.   6202.   2658.   1597.    38288.
           1968    889.    598.    540.    501.    535.    634.   1004.   8717.  19107.   5752.   2438.   1555.    42270.
           1969   1186.    744.    524.    445.    460.    889.   3154.  25043.  17359.   6506.   3217.   1468.    60995.
           1970   1004.    854.    655.    734.    682.    687.   1140.  14767.  17944.   6315.   2719.   1212.    48713.
           1971   1055.    767.    540.    438.    595.   1113.   3068.   9057.  15525.   5728.   3483.   1123.    42492.
           1972    950.    769.    738.    738.    690.   1315.   2307.   8892.   8208.   2501.   1299.   1146.    29553.
           1973   1079.    709.    674.    553.    456.    698.   2091.  18046.  18591.   6857.   2156.   1099.    53009.
           1974    924.    730.    615.    615.    567.    746.   1367.  13724.  13129.   3911.   1563.    958.    38849.
           1975    922.    703.    611.    525.    464.    635.    992.   9550.  31521.  12397.   3328.   1581.    63229.
           1976   1194.    988.    740.    476.    278.    365.   1523.  10098.   6827.   1997.    904.    682.    26072.
           1977    748.    922.    490.    430.    351.    308.   1759.   2757.   2398.   1056.    738.    760.    12717.
           1978    534.    479.    439.    324.    256.    637.   1605.   7884.  22854.   7158.   2400.   1204.    45774.
           1979    879.    762.    635.    450.    490.    766.   2967.  17635.  22177.   6323.   2333.   1099.    56516.
           1980    860.    830.    710.    720.    790.    820.   3630.  16700.  32220.  10610.   2530.   1750.    72170.
           1981   1283.    875.    748.    589.    536.    674.   3336.   7718.   7757.   1823.   1192.   1950.    28481.
           1982   1014.   1130.    573.    498.    709.    733.   2146.  15979.  23468.  10385.   3191.   1924.    61750.
           1983   2140.   1700.    830.    720.    760.   1210.   2130.  15170.  38560.  24850.   7890.   2530.    98490.
           1984   2020.   1300.   1130.    840.    870.   1060.   2670.  26380.  43540.  13660.   6250.   2030.   101750.
           1985   3400.   1914.   1323.    837.    708.   1319.   7601.  18341.  14241.   4528.   1773.   1279.    57264.
           1986   1000.    562.    424.    470.    697.   1622.   3826.  17127.  27390.   6180.   2158.   1317.    62773.
           1987   1285.    938.    740.    526.    483.    780.   4679.  13476.   6762.   2164.   1281.    899.    34013.
           1988    778.    887.    811.    635.    427.    938.   2632.  10752.   8834.   2481.   1186.    752.    31113.
           1989    762.    594.    601.    580.    646.   1049.   3751.   8140.   4629.   1785.   1349.    871.    24757.
           1990    719.    598.    490.    463.    446.    655.   2053.   7486.   8029.   2380.   1315.   1055.    25689.
           1991    843.    792.    582.    388.    413.    488.   1062.   6555.  15626.   5004.   2100.   1168.    35021.
           1992    805.    791.    609.    619.    595.    720.   3318.  11230.   4578.   1763.   1061.    760.    26849.
           1993    643.    524.    402.    384.    331.   1109.   2473.  20910.  17994.   6893.   2285.   1864.    55812.
           1994   1261.    849.    766.    539.    460.    727.   1918.   9872.   6496.   1609.    763.    554.    25814.
           1995    658.    381.    477.    558.    357.    490.   1567.   8378.  26826.  14467.   3943.   2035.    60137.
           1996   1388.   1067.    846.    771.    920.   1178.   2481.  16471.  13388.   3267.   1200.    942.    43919.
           1997    833.    746.    597.    538.    430.   1266.   3205.  22491.  24581.   5583.   2257.   2227.    64754.
           1998   1712.   1428.   1182.   1214.   1686.   1644.   2303.  12016.  19732.   7152.   2658.   2011.    54738.
           1999   1581.   1277.    928.    859.    724.   1148.   2077.  12571.  17532.   5111.   2579.   1928.    48315.
           2000   1097.    785.    714.    712.    694.    944.   3757.  14884.   5613.   1829.   1176.    966.    33171.
           2001   1006.    693.    571.    636.    628.   1320.   2563.  18526.   8473.   2963.   2049.   1430.    40858.
           2002    920.    699.    597.    505.    470.    673.   2049.   9013.   4623.   1716.    849.    818.    22932.
           2003    815.    505.    340.    333.    297.    662.   1738.  13712.  11373.   2916.   1906.    859.    35456.
           2004    778.    589.    383.    400.    450.   1348.   3263.  13999.  10114.   3233.   1488.    889.    36934.
           2005   1057.    870.    659.    730.    649.    827.   2553.  20327.  21435.   6780.   2690.   1458.    60035.
           2006   1178.    902.    463.    492.    552.    743.   3560.  27047.  17155.   4141.   1968.   1402.    59603.
           2007   1950.   1119.   1250.    879.    734.   1410.   3632.  12885.   5351.   1809.   1113.    869.    33001.
           2008    974.    669.    497.    398.    446.    843.   1936.  12710.  18036.   5062.   1900.   1087.    44558.
           2009    885.    689.    652.    561.    518.    581.   1820.  21717.  12589.   2858.   1081.    821.    44772.
           2010    704.    493.    427.    484.    420.    594.   1428.   6020.  15882.   2848.   1611.    887.    31798.
           2011    990.    760.    610.    480.    540.    700.   2510.  10310.  38690.  19910.   4480.   1890.    81870.
                        09326500 FERRON CREEK (UPPER STATION) NEAR FERRON, UT                                            PAGE  3

           WATER
           YEAR    OCT     NOV     DEC     JAN     FEB     MAR     APR     MAY     JUN     JUL     AUG     SEP       ANN

           2012   1595.   1073.   1196.    992.    922.   1194.   3864.   7708.   2688.   1194.    807.    589.    23822.
           2013    603.                                    359.    974.   7981.                                          

          +AVE.   1085.    779.    564.    543.    544.    820.   2874.  15477.  15602.   5415.   2471.   1410.    48981.


          +   AVE. GIVEN FOR YEARS OF CONCURRENT DATA WITH CORRELATED STATION
                        09339000 BOULDER CREEK NEAR BOULDER, UT                                                          PAGE  4

           R      0.873   0.599   0.609   0.673   0.706   0.083   0.749   0.921   0.708   0.492   0.532   0.645               0.761
           A   -.27E+04-.11E+04-.48E+03-.25E+03-.72E+020.35E+03-.25E+03-.59E+03-.24E+04-.11E+04-.11E+04-.38E+03           0.835E+03
           B   0.42E+010.38E+010.45E+010.46E+010.38E+010.23E+010.65E+000.22E+000.25E+000.35E+000.82E+000.89E+00           0.411E+00

           WATER
           YEAR    OCT     NOV     DEC     JAN     FEB     MAR     APR     MAY     JUN     JUL     AUG     SEP       SUM       ANN

          *1912    935.   2981.   2736.   1994.   1468.   1780.    589.   2702.   4594.   1445.    991.    713.    22928.    25046.
          *1913   2395.   2762.   3187.   1994.   1625.   2077.   1827.   2964.    731.    551.    318.   1788.    22219.    19301.
          *1914    694.   1347.   1990.   2273.   1778.   2449.   1720.   5899.   3479.   1898.   1554.   1031.    26112.    30636.
          *1915   2453.   2013.   2817.   2835.   2263.   2328.   1884.   1525.   2254.    457.    490.    681.    22000.    18756.
          *1916   -296.    890.   2267.   2364.   1908.   2862.   2491.   2386.   3389.   1345.   3669.   1188.    24462.    25017.
          *1917  15192.   3930.   5058.   2533.   3330.   3604.   3301.   2998.   6536.   2747.   1355.   1354.    51938.    34787.
          *1918   1330.   1930.   2817.   2835.   2049.   3211.    818.   1806.   1307.    426.   1296.   1853.    21678.    17961.
          *1919   1338.    844.   1441.   1569.   1625.   1604.   2907.   3863.   -620.   -188.    663.    801.    15849.    17671.
          *1920    423.   1684.   2267.   1711.   1908.   2096.   1065.   4045.   2472.    457.    737.    839.    19703.    22935.
          *1921   1214.   1699.   2558.   3584.   3482.   2761.    968.   2533.   7140.   2262.   2508.   1594.    32303.    31690.
          *1922   4762.   3552.   4612.   2483.   4174.   4037.   1381.   4092.   3310.    242.   1037.   1204.    34887.    26175.
          *1923   3244.   4475.   3080.   2556.   2049.   2342.    632.   3567.   2037.   1385.   2350.   1899.    29616.    24243.
          *1948   1097.   2013.   2817.   2556.   2126.   1780.    560.   2046.     -9.    424.    392.    348.    16149.    14634.
          *1949    465.    984.   1861.   1930.   1415.   2248.   3402.   3226.   3758.   1168.   2284.    807.    23548.    26506.
          *1950   1659.   1563.   1807.   1624.   2011.   2094.   1430.   1692.    146.    187.    490.    571.    15273.    15344.
           1951    648.   1355.   1860.   2525.   1882.   1684.    740.   2041.    498.    497.   1406.    570.    15706.    15706.
           1952    829.   1127.   1603.   1684.   2140.   2350.   2739.   4871.   2833.    710.    926.   1438.    23250.    23250.
           1953    851.   1682.   3023.   2686.   2315.   2182.    718.    872.    476.    666.    775.    582.    16828.    16828.
           1954    816.   2035.   1728.   1819.   1888.   1589.   1101.   1294.    568.    711.    534.    771.    14854.    14854.
           1955    839.    924.   1339.   1390.   1140.   2261.    978.   1070.    627.    920.    811.    468.    12767.    12767.
          *1956   -197.    330.   1611.   1610.   1514.   2426.   1123.   2207.     15.    762.     92.    267.    11759.    15068.
          *1957    174.    678.   1441.   1711.   1610.   1660.    630.   1006.   6426.   3448.   2214.   1932.    22928.    28012.
          *1958   5994.   3492.   3482.   3118.   2527.   2466.   2126.   5541.   3682.   1142.   1362.    735.    35666.    30514.
          *1959    452.   1136.   1575.   1418.   1583.   1634.    973.    651.   -993.     18.    -61.    224.     8610.     9508.
          *1960   -796.    353.    727.    737.   1006.   2471.   1444.   1715.    282.    564.    -83.    422.     8841.    14303.
          *1961    669.    682.   1111.   1162.   1094.   1599.    545.   1054.  -1014.    140.    668.    764.     8474.    10547.
          *1962   1592.   2202.   2477.   2373.   2355.   2658.   4352.   3377.   3233.   1656.   1692.    826.    28795.    27313.
          *1963   1692.    655.    695.    586.   1094.   1531.    373.   1952.    422.    350.   1479.   1110.    11940.    15250.
          *1964    115.    973.   1173.   1418.   1357.   1531.    370.   1679.    921.    575.   1195.    514.    11822.    15439.
          *1965    165.   1366.   2267.   2556.   2049.   1555.   1095.   1580.   4988.   4357.   2592.   1622.    26193.    28347.
          *1966   5752.   2996.   3924.   2771.   2271.   3976.   2260.   1749.  -1334.     37.    230.    163.    24797.    13461.
          *1967    253.    988.   2633.   2136.   2103.   2318.    274.   1287.   1324.   1111.   1116.   1040.    16583.    16584.
          *1968    960.   1124.   1932.   2035.   1973.   1834.    399.   1369.   2411.    952.    936.   1003.    16927.    18222.
          *1969   2195.   1676.   1861.   1779.   1686.   2431.   1796.   5041.   1974.   1219.   1573.    925.    24157.    25925.
          *1970   1438.   2092.   2446.   3100.   2535.   1958.    487.   2730.   2121.   1151.   1166.    697.    21921.    20873.
          *1971   1650.   1763.   1932.   1747.   2202.   2955.   1740.   1446.   1516.    943.   1791.    618.    20305.    18314.
          *1972   1214.   1771.   2817.   3118.   2565.   3428.   1245.   1409.   -313.   -200.      5.    639.    17698.    12991.
          *1973   1750.   1544.   2531.   2273.   1671.   1983.   1105.   3467.   2282.   1343.    705.    597.    21252.    22640.
          *1974   1106.   1623.   2267.   2556.   2095.   2096.    634.   2495.    917.    300.    220.    471.    16782.    16815.
          *1975   1097.   1521.   2249.   2145.   1701.   1836.    391.   1557.   5514.   3305.   1664.   1026.    24006.    26844.
          *1976   2229.   2599.   2826.   1921.    991.   1204.    736.   1680.   -658.   -378.   -319.    226.    13056.    11559.
          *1977    372.   2351.   1709.   1712.   1270.   1071.    889.     29.  -1765.   -711.   -455.    295.     6768.     6066.
          *1978   -517.    674.   1481.   1226.    906.   1841.    789.   1182.   3348.   1450.    905.    690.    13976.    19664.
          *1979    918.   1744.   2357.   1802.   1801.   2143.   1674.   3375.   3178.   1154.    850.    597.    21594.    24082.
          *1980    839.   2002.   2692.   3036.   2947.   2269.   2105.   3165.   5688.   2672.   1011.   1176.    29603.    30521.
          *1981   2599.   2172.   2861.   2437.   1977.   1927.   1914.   1145.   -425.   -440.    -83.   1354.    17438.    12550.
          *1982   1480.   3136.   2080.   2021.   2638.   2065.   1141.   3002.   3501.   2593.   1552.   1331.    26540.    26235.
          *1983   6164.   5292.   3227.   3036.   2833.   3182.   1130.   2821.   7273.   7716.   5395.   1870.    49939.    41348.
          *1984   5665.   3779.   4567.   3584.   3253.   2831.   1481.   5341.   8517.   3753.   4054.   1425.    48252.    42689.
          *1985  11406.   6101.   5429.   3571.   2634.   3438.   4686.   3534.   1195.    518.    392.    757.    43662.    24390.
          *1986   1422.    988.   1414.   1893.   2592.   4147.   2233.   3261.   4481.   1103.    707.    791.    25033.    26656.
          *1987   2607.   2410.   2826.   2149.   1774.   2175.   2787.   2440.   -674.   -319.    -10.    419.    18585.    14826.
          *1988    498.   2217.   3143.   2648.   1560.   2545.   1457.   1827.   -156.   -207.    -88.    288.    15732.    13633.
          *1989    432.   1109.   2205.   2396.   2397.   2805.   2184.   1240.  -1207.   -453.     45.    394.    13547.    11019.
          *1990    253.   1124.   1709.   1861.   1633.   1883.   1080.   1092.   -357.   -242.     18.    558.    10611.    11402.
          *1991    769.   1858.   2120.   1519.   1507.   1492.    436.    883.   1541.    687.    660.    658.    14129.    15241.
          *1992    610.   1854.   2240.   2574.   2202.   2035.   1903.   1934.  -1220.   -461.   -190.    295.    13778.    11879.
          *1993    -64.    844.   1316.   1500.   1193.   2946.   1353.   4111.   2133.   1356.    811.   1277.    18778.    23793.
          *1994   2507.   2074.   2942.   2209.   1686.   2051.    993.   1629.   -740.   -515.   -434.    112.    14513.    11453.
          *1995     -1.    304.   1651.   2296.   1293.   1496.    764.   1293.   4340.   4038.   2167.   1430.    21071.    25572.
          *1996   3036.   2898.   3299.   3269.   3444.   3108.   1359.   3113.    982.     72.    -76.    457.    24960.    18901.
          *1997    727.   1684.   2187.   2204.   1572.   3314.   1829.   4467.   3779.    892.    788.   1600.    25043.    27471.
          *1998   4384.   4263.   4799.   5294.   6372.   4199.   1243.   2111.   2567.   1448.   1116.   1408.    39204.    23351.
          *1999   3839.   3692.   3665.   3671.   2695.   3037.   1096.   2236.   2018.    725.   1051.   1334.    29060.    20709.
          *2000   1825.   1831.   2709.   2999.   2580.   2560.   2188.   2756.   -961.   -438.    -96.    479.    18434.    14480.
          *2001   1447.   1484.   2071.   2652.   2328.   3440.   1412.   3575.   -246.    -36.    618.    891.    19635.    17641.
          *2002   1089.   1506.   2187.   2053.   1724.   1925.   1078.   1436.  -1209.   -478.   -363.    347.    11296.    10268.
          *2003    652.    773.   1271.   1819.   1599.   2003.    932.   4408.    418.    384.    494.    433.    15186.    15419.
           2004   1119.   1720.   1991.   1928.   1962.   2253.   1158.   1257.    428.    542.    547.    562.    15467.    15467.
           2005   1575.   2660.   2301.   2928.   2235.   2684.   3199.   5193.   7422.   3265.   2993.   2364.    38819.    38819.
           2006   3374.   3380.   3235.   3283.   2900.   3414.   2963.   5000.    547.    442.    654.    979.    30171.    30171.
                        09339000 BOULDER CREEK NEAR BOULDER, UT                                                          PAGE  5

           WATER
           YEAR    OCT     NOV     DEC     JAN     FEB     MAR     APR     MAY     JUN     JUL     AUG     SEP       SUM       ANN

          *2007   5935.   1396.   5103.   3763.   2733.   3651.   2107.   2307.  -1027.   -445.   -148.    392.    25768.    14410.
          *2008   1314.   1393.   1740.   1564.   1633.   2323.   1004.   2267.   2144.    707.    496.    586.    17172.    19163.
          *2009    943.   1468.   2432.   2309.   1908.   1709.    929.   4293.    782.    -73.   -174.    350.    16878.    19251.
          *2010    190.    727.   1428.   1957.   1533.   1740.    674.    763.   1605.    -77.    260.    408.    11209.    13915.
          *2011   1380.   1737.   2245.   1939.   1992.   1988.   1377.   1728.   7305.   5966.   2606.   1301.    31564.    34511.
          *2012   3897.   2921.   4862.   4279.   3452.   3145.   2257.   1142.  -1692.   -662.   -398.    143.    23346.    10634.
          *2013   -230.                                   1190.    379.   1204.                                                    

           AVE.   1857.   1934.   2472.   2320.   2095.   2371.   1456.   2475.   1854.   1000.    942.    858.    21706.    20393.


          * DATA CORRELATED WITH STATION:     09326500 FERRON CREEK (UPPER STATION) NEAR FERRON, UT                           
          Count      78      77      77      77      77      78      78      78      77      77      77      77                  77

           NUMBER OF YEARS   77                       Linear Regression   
                                                                                                                        PAGE  6

          Correlation Coefficients           13:15:07.1          02/28/2014
                      Linear Regression   
          1 OCT  A=-.273854219E+04, B=0.416022112E+01, R=  0.873452, R*R=  0.762918
          2 NOV  A=-.113726970E+04, B=0.378183245E+01, R=  0.599084, R*R=  0.358902
          3 DEC  A=-.479289165E+03, B=0.446593152E+01, R=  0.609059, R*R=  0.370953
          4 JAN  A=-.254623910E+03, B=0.457035682E+01, R=  0.673325, R*R=  0.453367
          5 FEB  A=-.719312063E+02, B=0.382193685E+01, R=  0.705712, R*R=  0.498030
          6 MAR  A=0.348786429E+03, B=0.234190570E+01, R=  0.082697, R*R=  0.006839
          7 APR  A=-.254040311E+03, B=0.649981166E+00, R=  0.748671, R*R=  0.560509
          8 MAY  A=-.591020643E+03, B=0.224887006E+00, R=  0.921054, R*R=  0.848341
          9 JUN  A=-.236393321E+04, B=0.249917381E+00, R=  0.707608, R*R=  0.500709
         10 JUL  A=-.108533261E+04, B=0.354164994E+00, R=  0.491728, R*R=  0.241796
         11 AUG  A=-.105786331E+04, B=0.817865277E+00, R=  0.531998, R*R=  0.283022
         12 SEP  A=-.380754492E+03, B=0.889565690E+00, R=  0.644859, R*R=  0.415843
         13 ANN  A=0.835033287E+03, B=0.411338440E+00, R=  0.761269, R*R=  0.579530


         Base Station:       09326500.MON
         Correlated Station: 09339000.MON
         Print File Name:    O:\STREAMFL\MONTH\09339000.PRN
         Output/Save File:   O:\STREAMFL\MONTH\09339000.c
