

                                    09378170 SOUTH CREEK AB RESERVIOR NR MONTICELLO, UT       Acre-Feet 

         YEAR     OCT      NOV      DEC      JAN      FEB      MAR      APR      MAY      JUN      JUL      AUG      SEP       ANN

         1986      10.      11.      11.      17.      60.     263.     536.     410.     217.      37.      26.      33.     1631.
         1987      28.      75.      16.      11.      17.      94.    1012.     730.     186.      27.      32.      15.     2243.
         1988      20.     321.      39.      28.      50.     226.     493.     556.     195.      44.      23.      23.     2018.
         1989      23.      24.      22.      20.      25.     169.     192.      91.      19.      14.      22.       7.      628.
         1990       8.       7.       6.       5.       5.      17.      13.      13.       8.      11.      10.      18.      121.
         1991      11.      12.       7.       7.       7.       6.      35.      88.      77.      14.      28.      54.      345.
         1992       6.       8.       9.       7.       6.      24.     301.     242.     135.      17.      16.       9.      780.
         1993       9.      12.       6.       3.

         MEAN      14.      59.      14.      12.      24.     114.     369.     304.     120.      23.      22.      23.     1109.

          PCT    1.29%    5.31%    1.30%    1.10%    2.20%   10.29%   33.25%   27.42%   10.78%    2.11%    2.02%    2.05%   100.00%

           SD       8.     108.      11.       9.      22.     106.     349.     270.      86.      13.       7.      16.      845.

           CV     0.57     1.84     0.79     0.71     0.91     0.93     0.95     0.89     0.72     0.55     0.33     0.72      0.76

           FILE: .\09378170                                                                      
