

                                    09405500 NORTH FORK VIRGIN RIVER NEAR SPRINGDALE,UTAH     Acre-Feet 

         YEAR     OCT      NOV      DEC      JAN      FEB      MAR      APR      MAY      JUN      JUL      AUG      SEP       ANN

         1926    4730.    3230.    3730.    3150.    3510.    4600.   26230.   18300.    4860.    3240.    3240.    3050.    81870.
         1928    7210.    3870.    3690.    3460.    3870.    7570.    9130.   11110.    3920.    2220.    1970.    1970.    59990.
         1929    2150.    2420.    2110.    2620.    2920.    4390.    9700.   13880.    4310.    3320.    8150.    4090.    60060.
         1930    3370.    2900.    2770.    2880.    3280.    4010.    7320.   14620.    3720.    2490.    3170.    4120.    54650.
         1931    3376.    3273.    3074.    2767.    3055.    3683.    4560.    5054.    2793.    2471.    5921.    2297.    42324.
         1932    2150.    3270.    2770.    2460.    5900.    5680.   20690.   45960.   14050.    6920.    6770.    2980.   119600.
         1933    3690.    3800.    3720.    3740.    3620.    4420.    6200.   15200.    8670.    4160.    3130.    5340.    65690.
         1934    2757.    2400.    2918.    2610.    3283.    4193.    5046.    3509.    2608.    2329.    2503.    2237.    36393.
         1935    2390.    3370.    3520.    3590.    3460.    4540.   18840.   26400.    9050.    5750.    4000.    3980.    88890.
         1936    3120.    2840.    3010.    3160.    5910.    5000.   15410.    8640.    3370.    7470.    4010.    2870.    64810.
         1937    3660.    3480.    3610.    3870.    4790.    8840.   31160.   55320.   10240.    6500.    3950.    4310.   139730.
         1938    3600.    3930.    4810.    4340.    3930.   15830.   26210.   30890.    8830.    4440.    4290.    3590.   114690.
         1939    4130.    3540.    3450.    3460.    3130.    5640.   10090.    6610.    3320.    2790.    2470.    7860.    56490.
         1940    3810.    3100.    2840.    3490.    4340.    5920.   10720.    7150.    3100.    2480.    2280.    9240.    58470.
         1941    3060.    2890.    3230.    3240.    4840.    9660.   16910.   60030.   17140.    9240.    5050.    4270.   139560.
         1942    9470.    5030.    4910.    4770.    4250.    6280.   25930.   23710.    8570.    4270.    3760.    2860.   103810.
         1943    4180.    4060.    3430.    3840.    6400.    9880.   16950.   11320.    4420.    2760.    3600.    3170.    74010.
         1944    3940.    3060.    3200.    3090.    3840.    5430.   10120.   35090.   10080.    4200.    3080.    2600.    87730.
         1945    3310.    3900.    3230.    3460.    4100.    4770.   10020.   19310.    6570.    4090.    5850.    2880.    71490.
         1946    4875.    3187.    3261.    3437.    3074.    4522.    7521.    5524.    2499.    2329.    3233.    2176.    45638.
         1947    7190.    4970.    4650.    3740.    3920.    8690.   14680.   16200.    5730.    3030.    3560.    2670.    79030.
         1948    3550.    2990.    3090.    3290.    3430.    3520.   12660.   10710.    4570.    2760.    2670.    2260.    55500.
         1949    2990.    2310.    2480.    2830.    3170.    3950.   16330.   24120.   10390.    3530.    2680.    3150.    77930.
         1950    3720.    3960.    3170.    3610.    4230.    5780.   12800.    8210.    3680.    4250.    2770.    2420.    58600.
         1951    2642.    3039.    3076.    3062.    2926.    3729.    4731.    5441.    2757.    2354.    3675.    2414.    39846.
         1952    2710.    3000.    5100.    3520.    3330.    4890.   33980.   56100.   11500.    4280.    3740.    3230.   135380.
         1953    3237.    3610.    3751.    3913.    3140.    4030.    5016.    4260.    2698.    3279.    3219.    2156.    42309.
         1954    2820.    2910.    2800.    3480.    3350.    4460.   17570.   10310.    3560.    3950.    2470.    3060.    60740.
         1955    3160.    3011.    3229.    3156.    3368.    4282.    6311.    6653.    3086.    2928.    4427.    1749.    45360.
         1956    2005.    2999.    3362.    4064.    2815.    3995.    6234.    6058.    2325.    2172.    1908.    1692.    39629.
         1957    2090.    2190.    2490.    3140.    3690.    3870.    6290.   14630.    8370.    4040.    3800.    3030.    57630.
         1958    3790.    4170.    4060.    3050.    5220.    6810.   21160.   44470.    8530.    5280.    4990.    6180.   117710.
         1959    3794.    3749.    3485.    3134.    3281.    4149.    5288.    3437.    3138.    2517.    3905.    2507.    42384.
         1960    2398.    2783.    2953.    2805.    2882.    4538.    6430.    6111.    3326.    1976.    1860.    2350.    40412.
         1961    2680.    3304.    2747.    2713.    2553.    3558.    5441.    4020.    2049.    2200.    2922.    5496.    39683.
         1962    2500.    2690.    2920.    2840.    6770.    5560.   27230.   11740.    4570.    3710.    3410.    3710.    77650.
         1963    2896.    2819.    2761.    2989.    3310.    3552.    4433.    4929.    2083.    1753.    3731.    3410.    38666.
         1964    2600.    2970.    2490.    2440.    2430.    3440.    8640.   11430.    3670.    3660.    2720.    2050.    48540.
         1965    2160.    2660.    2900.    3050.    2790.    3380.   10090.   22030.   12870.    4440.    3590.    5350.    75310.
         1966    3160.    6180.    5040.    3020.    2850.    8450.   18180.    9190.    3880.    4170.    3790.    3290.    71200.
         1967    3230.    3240.   18280.    3230.    3190.    5240.    7390.   17370.    7630.    4540.    4220.    5780.    83340.
         1968    3270.    3180.    3050.    3360.    4280.    6410.   14120.   18360.    6360.    7630.    8830.    3880.    82730.
         1969    3220.    3260.    3200.    9590.    3280.    6600.   37840.   53810.   10320.    5780.    4670.    3720.   145290.
         1970    3979.    4062.    3749.    3517.    3275.    4278.    4336.    6946.    3481.    3798.    5457.    3346.    50224.
         1971    2610.    3610.    2950.    3210.    3010.    3970.    6110.   10020.    4540.    3890.    5880.    3370.    53170.
         1972    3392.    2949.    7323.    3168.    3154.    5094.    4691.    3792.    6831.    2158.    2755.    6020.    51327.
         1973    5030.    3180.    3040.    3210.    3880.    5650.   17570.   56250.   16700.    4370.    4460.    3600.   126940.
         1974    3358.    3544.    3221.    3195.    2636.    4423.    5175.    4941.    3211.    2733.    2339.    2473.    41249.
         1975    5160.    2480.    2370.    2800.    3150.    4160.    4690.   14800.    7990.    5500.    4230.    2770.    60100.
         1976    2720.    2560.    2760.    2540.    3730.    3350.    6360.   10560.    3400.    2980.    2040.    2190.    45190.
         1977    3033.    2414.    2626.    2485.    2348.    2696.    3082.    3060.    2257.    2186.    2200.    1868.    30255.
         1978    2040.    2260.    2560.    3590.    4800.   11530.   23440.   36900.    9290.    3400.    3910.    3300.   107020.
         1979    2710.    3410.    3110.    3160.    3370.    8610.   26760.   59080.   13790.    4170.    4010.    3210.   135390.
         1980    3070.    3260.    3260.   12080.   28800.    8190.   26570.   50780.   21400.    6450.    5310.    8990.   178160.
         1981    4420.    3950.    4110.    3790.    3460.    4970.   15580.   10210.    4590.    4440.    3690.    2970.    66180.
         1982    3590.    3100.    3020.    2950.    3150.    6100.   16220.   21610.    5070.    4900.    4160.    4520.    78390.
         1983    3480.    5060.    5330.    3570.    4590.   11230.   16770.   65870.   40530.    7890.    7560.    4300.   176180.
         1984    5480.    5090.    6110.    4590.    4110.    6210.   11480.   12900.    4500.    5030.    5030.    2800.    73330.
         1985    3290.    3150.    3450.    3770.    3700.    6870.   31230.   18120.    5790.    6560.    4050.    3930.    93910.
         1986    3420.    3900.    3410.    3330.    5810.   11290.   14940.   10230.    4390.    3370.    3020.    3330.    70440.
         1987    3670.    3280.    3160.    3220.    3320.    4390.   12620.    9670.    3870.    3390.    3920.    3190.    57700.
         1988    3650.    5640.    3130.    3230.    3550.    5850.   16450.   18340.    6760.    3970.    4670.    3440.    78680.
         1989    2735.    2850.    3013.    3201.    3554.    7414.    6645.    3527.    2301.    2475.    2233.    1476.    41424.
         1990    2210.    2136.    2253.    2471.    2652.    3318.    4534.    3431.    2174.    2414.    2114.    1868.    31575.
         1991    2212.    2495.    2440.    2400.    2727.    4635.    6202.    8638.    3610.    2440.    2120.    2146.    42065.
         1992    2050.    2470.    2480.    2540.    3360.    5650.   14410.    9840.    3730.    2900.    3240.    2450.    55120.
         1993    3210.    3090.    3030.    5480.    5600.   16160.   38310.   50000.   12230.    5480.    3890.    3250.   149730.
         1994    4243.    4429.    4516.    3854.    4104.    5338.    9009.    9074.    3378.    2120.    2331.    2291.    54687.

                                    09405500 NORTH FORK VIRGIN RIVER NEAR SPRINGDALE,UTAH     Acre-Feet 

         YEAR     OCT      NOV      DEC      JAN      FEB      MAR      APR      MAY      JUN      JUL      AUG      SEP       ANN

         1995    2960.    2790.    3140.    4390.    6100.   16680.   19310.   45200.   24070.    6930.    4370.    3590.   139530.
         1996    3582.    4153.    4314.    4038.    5877.    4969.    5030.    3967.    2533.    2765.    2575.    1993.    45796.
         1997    2362.    3965.    4104.    5919.    3360.    6756.    8773.    6954.    3314.    2430.    3443.    6474.    57854.
         1998    4390.    3240.    3140.    3570.    3910.    8090.   18870.   43960.   15220.    6810.    3940.    6840.   121980.
         1999    4907.    4491.    4300.    4001.    3562.    4385.    5671.    8132.    5197.    3471.    3814.    2624.    54555.
         2000    2480.    2730.    2780.    3140.    3890.    5560.   12300.    7530.    2570.    1980.    2320.    1950.    49230.

         MEAN    3463.    3369.    3602.    3566.    4111.    6021.   13578.   19075.    6864.    3934.    3771.    3487.    74840.

          PCT    4.63%    4.50%    4.81%    4.76%    5.49%    8.05%   18.14%   25.49%    9.17%    5.26%    5.04%    4.66%   100.00%

           SD    1245.     808.    1947.    1394.    3072.    2902.    8740.   17437.    6099.    1666.    1403.    1601.    35881.

           CV     0.36     0.24     0.54     0.39     0.75     0.48     0.64     0.91     0.89     0.42     0.37     0.46      0.48

           FILE: .\09405500                                                                      
