

                        09409500 MOODY WASH NEAR VEYO, UTAH                       Acre-Feet             

         YEAR     OCT      NOV      DEC      JAN      FEB      MAR      APR      MAY      JUN      JUL      AUG      SEP       ANN

         1955                                 55.     180.     275.      66.      58.      30.       3.     322.       5.
         1956       8.      38.      52.     198.      58.      46.      56.      32.       9.       6.       1.       0.      504.
         1957       0.      13.      55.     169.     583.     789.      92.      62.      21.       6.       4.       0.     1794.
         1958      10.     169.     683.      77.     726.    2388.    2545.     523.     107.       7.       7.       6.     7248.
         1959       5.      35.      37.      55.     181.     185.      75.      46.      26.       9.       8.       0.      662.
         1960       0.      18.      73.      88.     144.     469.     102.      62.      23.      15.       0.      12.     1006.
         1961      11.      44.      21.      36.      37.      56.      54.      35.       7.       0.       3.     309.      613.
         1962       8.      24.      46.      28.    1831.    1254.     669.     106.      43.       3.       0.      62.     4074.
         1963       2.      17.      23.      23.      32.      37.      37.      22.       8.       2.       2.       9.      213.
         1964       0.      10.      15.      26.      29.      75.     168.      52.      21.       4.      10.       0.      410.
         1965       0.       0.      13.      25.      29.      80.    2765.     174.      35.       5.       0.       0.     3126.
         1966       0.     147.     592.     216.     123.     468.     103.      47.      12.       1.       0.       0.     1709.
         1967       0.       2.    2161.     148.     244.      76.     263.     233.      98.      11.       6.      92.     3334.
         1968      24.      65.      70.     113.     658.     580.     266.     163.      56.       4.       7.       1.     2007.
         1969       0.       8.      29.     820.

         MEAN       5.      42.     276.     138.     347.     484.     519.     115.      35.       5.      26.      35.     2054.

          PCT    0.24%    2.05%   13.46%    6.74%   16.88%   23.57%   25.25%    5.62%    1.72%    0.26%    1.29%    1.72%   100.00%

           SD       7.      52.     584.     200.     491.     652.     921.     133.      32.       4.      85.      83.     1992.

           CV     1.44     1.24     2.11     1.44     1.42     1.35     1.78     1.15     0.89     0.75     3.22     2.36      0.97

           FILE: .\09409500                                                                      
