

                                    09406000 VIRGIN RIVER AT VIRGIN, UTAH                     Acre-Feet 

         YEAR     OCT      NOV      DEC      JAN      FEB      MAR      APR      MAY      JUN      JUL      AUG      SEP       ANN

         1910   11270.   13840.   13910.   17560.   12550.   50530.   36890.   20420.    6450.    6160.   15170.   18860.   223610.
         1911   10050.    6450.    9070.   48610.   15410.   47130.   55790.   45900.   13440.   29790.    8040.   29970.   319650.
         1912   11510.    8210.    8560.    7460.    7110.    8600.   11390.   26680.    9650.   17180.   11700.    7990.   136040.
         1913   30310.    9820.    8780.    8780.    8470.   13920.   23830.   13310.    9010.    8990.   12750.    9780.   157750.
         1914    8690.   11160.   10420.   17230.   15930.   19340.   48110.   40030.   14670.   17130.    7080.    6200.   215990.
         1915    6760.    5950.    6150.    7380.    9980.   14490.   29840.   54360.   18120.    7060.    5560.   20470.   186120.
         1916   10520.   13360.   13810.   15810.   13100.   48020.   52100.   39060.   15890.   22300.   27130.   11460.   282560.
         1917   18540.    8590.    7800.    9880.   11210.   10390.   23660.   38320.   16400.    8130.    4920.    4900.   162740.
         1918    7490.    8760.    9540.    7770.    6200.   38540.   20330.   27730.    7710.   11740.    7680.   13530.   167020.
         1919   11820.    9760.   11080.    8610.    7830.   13990.   22920.   13580.    6550.    9220.    8780.    9930.   134070.
         1920    9120.   10450.   12070.   11610.   14280.   14830.   23540.   41640.   11790.    2570.   11890.    5100.   168890.
         1921   10140.   13640.   15780.   13070.    9830.   16790.   21280.   23740.    5370.    4280.   17070.    8860.   159850.
         1922   13860.   12740.   32360.   20330.   19150.   26770.   37970.   84750.   27090.   12130.   26620.   23240.   337010.
         1923   32500.   36070.   34420.   24230.   22410.   20850.   34910.   40210.    9780.    8080.    7780.    6060.   277300.
         1924    7510.    9920.    8950.   10680.    5900.    5640.   11590.   11320.    4430.    7310.    4750.   12170.   100170.
         1925    6330.    8130.    9280.   10860.    9950.    8850.   14300.   10210.    9300.    4710.   16230.    6560.   114710.
         1926    4280.    4930.    7240.    7560.    5050.    5780.   39010.   26620.    6160.    5870.    5360.    5340.   123200.
         1927    5670.   11800.    9640.   10120.   13370.   14730.   25050.   22280.    6960.    6620.   12150.   21390.   159780.
         1928   18080.    7850.    7580.    7310.   14100.   15730.   18300.   12760.    4100.    1870.    2680.    3630.   113990.
         1929    3770.    5970.    6030.    5980.    7180.   10940.   16810.   20720.    5360.   12080.   18480.   21250.   134570.
         1930    7430.    5950.    5530.    5530.    6110.    7540.   13270.   27540.    5870.    5000.   14280.    8340.   112390.
         1931    7200.   12110.    7680.    6720.    8410.    8280.    8240.    5990.    4390.    4890.    7230.    4080.    85220.
         1932    3940.    6570.    4760.    4360.   30780.   15520.   38100.   63570.   19700.   20010.   12870.    5030.   225210.
         1933    6770.    7240.    9570.    9550.    7930.   10280.   10890.   19990.   10800.    6760.    6000.    7920.   113700.
         1934    4711.    6012.    7065.    9382.    8017.    9580.    8735.    5581.    3509.    4122.    6480.    5274.    78468.
         1935    6300.    6650.    9530.    9260.    9750.   11040.   28470.   31600.   11280.    6070.    7050.    4520.   141520.
         1936    6090.    7970.    8280.    7510.   14120.   11480.   20090.   10350.    4950.   14050.    7990.    5820.   118700.
         1937    8400.    6880.    6320.    6060.   13690.   21850.   39170.   67750.   15470.   13110.    5810.    7670.   212180.
         1938    6250.    7490.   11180.    9790.    9460.   34140.   48160.   43320.   10860.    5770.    8060.    8420.   202900.
         1939    7090.    7190.    9290.    9380.    7880.   12060.   20330.    9600.    4750.    4250.    4450.   24950.   121220.
         1940    8190.    6820.    6850.   12090.   14060.   14000.   20030.   12260.    4860.    4180.    4230.   15970.   123540.
         1941    6440.    6720.   11480.    9060.   14970.   25660.   37480.   87050.   20140.   12770.    8540.    6580.   246890.
         1942   15860.   11680.   11180.   11160.    9660.   14220.   40550.   30190.    9370.    6580.    8420.    4710.   173580.
         1943    8040.    8470.    7820.    9120.   11890.   18950.   27250.   14520.    5880.    4920.    7540.    5400.   129800.
         1944    7710.    6640.    8480.    9130.    9600.   13800.   19390.   42110.   11440.    5070.    4660.    4300.   142330.
         1945    5210.    8640.    7540.    7860.    9390.   12280.   18400.   25530.    6460.    4480.    8490.    5950.   120230.
         1946    9300.    8300.    7990.    7380.    6290.   10730.   11740.    7220.    3740.    4590.    5770.    3750.    86800.
         1947   11070.    9640.    9860.    9070.    7900.   12900.   16820.   16420.    5690.    4060.    8750.    4970.   117150.
         1948    6810.    6720.    8510.    7480.    7190.    7800.   15860.   13630.    5580.    3630.    5210.    3590.    92010.
         1949    4540.    5530.    6620.    6810.    8400.   11220.   19530.   23470.   12990.    5900.    5080.    9160.   119250.
         1950    7000.    7780.    8470.    8730.   10340.   10950.   17170.   10180.    4740.    7710.    4270.    4150.   101490.
         1951    4669.    6674.    7037.    7285.    6803.    7613.    8461.    9164.    3808.    3554.    7521.    4290.    76879.
         1952    5670.    6860.   13190.    9500.    8390.   13200.   49650.   64470.   14340.    6770.    5680.    5160.   202880.
         1953    5671.    7880.    9269.    9729.    7593.    7805.    8009.    6688.    4332.    7740.    9070.    3576.    87362.
         1954    5890.    7440.    7810.    9480.    8620.   11310.   24630.   12940.    5910.    6630.    4570.    6750.   111980.
         1955    8140.    6540.    7910.    7260.    7920.    9210.   10030.    9000.    4550.    5530.   13260.    3570.    92920.
         1956    4500.    7470.    8200.   10630.    7600.    8710.    9260.    8090.    3930.    4450.    3570.    3160.    79570.
         1957    4100.    5240.    6060.    7780.    9240.    8560.    9770.   18420.   10840.    5710.    6540.    5130.    97390.
         1958    8590.   11730.    9390.    7290.   12990.   18970.   38860.   57330.   10410.    7260.    9050.   17210.   209080.
         1959    7037.    8158.    8225.    7716.    8569.    8172.    7775.    5383.    4614.    3991.    8813.    4368.    82821.
         1960    4562.    6815.    7579.    7238.    7045.    9711.    9596.    8146.    4877.    3082.    3400.    6048.    78099.
         1961    6270.    9030.    7380.    6880.    5980.    7720.    7680.    5970.    3460.    4720.    9290.   14640.    89020.
         1962    5030.    6310.    6950.    6840.   19320.   12930.   36750.   14190.    6510.    5270.    4760.    6900.   131760.
         1963    5754.    6186.    7053.    7291.    7922.    7190.    7617.    6730.    3693.    3320.    8017.    8370.    79143.
         1964    5410.    7030.    6810.    6840.    6320.    8220.   14630.   16450.    5640.    5670.    6780.    3880.    93680.
         1965    4235.    6097.    6839.    6766.    6462.    7801.   20896.   26861.   15578.    6187.    6189.    8226.   122137.
         1966    6573.   13934.   12853.    7442.    7488.   14571.   21698.   11669.    5558.    6427.    6436.    5790.   120439.
         1967    7141.    7988.   39819.    8353.    7896.   10481.   13416.   25579.   12482.    8122.    7878.   13410.   162565.
         1968    6185.    7424.    8950.    8237.   10455.   13347.   19922.   22658.    8438.   11062.   14178.    6169.   137025.
         1969    6278.    7710.    7997.   28364.   14279.   20962.   58178.   67132.   14355.   10661.    7266.    6385.   249567.
         1970    7303.    9981.    9122.    8263.    7385.   11248.    7222.    9116.    5153.    9223.   13744.    7287.   105047.
         1971    5284.    9182.    8547.    8224.    7119.    8773.    9122.   14242.    6242.    4939.   10292.    5010.    96976.
         1972    8809.    6339.   22967.    8368.    6962.    6829.    6117.    5353.    9511.    3832.    7212.   15553.   107852.
         1973   12012.    7248.    7030.    7934.    9078.   16687.   38853.   80381.   23873.    6266.    6395.    5040.   220797.
         1974    6240.    6740.    7490.    9313.    7279.    8065.    7238.    6637.    4540.    5625.    5800.    8654.    83621.
         1975    9132.    6258.    6448.    6724.    6855.   11048.    9408.   18530.    8343.    7597.    5522.    5431.   101296.
         1976    5230.    3142.    4804.    4114.    5421.    4977.   10245.   11683.    4667.    6486.    5238.    4707.    70714.
         1977    5397.    3170.    4794.    7250.    6208.    4070.    4747.    7972.    7238.    7272.    6272.    4413.    68803.

                                    09406000 VIRGIN RIVER AT VIRGIN, UTAH                     Acre-Feet 

         YEAR     OCT      NOV      DEC      JAN      FEB      MAR      APR      MAY      JUN      JUL      AUG      SEP       ANN

         1978    4608.    3572.    4810.    9985.   16864.   54881.   34880.   43199.   10883.    4750.    4927.    4927.   198286.
         1979    5137.   12803.   10451.    8164.    9245.   33446.   55742.   97259.   19438.    5722.    7619.    5435.   270461.
         1980    5570.    7420.    7710.   16620.   47940.   26950.   40460.   65630.   26770.   12700.   10920.   14060.   282750.
         1981    8170.    8510.    8910.    8080.    7740.   10670.   20130.   13480.    6850.    7660.    7050.    7010.   114260.
         1982    7130.    6440.    7530.    8000.    7460.   12390.   21800.   23070.    6270.    6180.   10430.    8490.   125190.
         1983    8960.   13150.   10090.    7440.   11700.   31030.   32300.   81730.   45370.   12540.   15660.    9650.   279620.
         1984   11380.   11100.   13190.    9890.    9110.   10040.   13430.   16060.    6770.    8690.    8740.    5230.   123630.
         1985    6870.    7740.    8690.    9140.    9410.   24210.   41040.   21310.    6170.    7520.    5430.    5640.   153170.
         1986    7170.    9170.    8500.    7870.   12380.   18030.   19550.   12010.    5500.    5070.    4800.    6180.   116230.
         1987    7450.    7530.    7350.    7840.    7640.    9850.   16570.   12920.    5520.    4540.    6720.    4630.    98560.
         1988    7730.   12660.    8130.    8120.    8310.   10150.   24190.   21660.    8730.    5570.    8440.    5600.   129290.
         1989    5360.    6560.    7270.    7160.    7910.   14080.    9710.    6080.    3910.    4290.    4940.    3550.    80820.
         1990    4621.    6290.    6649.    6781.    6339.    7240.    7924.    6113.    3947.    4143.    4600.    4625.    69272.
         1991    5660.    6050.    6630.    7090.    6240.   10390.    9560.   10690.    5410.    4140.    4100.    3990.    79950.
         1992    4740.    6590.    6940.    7080.    8390.   13740.   19350.   12270.    5520.    4330.    5710.    4410.    99070.
         1993    7340.    7160.    7690.   19010.   25320.   33880.   58360.   69750.   15210.    7180.    6700.    4870.   262470.
         1994    8680.    8900.    8860.    8700.    9680.   11540.   13850.   12110.    5390.    4050.    4300.    5130.   101190.
         1995    6020.    6500.    7610.   11550.   12920.   37540.   28700.   54820.   28540.    9050.    6950.    6810.   217010.
         1996    6480.    8570.    8490.    8270.   12090.    9710.    7800.    5710.    4030.    4290.    4240.    3940.    83620.
         1997    4990.    8900.    9380.   15610.    8860.   11110.   12270.    8900.    4930.    3730.    7280.   13370.   109330.
         1998    9490.    7630.    7790.    7930.    9340.   16300.   29270.   52360.   17920.    9820.    5860.   15640.   189350.
         1999    9810.    9830.    9120.    8670.    8150.    8230.    9590.   11650.    7720.    6640.    7250.    4990.   101650.
         2000    5060.    6530.    7160.    7360.    8960.   11600.   16730.   10180.    4700.    4000.    4370.    3880.    90530.

         MEAN    7935.    8424.    9516.    9821.   10484.   15443.   22640.   26387.    9441.    7309.    8162.    8115.   143678.

          PCT    5.52%    5.86%    6.62%    6.84%    7.30%   10.75%   15.76%   18.37%    6.57%    5.09%    5.68%    5.65%   100.00%

           SD    4524.    3763.    5493.    5654.    5858.   10463.   13933.   22555.    6871.    4415.    4358.    5444.    63720.

           CV     0.57     0.45     0.58     0.58     0.56     0.68     0.62     0.85     0.73     0.60     0.53     0.67      0.44

           FILE: .\09406000                                                                      
