

                                    09407200 ASH CR BLW WEST FIELD DITCH AT TOQUERVILLE,UT    Acre-Feet 

         YEAR     OCT      NOV      DEC      JAN      FEB      MAR      APR      MAY      JUN      JUL      AUG      SEP       ANN

         1973              680.     600.     580.     760.    1940.    6040.   13540.    6850.    1910.    1100.    1060.
         1974    1172.    1226.    1357.    1339.    1208.    1164.    1152.    1139.     994.    1081.     956.     893.    13681.
         1975     982.     821.     750.     734.     599.     633.     657.     760.     657.     727.     659.     655.     8634.
         1976     678.     662.     679.     643.     859.     636.     649.     582.     557.     534.     574.     613.     7666.
         1977     546.     528.     541.     537.     498.     507.     434.     449.     414.     473.     402.     308.     5637.
         1978     371.     389.     372.     444.    1843.    7672.    4897.    3437.    1188.     829.     738.     774.    22954.
         1979     867.     891.     992.     867.     871.    5966.    8686.    7521.    2257.    2083.    1394.    1307.    33702.
         1980    1315.    1341.    1254.    1515.    6268.    3316.    5080.    6284.    2158.    1676.    1823.    1527.    33557.
         1981    1434.    1527.    1406.    1281.    1168.    1224.    1265.    1162.    1079.    1107.    1129.    1021.    14803.
         1982     380.     365.     348.     320.     312.     623.     452.     516.     256.     245.     384.     304.     4505.

         MEAN     861.     843.     830.     826.    1439.    2368.    2931.    3539.    1641.    1067.     916.     846.    16127.

          PCT    5.34%    5.23%    5.15%    5.12%    8.92%   14.68%   18.18%   21.95%   10.18%    6.61%    5.68%    5.25%   100.00%

           SD     395.     403.     398.     413.    1751.    2526.    2981.    4346.    1952.     632.     459.     399.    11401.

           CV     0.46     0.48     0.48     0.50     1.22     1.07     1.02     1.23     1.19     0.59     0.50     0.47      0.71

           FILE: .\09407200                                                                      
