                                    09408500 SANTA CLARA-PINTO DIV. NR PINTO UTAH             Acre-Feet                  PAGE  1

           WATER
           YEAR    OCT     NOV     DEC     JAN     FEB     MAR     APR     MAY     JUN     JUL     AUG     SEP       ANN

           1954    0.00    0.00    0.00    0.00    0.00    0.00  523.00  548.00   25.00    0.00    0.00    0.00   1096.00
           1955    0.00    0.00    0.00    0.00    0.00    0.00  114.00  334.00   73.00    0.00   30.00    0.00    551.00
           1956    0.00    0.00    0.00    0.00    0.00    0.00   47.00   91.00    3.00    0.00    0.00    0.00    141.00
           1957    0.00    0.00    0.00    0.00    0.00    0.00  111.00  873.00  902.00    0.00    0.00    0.00   1886.00
           1958      0.      0.      0.      0.      3.     17.    532.   2850.    747.      0.      0.      0.     4149.
           1959      0.      0.      0.      0.      0.      4.     36.      0.      0.      0.      0.      0.       40.
           1960      0.      0.      0.      0.      0.     94.    500.    489.     46.      0.      0.      0.     1129.
           1961      0.    303.     26.     12.     17.    126.   1452.    804.     79.      0.      0.      0.     2819.
           1962      0.      0.      0.      0.     34.     54.   2366.    724.    201.      0.      0.      0.     3379.
           1970      0.      0.      1.     19.      4.     17.      8.    238.     12.      0.      0.      0.      299.
           1971      0.      0.      0.     13.      0.     68.    201.    787.    166.      2.     85.      0.     1322.
           1972      0.      0.    131.     21.     46.    236.     79.     77.     13.      0.      0.      0.      603.
           1973    885.    805.     20.      0.      0.      0.    904.   3648.   1758.     42.      0.      0.     8062.
           1974      0.      0.      0.      0.      0.    177.    271.    132.      0.      1.      0.      0.      581.
           1975      0.      0.      0.      0.      9.    167.    305.   1958.    629.      0.      0.      0.     3068.
           1976      0.      0.      0.      0.     69.     21.    316.    952.     40.      0.      0.      0.     1398.
           1977      0.      0.      0.      0.      0.      0.      0.    114.    205.      0.      0.      0.      319.
           1978      0.      0.      0.      0.      0.    721.   3566.   3247.   1025.      1.      0.      0.     8560.
           1979      0.      0.      0.      0.      0.      0.   1009.   2412.    991.      0.      0.      0.     4412.
           1980      0.      0.      0.      0.     42.     93.   1736.   1722.   1133.     57.      0.      0.     4783.
           1981      0.      0.      0.      0.      0.     40.    780.    443.    140.      0.      0.      0.     1403.
           1982      0.      0.      0.      0.      1.     56.   1045.   1523.    174.      0.      0.      0.     2799.
           1983      0.     13.      8.      0.     27.    858.   1833.   4513.   2537.    120.     86.      4.     9999.
           1984     87.     66.     64.     94.    122.    137.    791.    567.     55.    104.    490.      0.     2577.
           1985      0.      3.      4.      0.      0.    128.   1398.    524.     24.      6.      0.      0.     2087.
           1986      0.      4.      6.      8.     44.    735.   1027.    456.     55.      0.      0.      0.     2335.
           1987      0.      0.      0.      0.     17.     80.   1559.    884.     70.      0.      0.      0.     2610.
           1988      0.    572.     88.      0.     54.    563.   1974.   2067.    326.      0.      0.      0.     5644.
           1989      0.      0.      0.      0.      4.    110.     83.      1.      0.      0.      0.      0.      198.
           1990      0.      0.      0.      0.      0.     13.    159.     55.      0.      0.      0.      0.      227.

           AVE.     40.     74.     14.      7.     20.    187.    973.   1181.    403.     14.     28.      0.     2942.

           NUMBER OF YEARS   24
                        09408400 SANTA CLARA RIVER NEAR PINE VALLEY, UT           Acre-Feet                              PAGE  2

           WATER
           YEAR    OCT     NOV     DEC     JAN     FEB     MAR     APR     MAY     JUN     JUL     AUG     SEP       ANN

           1960     70.     87.     82.     91.     93.    362.    899.   1190.    553.    208.    162.    140.     3937.
           1961    166.    791.    224.    131.     94.    189.    805.    808.    282.    156.    186.    132.     3964.
           1962    116.    105.    115.     94.    214.    309.   2062.   1698.    922.    420.    222.    167.     6444.
           1963    158.    131.    119.    118.    117.    131.    263.    604.    156.     74.    115.    280.     2266.
           1964    118.    121.    103.     85.     78.    106.    447.   1759.    653.    239.    176.    114.     3999.
           1965    105.     96.    103.    109.    112.    131.   1047.   2346.   2333.    867.    404.    264.     7917.
           1966    210.    329.    336.    238.    151.    559.   1178.   1456.    566.    277.    192.    156.     5648.
           1967    153.    128.   1861.    275.    230.    323.    535.   2046.   1511.    691.    774.    550.     9077.
           1968    346.    247.    232.    208.    262.    468.    829.   1876.   1285.    536.    336.    202.     6827.
           1969    182.    158.    135.    270.    269.    490.   2584.   6071.   3731.   1817.    764.    385.    16856.
           1970    276.    239.    203.    164.    135.    199.    248.    841.    304.    199.    139.     99.     3046.
           1971    101.    104.    107.    120.    100.    177.    365.    846.    533.    236.    241.    145.     3075.
           1972    149.    157.    501.    203.    121.    410.    396.    485.    305.    175.    126.    141.     3169.
           1973    768.    339.    301.    286.    237.    338.   1841.   7509.   5798.   1864.    865.    469.    20615.
           1974    333.    258.    228.    200.    148.    295.    560.    629.    202.    142.    105.     85.     3185.
           1975    109.    137.    144.    139.    106.    283.    530.   1976.   1874.    523.    263.    186.     6270.
           1976    169.    160.    162.    133.    253.    252.    584.   1303.    357.    245.    167.    175.     3960.
           1977    168.    123.    100.     79.     77.     74.     99.    372.    324.    101.     90.     61.     1668.
           1978     51.     57.     62.     70.    195.    937.   1825.   4280.   4013.   1416.    676.    373.    13955.
           1979    295.    321.    318.    312.    304.    587.   2074.   5566.   3737.   1299.    754.    379.    15946.
           1980    292.    265.    216.    227.    432.    433.   1841.   3792.   3943.   1880.    895.    499.    14715.
           1981    343.    250.    201.    169.    136.    243.   1192.   1023.    484.    263.    185.    153.     4642.
           1982    142.    110.    102.    104.    121.    254.   1086.   2227.    796.    389.    368.    269.     5968.
           1983    255.    252.    290.    238.    233.    805.   1308.   5310.   7490.   2947.   1424.    722.    21274.
           1984    628.    386.    361.    296.    212.    307.    819.    700.    326.    269.    215.    133.     4652.
           1985    142.    128.    125.    139.    128.    233.   1323.   1386.    525.    333.    215.    162.     4839.
           1986    166.    156.    165.    134.    204.    642.   1031.    948.    502.    282.    187.    170.     4587.
           1987    206.    159.    138.    104.     92.    214.   1122.   1408.    475.    254.    167.    115.     4454.
           1988    156.   1271.    339.    244.    252.    480.   1574.   3126.   1509.    795.    492.    289.    10527.
           1989    217.    188.    166.    160.    149.    461.    595.    309.    176.    128.     98.     72.     2719.
           1990     66.     64.     75.     68.     38.    161.    521.    506.    338.    140.     82.     88.     2147.
           1991    105.     82.     68.     83.     71.    185.    461.   1004.    861.    310.    196.    160.     3586.
           1992    124.    128.     92.    139.    216.    514.   1777.   2467.   1135.    557.    284.    200.     7633.
           1993    196.    165.    130.    133.    162.    972.   1892.   5064.   2916.   1442.    745.    382.    14199.
           1994    309.    251.    219.    192.    196.    420.    830.   1198.    530.    260.    200.    139.     4744.
           1995    148.    144.    157.    178.    460.   1525.   1244.   3146.   5105.   2836.   1144.    576.    16663.
           1996    373.    264.    220.    187.    195.    266.    324.    282.    125.    121.     79.     70.     2506.
           1997     68.    218.    149.    205.    186.    392.    647.   1017.    339.    211.    185.    376.     3993.
           1998    266.    169.    152.    145.    167.    696.   1140.   3197.   3213.   2132.    952.    618.    12847.
           1999    377.    351.    256.    186.    171.    193.    327.    683.    812.    356.    215.    151.     4078.
           2000    139.    132.    120.     85.     96.    365.   1201.   1248.    422.    232.    201.    162.     4403.
           2001    199.    215.    161.    152.    208.    380.   1091.   2983.   1027.    502.    277.    190.     7385.
           2002    176.    162.    112.     53.     67.     87.     71.     41.     20.     16.     14.     25.      844.
           2003     40.     57.     59.     60.     77.    218.    359.    735.    252.    126.     91.     64.     2138.
           2004     55.     66.     72.     94.     82.    594.    946.   1200.    561.    281.    188.    141.     4280.
           2005   2034.   1888.    513.   1051.    752.   1119.   2223.   6906.   7109.   3675.   1577.    791.    29638.
           2006    520.    332.    293.    253.    206.    497.   1736.   2456.    795.    481.    240.    187.     7996.
           2007    230.    159.    146.    131.    107.    219.    317.    359.    132.    102.     91.     99.     2092.
           2008     78.     70.     94.    124.    153.    407.    805.   1380.    756.    398.    231.    131.     4627.
           2009    128.    125.    118.    151.    198.    391.    743.   1650.    575.    288.    188.    122.     4677.

          +AVE.    224.    254.    197.    163.    170.    360.   1029.   2010.   1490.    611.    347.    218.     7073.


          +   AVE. GIVEN FOR YEARS OF CONCURRENT DATA WITH CORRELATED STATION
                                    09408500 SANTA CLARA-PINTO DIV. NR PINTO UTAH             Acre-Feet                  PAGE  3

           R      0.858   0.816   0.894   0.611   0.646   0.901   0.885   0.957   0.995   0.808   0.156   0.814               0.962
           A   -.20E+03-.12E+03-.46E+02-.37E+02-.38E+02-.25E+03-.56E+03-.10E+03-.80E+02-.14E+02-.77E+02-.93E+00          -0.389E+03
           B   0.11E+010.77E+000.31E+000.27E+000.34E+000.12E+010.15E+010.64E+000.32E+000.46E-010.30E+000.50E-02           0.471E+00

           WATER
           YEAR    OCT     NOV     DEC     JAN     FEB     MAR     APR     MAY     JUN     JUL     AUG     SEP       SUM       ANN

           1954      0.      0.      0.      0.      0.      0.    523.    548.     25.      0.      0.      0.     1096.     1096.
           1955      0.      0.      0.      0.      0.      0.    114.    334.     73.      0.     30.      0.      551.      551.
           1956      0.      0.      0.      0.      0.      0.     47.     91.      3.      0.      0.      0.      141.      141.
           1957      0.      0.      0.      0.      0.      0.    111.    873.    902.      0.      0.      0.     1886.     1886.
           1958      0.      0.      0.      0.      3.     17.    532.   2850.    747.      0.      0.      0.     4149.     4149.
           1959      0.      0.      0.      0.      0.      4.     36.      0.      0.      0.      0.      0.       40.       40.
           1960      0.      0.      0.      0.      0.     94.    500.    489.     46.      0.      0.      0.     1129.     1129.
           1961      0.    303.     26.     12.     17.    126.   1452.    804.     79.      0.      0.      0.     2819.     2819.
           1962      0.      0.      0.      0.     34.     54.   2366.    724.    201.      0.      0.      0.     3379.     3379.
          *1963      0.      0.      0.      0.      2.      0.      0.    284.      0.      0.      0.      0.      287.      678.
          *1964      0.      0.      0.      0.      0.      0.    105.   1021.    132.      0.      0.      0.     1257.     1494.
          *1965      0.      0.      0.      0.      1.      0.   1000.   1395.    676.     26.     45.      0.     3143.     3340.
          *1966     25.    131.     57.     27.     14.    430.   1195.    827.    104.      0.      0.      0.     2811.     2271.
          *1967      0.      0.    522.     37.     41.    142.    236.   1204.    410.     18.    156.      2.     2768.     3886.
          *1968    171.     68.     25.     19.     52.    319.    675.   1095.    337.     10.     24.      0.     2796.     2826.
          *1969      0.      0.      0.     36.     55.    346.   3293.   3771.   1129.     69.    153.      1.     8853.     7549.
           1970      0.      0.      1.     19.      4.     17.      8.    238.     12.      0.      0.      0.      299.      299.
           1971      0.      0.      0.     13.      0.     68.    201.    787.    166.      2.     85.      0.     1322.     1322.
           1972      0.      0.    131.     21.     46.    236.     79.     77.     13.      0.      0.      0.      603.      603.
           1973    885.    805.     20.      0.      0.      0.    904.   3648.   1758.     42.      0.      0.     8062.     8062.
           1974      0.      0.      0.      0.      0.    177.    271.    132.      0.      1.      0.      0.      581.      581.
           1975      0.      0.      0.      0.      9.    167.    305.   1958.    629.      0.      0.      0.     3068.     3068.
           1976      0.      0.      0.      0.     69.     21.    316.    952.     40.      0.      0.      0.     1398.     1398.
           1977      0.      0.      0.      0.      0.      0.      0.    114.    205.      0.      0.      0.      319.      319.
           1978      0.      0.      0.      0.      0.    721.   3566.   3247.   1025.      1.      0.      0.     8560.     8560.
           1979      0.      0.      0.      0.      0.      0.   1009.   2412.    991.      0.      0.      0.     4412.     4412.
           1980      0.      0.      0.      0.     42.     93.   1736.   1722.   1133.     57.      0.      0.     4783.     4783.
           1981      0.      0.      0.      0.      0.     40.    780.    443.    140.      0.      0.      0.     1403.     1403.
           1982      0.      0.      0.      0.      1.     56.   1045.   1523.    174.      0.      0.      0.     2799.     2799.
           1983      0.     13.      8.      0.     27.    858.   1833.   4513.   2537.    120.     86.      4.     9999.     9999.
           1984     87.     66.     64.     94.    122.    137.    791.    567.     55.    104.    490.      0.     2577.     2577.
           1985      0.      3.      4.      0.      0.    128.   1398.    524.     24.      6.      0.      0.     2087.     2087.
           1986      0.      4.      6.      8.     44.    735.   1027.    456.     55.      0.      0.      0.     2335.     2335.
           1987      0.      0.      0.      0.     17.     80.   1559.    884.     70.      0.      0.      0.     2610.     2610.
           1988      0.    572.     88.      0.     54.    563.   1974.   2067.    326.      0.      0.      0.     5644.     5644.
           1989      0.      0.      0.      0.      4.    110.     83.      1.      0.      0.      0.      0.      198.      198.
           1990      0.      0.      0.      0.      0.     13.    159.     55.      0.      0.      0.      0.      227.      227.
          *1991      0.      0.      0.      0.      0.      0.    126.    539.    199.      0.      0.      0.      864.     1300.
          *1992      0.      0.      0.      1.     36.    375.   2089.   1472.    288.     11.      9.      0.     4282.     3206.
          *1993     10.      5.      0.      0.     18.    935.   2261.   3129.    865.     52.    147.      1.     7423.     6298.
          *1994    131.     71.     21.     15.     29.    260.    676.    663.     92.      0.      0.      0.     1959.     1845.
          *1995      0.      0.      2.     11.    120.   1611.   1294.   1905.   1574.    115.    267.      2.     6903.     7458.
          *1996    200.     81.     22.     14.     29.     72.      0.     78.      0.      0.      0.      0.      495.      791.
          *1997      0.     46.      0.     18.     26.    226.    403.    547.     30.      0.      0.      1.     1298.     1492.
          *1998     85.      8.      1.      2.     19.    598.   1139.   1938.    961.     83.    209.      2.     5047.     5661.
          *1999    204.    147.     33.     13.     21.      0.      0.    334.    184.      2.      0.      0.      938.     1532.
          *2000      0.      0.      0.      0.      0.    193.   1230.    695.     57.      0.      0.      0.     2175.     1685.
          *2001     13.     43.      4.      4.     34.    211.   1066.   1801.    253.      9.      7.      0.     3445.     3089.
          *2002      0.      3.      0.      0.      0.      0.      0.      0.      0.      0.      0.      0.        3.        9.
          *2003      0.      0.      0.      0.      0.     13.      0.    367.      2.      0.      0.      0.      383.      618.
          *2004      0.      0.      0.      0.      0.    473.    849.    664.    102.      0.      0.      0.     2089.     1627.
          *2005   1980.   1323.    111.    247.    221.   1115.   2755.   4304.   2224.    153.    397.      3.    14833.    13569.
          *2006    357.    133.     44.     31.     33.    355.   2028.   1465.    178.      8.      0.      0.     4632.     3377.
          *2007     47.      1.      0.      0.      0.     15.      0.    128.      0.      0.      0.      0.      189.      596.
          *2008      0.      0.      0.      0.     15.    244.    639.    779.    165.      4.      0.      0.     1846.     1790.
          *2009      0.      0.      0.      4.     30.    225.    546.    951.    107.      0.      0.      0.     1863.     1814.

           AVE.     75.     68.     21.     12.     23.    226.    863.   1150.    384.     16.     38.      0.     2876.     2826.


          * DATA CORRELATED WITH STATION:     09408400 SANTA CLARA RIVER NEAR PINE VALLEY, UT           Acre-Feet             

           NUMBER OF YEARS   56                       Linear Regression   
                                                                                                                        PAGE  4

          Correlation Coefficients           13:31:20.5          05/05/2011
                      Linear Regression   
          1 OCT  A=-.199943470E+03, B=0.107181339E+01, R=  0.858128, R*R=  0.736383
          2 NOV  A=-.121115034E+03, B=0.765148326E+00, R=  0.816269, R*R=  0.666294
          3 DEC  A=-.455885999E+02, B=0.305211936E+00, R=  0.894396, R*R=  0.799943
          4 JAN  A=-.369228632E+02, B=0.269692373E+00, R=  0.610502, R*R=  0.372712
          5 FEB  A=-.380031366E+02, B=0.344152008E+00, R=  0.645668, R*R=  0.416887
          6 MAR  A=-.253165339E+03, B=0.122266838E+01, R=  0.900964, R*R=  0.811736
          7 APR  A=-.562132570E+03, B=0.149203165E+01, R=  0.884970, R*R=  0.783172
          8 MAY  A=-.101450695E+03, B=0.637916511E+00, R=  0.957491, R*R=  0.916789
          9 JUN  A=-.795914776E+02, B=0.324010162E+00, R=  0.995466, R*R=  0.990954
         10 JUL  A=-.139412443E+02, B=0.455257681E-01, R=  0.807764, R*R=  0.652483
         11 AUG  A=-.766977850E+02, B=0.300546233E+00, R=  0.155555, R*R=  0.024197
         12 SEP  A=-.928241576E+00, B=0.503020632E-02, R=  0.813511, R*R=  0.661800
         13 ANN  A=-.388885906E+03, B=0.470942528E+00, R=  0.962287, R*R=  0.925997


         Base Station:       O:\STREAMFL\MONTH\09408400.mon
         Correlated Station: O:\STREAMFL\MONTH\09408500.MON
         Print File Name:    O:\STREAMFL\MONTH\09408500.prn
         Output/Save File:   O:\DATABASE\WATBUDG\Models\Virgin_Kanab\0940850C.MON
