

                                    09405200 DEEP CREEK NEAR CEDAR CITY, UT                   Acre-Feet 

         YEAR     OCT      NOV      DEC      JAN      FEB      MAR      APR      MAY      JUN      JUL      AUG      SEP       ANN

         1987                                                                                       60.      89.      69.
         1988     102.     166.     107.      89.     103.     200.     446.     425.     196.     104.     138.      72.     2148.
         1989      81.      95.     108.      99.      97.     235.     144.      95.      38.      47.      46.      27.     1112.
         1990      44.      57.      65.      49.      47.      82.     153.     103.      75.      27.      19.      36.      757.
         1991      32.      48.      35.      42.     102.     103.      94.     120.      64.      23.      29.      38.      730.
         1992      35.      68.      63.      72.      88.     124.     419.     200.

         MEAN      59.      87.      76.      70.      87.     149.     251.     189.      93.      52.      64.      48.     1187.

          PCT    4.95%    7.31%    6.37%    5.92%    7.36%   12.54%   21.17%   15.89%    7.86%    4.40%    5.42%    4.07%   100.00%

           SD      31.      48.      31.      25.      23.      66.     167.     139.      70.      33.      49.      21.      664.

           CV     0.53     0.55     0.42     0.35     0.27     0.44     0.67     0.73     0.75     0.62     0.77     0.42      0.56

           FILE: .\09405200                                                                      
