

                        09405900 NORTH CREEK NEAR VIRGIN, UT                      Acre-Feet             

         YEAR     OCT      NOV      DEC      JAN      FEB      MAR      APR      MAY      JUN      JUL      AUG      SEP       ANN

         1985                       690.     543.     496.     905.    2061.     245.      78.     179.      49.     107.
         1986     195.     666.     588.     291.    1273.    1538.     803.     110.      39.     191.      72.     328.     6094.
         1987     226.     299.     256.     345.     471.     933.     840.     375.     120.     388.     134.     112.     4499.
         1988     544.    1310.     293.     400.     481.     491.    2292.     302.      95.      57.     446.      13.     6724.
         1989      85.     124.     251.     331.     613.    1519.     297.     207.      18.      95.      87.      29.     3656.
         1990     103.     168.     190.     207.     287.     262.     288.     236.      35.      19.     278.     100.     2173.
         1991     175.     310.     185.     201.     234.    1574.     577.     212.      33.       8.      20.      54.     3583.
         1992     208.     240.     231.     235.    1015.    3230.    1516.     409.      30.      23.     371.      66.     7574.
         1993     640.     203.     309.    4508.    5935.    4774.    4461.    2603.     442.      91.     157.      68.    24191.

         MEAN     272.     415.     333.     785.    1201.    1692.    1459.     522.      99.     117.     179.      97.     7312.

          PCT    3.72%    5.68%    4.55%   10.73%   16.42%   23.14%   19.96%    7.14%    1.35%    1.60%    2.45%    1.33%   100.00%

           SD     205.     398.     180.    1400.    1807.    1441.    1341.     786.     133.     121.     151.      93.     7055.

           CV     0.75     0.96     0.54     1.78     1.50     0.85     0.92     1.50     1.35     1.04     0.84     0.95      0.96

           FILE: .\09405900                                                                      
