

                                    09405250 EAST FORK DEEP CREEK NR CEDAR CITY, UT           Acre-Feet 

         YEAR     OCT      NOV      DEC      JAN      FEB      MAR      APR      MAY      JUN      JUL      AUG      SEP       ANN

         1987                                                                                       76.      84.      66.
         1988     176.     392.     237.     212.     227.     302.     808.     736.     311.     140.     157.     121.     3819.
         1989     143.     185.     143.     133.     119.     326.     310.     216.      78.      47.      46.      30.     1776.
         1990      71.     115.     126.     130.      98.     128.     212.     117.      69.      30.      22.      43.     1161.
         1991      60.      98.     100.      87.     154.     152.     213.     272.     161.      59.      42.      52.     1450.
         1992      71.     147.     125.     116.     104.     158.     679.     291.

         MEAN     104.     187.     146.     136.     140.     213.     444.     326.     155.      70.      70.      62.     2052.

          PCT    5.08%    9.13%    7.13%    6.61%    6.84%   10.39%   21.66%   15.91%    7.54%    3.43%    3.42%    3.04%   100.00%

           SD      52.     119.      53.      46.      53.      93.     280.     239.     112.      42.      53.      35.     1205.

           CV     0.50     0.64     0.36     0.34     0.38     0.44     0.63     0.73     0.72     0.60     0.76     0.57      0.59

           FILE: .\09405250                                                                      
