

                                    09407201 ASH CR BELOW DIVERSION DAM, AT TOQUERVILLE, UT   Acre-Feet 

         YEAR     OCT      NOV      DEC      JAN      FEB      MAR      APR      MAY      JUN      JUL      AUG      SEP       ANN

         1973              680.     600.     580.     760.    1940.    6040.   13540.    6850.    1910.    1100.    1060.
         1974     787.     944.    1234.    1230.    1087.     837.     789.     811.     649.     583.     571.     526.    10048.
         1975     744.     746.     688.     668.     550.     488.     428.     500.     451.     444.     414.     422.     6543.
         1976     678.     662.     679.     643.     859.     636.     649.     582.     557.     534.     574.     613.     7666.
         1977     546.     528.     541.     537.     498.     507.     434.     449.     414.     473.     402.     308.     5637.
         1978     463.     516.     487.     516.    1913.    7884.    5169.    3868.    1505.    1083.     990.    1027.    25421.
         1979     867.     891.     992.     867.     871.    5966.    8686.    7521.    2257.    2083.    1394.    1307.    33702.
         1980    1315.    1341.    1254.    1515.    6268.    3316.    5080.    6284.    2158.    1676.    1823.    1527.    33557.
         1981    1113.    1269.    1162.    1222.             1109.    1061.     988.     904.              927.     833.
         1982     986.     944.     942.     861.     783.    1014.     891.    1063.     835.     760.     924.     783.    10786.

         MEAN     833.     852.     858.     864.    1510.    2370.    2923.    3561.    1658.    1061.     912.     841.    16670.

          PCT    5.00%    5.11%    5.15%    5.18%    9.06%   14.22%   17.53%   21.36%    9.95%    6.36%    5.47%    5.04%   100.00%

           SD     271.     284.     295.     347.    1832.    2587.    3025.    4360.    1946.     658.     452.     392.    12164.

           CV     0.33     0.33     0.34     0.40     1.21     1.09     1.04     1.22     1.17     0.62     0.50     0.47      0.73

           FILE: .\09407201                                                                      
