

                        09406700 SOUTH ASH CREEK BELOW MILL CREEK NEAR PINTURA, U Acre-Feet             

         YEAR     OCT      NOV      DEC      JAN      FEB      MAR      APR      MAY      JUN      JUL      AUG      SEP       ANN

         1966                                                                                               102.      82.
         1967      93.      95.    1192.     237.     235.     287.     495.     582.     543.     322.     285.     202.     4568.
         1968     156.     137.     142.     143.     264.     492.     531.     513.     462.     364.     272.     119.     3595.
         1969     101.     102.     105.    1209.     224.    1164.    2902.    2636.    1531.     879.     464.     296.    11613.
         1970     228.     193.     179.     154.     129.     191.     223.     293.     220.     157.     181.      73.     2221.
         1971      64.      99.     124.     148.     142.     164.     205.     412.     238.     138.     132.      79.     1945.
         1972     105.     102.     804.     167.     138.     173.     158.     159.     121.      57.      49.      91.     2124.
         1973     261.     212.     204.     169.     184.     332.    2347.    3820.    2021.    1006.     509.     281.    11346.
         1974     243.     215.     204.     194.     170.     280.     256.     219.     157.     109.      46.      41.     2134.
         1975      65.     102.     111.      92.     110.     154.     324.     706.     517.     352.     219.     128.     2880.
         1976     112.     112.     131.     147.     212.     242.     359.     469.     292.     168.     113.     101.     2458.
         1977      98.      83.      78.      71.      73.      83.      66.      89.     120.      61.      46.      47.      915.
         1978      36.      40.      49.      64.     494.    2140.    1974.    2194.    1345.     729.     352.     211.     9628.
         1979     174.     238.     313.     247.     257.    1674.    2398.    2448.    1131.     590.     422.     227.    10119.
         1980     171.     163.     135.     289.    1486.     831.    1660.    2011.    1200.     777.     407.     211.     9341.
         1981     170.     164.     152.     138.     127.     212.     423.     358.     246.     158.      98.      82.     2328.
         1982      79.      70.      86.     104.     115.     316.     540.     638.     383.     207.     140.      79.     2757.
         1998                                                                   2220.    1188.     767.     450.     363.
         1999     261.     253.

         MEAN     142.     140.     251.     223.     273.     546.     929.    1163.     689.     402.     238.     151.     4998.

          PCT    2.84%    2.80%    5.01%    4.47%    5.45%   10.92%   18.58%   23.26%   13.79%    8.05%    4.77%    3.02%   100.00%

           SD      73.      63.     307.     270.     338.     605.     964.    1133.     587.     318.     160.      95.     3881.

           CV     0.51     0.45     1.22     1.21     1.24     1.11     1.04     0.97     0.85     0.79     0.67     0.63      0.78

           FILE: .\09406700                                                                      
