

                                    09407000 ASH CREEK ABOVE TOQUERVILLE, UTAH                Acre-Feet 

         YEAR     OCT      NOV      DEC      JAN      FEB      MAR      APR      MAY      JUN      JUL      AUG      SEP       ANN

         1985                                 33.      52.     319.     340.      84.       0.       0.       0.       0.
         1986       0.     154.     109.       0.     520.     386.      89.       1.       0.       0.     110.      35.     1404.
         1987      17.       3.       0.       0.     218.     470.    1461.     490.      24.      19.      23.       5.     2730.
         1988       3.     278.     171.      63.     182.     118.     834.     670.     193.      30.     321.       1.     2864.
         1989       0.       0.       2.      11.      24.     215.       0.       0.       0.       0.       2.       0.      254.
         1990       0.       0.       0.       0.       0.       0.       0.       0.       5.      19.       1.       2.       28.
         1991       0.       5.

         MEAN       3.      73.      56.      18.     166.     251.     454.     208.      37.      11.      76.       7.     1456.

          PCT    0.23%    5.03%    3.87%    1.22%   11.40%   17.26%   31.18%   14.25%    2.54%    0.78%    5.24%    0.50%   100.00%

           SD       7.     117.      79.      26.     194.     175.     586.     296.      77.      13.     127.      14.     1332.

           CV     2.04     1.60     1.41     1.43     1.17     0.70     1.29     1.43     2.08     1.15     1.67     1.90      0.91

           FILE: .\09407000                                                                      
