

                                    09406500 ASH CR NR NEW HARMONY UT                         Acre-Feet 

         YEAR     OCT      NOV      DEC      JAN      FEB      MAR      APR      MAY      JUN      JUL      AUG      SEP       ANN

         1939                                177.     190.     464.     389.      63.      50.      79.      48.     536.
         1940     182.      79.     192.     179.     518.     236.     260.      10.       0.       0.       4.     748.     2408.
         1941     601.      60.     198.     190.    1196.    4173.    3433.    5512.     629.     323.     290.     115.    16720.
         1942     500.     365.     270.     419.     311.     978.    3816.     809.     141.      79.     111.      79.     7878.
         1943     139.     159.     188.     300.    1178.    1240.    1521.     109.      16.       0.     401.      22.     5273.
         1944      98.     152.     193.     184.     288.    2152.    2739.    3513.     605.      23.       0.       0.     9947.
         1945      14.     108.     106.     210.     952.    1317.    2239.    2094.     102.     107.     190.      30.     7469.
         1946     194.     147.     221.     194.     172.     146.     187.       5.       0.       6.      93.       9.     1374.
         1947    3348.    2981.    1175.     307.     323.     773.     849.     615.      23.       0.       4.       0.    10398.

         MEAN     635.     506.     318.     240.     570.    1275.    1715.    1414.     174.      69.     127.     171.     7683.

          PCT    8.26%    6.59%    4.14%    3.12%    7.42%   16.60%   22.32%   18.41%    2.26%    0.89%    1.65%    2.23%   100.00%

           SD    1115.    1004.     349.      84.     421.    1251.    1400.    1941.     256.     104.     141.     275.     4894.

           CV     1.76     1.98     1.10     0.35     0.74     0.98     0.82     1.37     1.47     1.52     1.11     1.61      0.64

           FILE: .\09406500                                                                      
