                        09404900 EAST FORK VIRGIN RIVER NEAR SPRINGDALE, UT                                              PAGE  1

           WATER
           YEAR    OCT     NOV     DEC     JAN     FEB     MAR     APR     MAY     JUN     JUL     AUG     SEP       ANN

           1992   2384.   2924.   3299.   3491.   3552.   4151.   3487.   2769.   2396.   2448.   2592.   2701.    36194.
           1993   2991.   3235.   3483.   6764.   6087.   9402.  11915.   6692.   3433.   2398.   2834.   2382.    61616.
           1994   3513.   3735.   3828.   3749.   3874.   4620.   3650.   2674.   2184.   2346.   2307.   2342.    38822.
           1995   3037.   3310.   3642.   4213.   4354.   8035.   5125.   4709.   3275.   2698.   2723.   3130.    48251.
           1996   2700.   3406.   3495.   3658.   4054.   3878.   2795.   2289.   2047.   2212.   2257.   2170.    34961.
           1997   2590.   3689.   3868.   4778.   3493.   4159.   3112.   2360.   2305.   2237.   2888.   4437.    39916.
           1998   3828.   3245.   3451.   3507.   3400.   4665.   5028.   3919.   2606.   2727.   2461.   4389.    43226.
           1999   3217.   3427.   3336.   3297.   3227.   3168.   3066.   2642.   2384.   2690.   2949.   2344.    35747.
           2000   2755.   2979.   3154.   3279.   3386.   3453.   2454.   2218.   2249.   2626.   2398.   2896.    33847.
           2001   2971.   2886.   3265.   3780.   3671.   4058.   3650.   2747.   2422.   2368.   3197.   2122.    37137.
           2002   2698.   3001.   3130.   3080.   2989.   2807.   2188.   2176.   2130.   1950.   2233.   1761.    30143.
           2003   2366.   2797.   2747.   2662.   3057.   3281.   2799.   2844.   2420.   2311.   2303.   2031.    31618.
           2004   2273.   2820.   3277.   3263.   3455.   4076.   3096.   2596.   2414.   2269.   2499.   2632.    34670.
           2005   6216.   4421.   3759.  13236.   7886.   9602.  12456.   8809.   4019.   2803.   3318.   2668.    79193.
           2006   3814.   3626.   3782.   3660.   3084.   4491.   3915.   2505.   2106.   2725.   2196.   2469.    38373.
           2007   3396.   3255.   3485.   3402.   3203.   3431.   2614.   2356.   2118.   2184.   2721.   2430.    34595.
           2008   2489.   2934.   3763.   3927.   3733.   4328.   3164.   2442.   2188.   2422.   2323.   2174.    35887.
           2009   2668.   3265.   3053.   3423.   3261.   3721.   3130.   2394.   2166.   2130.   2140.   2065.    33416.
           2010   2408.   3059.   3324.   3540.   3705.   4717.   4455.   3084.   2368.   2446.   2450.   2251.    37807.
           2011   3644.   3348.  14172.   4534.   3745.   5962.  10778.   7006.   3108.   2932.   2313.   3493.    65035.
           2012   3921.   3350.   3267.   3449.   3572.   3993.   3406.   2283.   2116.   2366.   3386.   3007.    38116.
           2013   2955.   3433.   3521.   3485.   3299.   3971.   2785.   2370.   2146.   3471.   3753.   3915.    39104.
           2014   3074.   3469.   3316.   3441.   3344.   3741.   2594.   2428.   2376.   2461.                          

           AVE.   3126.   3288.   3888.   4157.   3801.   4683.   4420.   3318.   2477.   2488.   2647.   2719.    41258.

          Count     23      23      23      23      23      23      23      23      23      23      22      22        22
                        09404450 EAST FORK VIRGIN RIVER NEAR GLENDALE, UT                                                PAGE  2

           WATER
           YEAR    OCT     NOV     DEC     JAN     FEB     MAR     APR     MAY     JUN     JUL     AUG     SEP       ANN

           1967    873.    877.   1858.   1109.   1099.   1347.   1420.   1271.   1111.    825.    954.   1067.    13811.
           1968    893.    940.   1053.   1065.   1264.   1545.   1569.   1365.    932.    887.   1103.    698.    13313.
           1969    819.    877.    912.   1537.   1208.   1940.   7827.   4796.   1960.   1716.   1277.    986.    25855.
           1970   1129.   1138.   1063.   1083.   1089.   1295.    968.    893.    701.    679.    673.    656.    11367.
           1971    799.    954.    978.   1105.    942.   1041.    817.    938.    657.    566.    653.    555.    10005.
           1972    805.    815.   1446.    920.    936.    855.    750.    654.    713.    489.    522.    748.     9652.
           1973   1006.    952.    970.   1020.   1004.   1335.   4161.   4102.   1547.    881.    756.    714.    18448.
           1974    793.    896.    978.   1043.    936.   1172.    928.    849.    706.    632.    529.    556.    10019.
           1975    813.    964.    916.    916.    869.   1287.   1210.   1002.    736.    660.    571.    603.    10547.
           1976    694.    835.    934.    807.   1051.   1026.    944.    768.    528.    596.    583.    614.     9380.
           1977    724.    641.    706.    728.    670.    708.    654.    760.    531.    496.    503.    513.     7634.
           1978    639.    702.    744.    875.    988.   2110.   2842.   1896.    962.    770.    692.    670.    13890.
           1979    740.   1162.   1016.   1081.   1061.   1997.   7890.   6363.   1890.   1158.   1091.    877.    26326.
           1980    984.   1027.   1125.   1613.   2097.   2636.   8628.   8045.   2594.   1722.   1591.   1470.    33532.
           1981   1373.   1293.   1378.   1341.   1246.   1609.   1313.   1115.    813.    718.    761.    780.    13739.
           1982   1008.    966.   1010.   1091.   1140.   1728.   1658.   1170.    756.    694.    789.    835.    12845.
           1983    940.   1260.   1418.   1210.   1379.   3104.   5687.   7888.   2521.   1738.   1636.   1055.    29836.
           1984   1384.   1464.   1513.   1541.   1365.   1543.   1357.    970.    742.    778.    835.    707.    14199.
           1985    980.   1035.   1248.   1248.   1146.   1638.   2051.   1456.    811.    718.    406.    529.    13266.
           1986    961.   1079.   1154.   1206.   1583.   1494.   1307.    839.    587.    445.    518.    823.    11995.
           1987   1117.   1129.   1127.   1079.   1037.   1418.   1016.    628.    412.    508.    672.    380.    10521.
           1988    596.   1043.    865.    889.   1053.   1119.   1105.    968.    498.    444.    507.    383.     9468.
           1989    618.    705.    806.    859.    934.   1267.    532.    392.    307.    344.    372.    304.     7440.
           1990    406.    499.    589.    600.    621.    835.    610.    404.    328.    352.    352.    387.     5983.
           1991    560.    569.    599.    578.    550.    881.    698.    501.    444.    341.    352.    397.     6469.
           1992    539.    579.    603.    652.    747.   1283.   1013.    685.    546.    420.    505.    474.     8047.
           1993    657.    533.    682.    908.   1045.   3340.   7896.   3915.   1646.    787.    854.    704.    22967.
           1994    972.    893.    920.    948.   1012.   1632.    915.    621.    416.    354.    390.    433.     9505.
           1995    770.    805.    853.   1002.   1345.   3082.   2281.   2418.   1416.    719.    533.    557.    15782.
           1996    815.    876.    720.    898.   1264.   1160.    670.    498.    339.    345.    314.    438.     8336.
           1997    605.    885.    940.   1204.    782.   1027.    833.    555.    433.    322.    444.    725.     8754.
           1998    735.    738.    711.    799.   1069.   1301.   1968.   1870.    872.    620.    442.   1028.    12153.
           1999   1043.   1148.    992.    980.    889.    706.    845.    683.    560.    616.    515.    500.     9477.
           2000    566.    609.    615.    748.    914.   1317.    721.    464.    315.    295.    292.    314.     7170.
           2001    748.    817.    799.    758.    809.   1083.    994.    587.    380.    336.    431.    333.     8074.
           2002    494.    610.    871.    832.    810.    910.    503.    328.    228.    248.    207.    323.     6365.
           2003    557.    607.    528.    639.    658.    920.    601.    453.    271.    237.    281.    279.     6033.
           2004    328.    387.    589.    668.    648.   1301.    826.    335.    229.    263.    391.    306.     6271.
           2005   1056.   1006.    877.   2614.   1741.   3818.   8285.   5923.   1845.    918.   1057.    760.    29900.
           2006   1057.   1027.   1061.   1061.    972.   1400.   1196.    714.    482.    531.    452.    494.    10447.
           2007    934.    853.    827.    772.    787.    782.    670.    455.    309.    255.    278.    345.     7267.
           2008    515.    505.    783.    833.    871.   1264.    861.    586.    392.    353.    312.    288.     7561.
           2009    444.    569.    670.    893.    879.   1063.    893.    582.    421.    320.    291.    302.     7327.
           2010    405.    538.    743.    910.    952.   1388.   1585.   1061.    564.    398.    392.    326.     9262.
           2011    674.    631.   4072.   1771.   1081.   2424.   5952.   4284.   1341.    954.    747.    769.    24700.
           2012    917.    910.   1168.   1133.   1134.   1293.    956.    497.    354.    455.    682.    621.    10121.
           2013    546.    651.    738.    823.    774.    889.    626.    615.    363.   1596.    737.    870.     9227.
           2014    641.    699.    678.    750.    960.    648.    558.    556.    343.    308.                          

          +AVE.    696.    734.    932.    982.    963.   1480.   1811.   1247.    612.    506.    479.    509.    11125.


          +   AVE. GIVEN FOR YEARS OF CONCURRENT DATA WITH CORRELATED STATION
                        09404900 EAST FORK VIRGIN RIVER NEAR SPRINGDALE, UT                                              PAGE  3

           R      0.847   0.822   0.990   0.924   0.873   0.986   0.997   0.998   0.976   0.939   0.804   0.898               0.995
           A   0.44E+030.19E+040.89E+03-.74E+03-.49E+030.15E+040.20E+040.18E+040.18E+040.20E+040.17E+040.98E+03           0.204E+05
           B   0.39E+010.19E+010.32E+010.50E+010.45E+010.22E+010.13E+010.12E+010.11E+010.10E+010.21E+010.34E+01           0.187E+01

           WATER
           YEAR    OCT     NOV     DEC     JAN     FEB     MAR     APR     MAY     JUN     JUL     AUG     SEP       SUM       ANN

          *1967   3807.   3559.   6867.   4788.   4408.   4395.   3907.   3347.   3006.   2809.   3626.   4629.    49147.    46292.
          *1968   3884.   3679.   4277.   4570.   5143.   4825.   4102.   3459.   2817.   2871.   3933.   3367.    46926.    45359.
          *1969   3600.   3559.   3823.   6924.   4896.   5679.  12330.   7581.   3907.   3706.   4292.   4351.    64647.    68868.
          *1970   4795.   4055.   4309.   4659.   4364.   4284.   3312.   2892.   2572.   2661.   3046.   3224.    44173.    41711.
          *1971   3524.   3705.   4035.   4768.   3709.   3734.   3114.   2947.   2525.   2547.   3005.   2876.    40489.    39159.
          *1972   3544.   3442.   5540.   3847.   3683.   3331.   3025.   2605.   2585.   2470.   2735.   3536.    40343.    38497.
          *1973   4322.   3701.   4009.   4345.   3986.   4370.   7510.   6747.   3469.   2865.   3218.   3421.    51963.    54984.
          *1974   3501.   3596.   4035.   4461.   3683.   4017.   3260.   2840.   2577.   2614.   2749.   2881.    40215.    39186.
          *1975   3578.   3724.   3837.   3828.   3383.   4267.   3630.   3023.   2609.   2642.   2836.   3040.    40397.    40175.
          *1976   3118.   3480.   3894.   3283.   4196.   3700.   3281.   2742.   2389.   2578.   2860.   3078.    38599.    37987.
          *1977   3233.   3111.   3161.   2887.   2498.   3013.   2900.   2732.   2391.   2477.   2697.   2733.    33833.    34714.
          *1978   2906.   3228.   3282.   3620.   3913.   6048.   5776.   4098.   2849.   2753.   3085.   3272.    44829.    46442.
          *1979   3295.   4100.   4157.   4649.   4240.   5803.  12413.   9463.   3833.   3144.   3908.   3979.    62982.    69751.
          *1980   4237.   3844.   4508.   7303.   8861.   7186.  13383.  11483.   4579.   3712.   4939.   6006.    80041.    83258.
          *1981   5738.   4348.   5323.   5945.   5063.   4962.   3766.   3159.   2691.   2701.   3229.   3645.    50570.    46158.
          *1982   4328.   3728.   4137.   4698.   4594.   5220.   4220.   3226.   2630.   2677.   3287.   3835.    46578.    44482.
          *1983   4067.   4285.   5450.   5293.   5658.   8199.   9516.  11294.   4502.   3728.   5032.   4587.    71612.    76330.
          *1984   5784.   4672.   5757.   6945.   5594.   4820.   3823.   2985.   2615.   2761.   3381.   3398.    52534.    47019.
          *1985   4221.   3859.   4902.   5480.   4621.   5026.   4736.   3569.   2689.   2700.   2497.   2787.    47087.    45271.
          *1986   4146.   3942.   4602.   5272.   6567.   4713.   3758.   2828.   2451.   2426.   2727.   3793.    47227.    42890.
          *1987   4749.   4036.   4513.   4639.   4135.   4550.   3375.   2574.   2265.   2489.   3045.   2280.    42650.    40127.
          *1988   2738.   3874.   3671.   3689.   4205.   3902.   3492.   2983.   2356.   2425.   2704.   2288.    38326.    38152.
          *1989   2825.   3233.   3482.   3540.   3674.   4223.   2738.   2291.   2154.   2325.   2427.   2017.    34930.    34352.
          *1990   2005.   2842.   2785.   2248.   2278.   3288.   2841.   2305.   2176.   2332.   2386.   2303.    29789.    31621.
          *1991   2599.   2975.   2816.   2139.   1959.   3387.   2957.   2422.   2299.   2322.   2384.   2338.    30597.    32532.
           1992   2384.   2924.   3299.   3491.   3552.   4151.   3487.   2769.   2396.   2448.   2592.   2701.    36194.    36194.
           1993   2991.   3235.   3483.   6764.   6087.   9402.  11915.   6692.   3433.   2398.   2834.   2382.    61616.    61616.
           1994   3513.   3735.   3828.   3749.   3874.   4620.   3650.   2674.   2184.   2346.   2307.   2342.    38822.    38822.
           1995   3037.   3310.   3642.   4213.   4354.   8035.   5125.   4709.   3275.   2698.   2723.   3130.    48251.    48251.
           1996   2700.   3406.   3495.   3658.   4054.   3878.   2795.   2289.   2047.   2212.   2257.   2170.    34961.    34961.
           1997   2590.   3689.   3868.   4778.   3493.   4159.   3112.   2360.   2305.   2237.   2888.   4437.    39916.    39916.
           1998   3828.   3245.   3451.   3507.   3400.   4665.   5028.   3919.   2606.   2727.   2461.   4389.    43226.    43226.
           1999   3217.   3427.   3336.   3297.   3227.   3168.   3066.   2642.   2384.   2690.   2949.   2344.    35747.    35747.
           2000   2755.   2979.   3154.   3279.   3386.   3453.   2454.   2218.   2249.   2626.   2398.   2896.    33847.    33847.
           2001   2971.   2886.   3265.   3780.   3671.   4058.   3650.   2747.   2422.   2368.   3197.   2122.    37137.    37137.
           2002   2698.   3001.   3130.   3080.   2989.   2807.   2188.   2176.   2130.   1950.   2233.   1761.    30143.    30143.
           2003   2366.   2797.   2747.   2662.   3057.   3281.   2799.   2844.   2420.   2311.   2303.   2031.    31618.    31618.
           2004   2273.   2820.   3277.   3263.   3455.   4076.   3096.   2596.   2414.   2269.   2499.   2632.    34670.    34670.
           2005   6216.   4421.   3759.  13236.   7886.   9602.  12456.   8809.   4019.   2803.   3318.   2668.    79193.    79193.
           2006   3814.   3626.   3782.   3660.   3084.   4491.   3915.   2505.   2106.   2725.   2196.   2469.    38373.    38373.
           2007   3396.   3255.   3485.   3402.   3203.   3431.   2614.   2356.   2118.   2184.   2721.   2430.    34595.    34595.
           2008   2489.   2934.   3763.   3927.   3733.   4328.   3164.   2442.   2188.   2422.   2323.   2174.    35887.    35887.
           2009   2668.   3265.   3053.   3423.   3261.   3721.   3130.   2394.   2166.   2130.   2140.   2065.    33416.    33416.
           2010   2408.   3059.   3324.   3540.   3705.   4717.   4455.   3084.   2368.   2446.   2450.   2251.    37807.    37807.
           2011   3644.   3348.  14172.   4534.   3745.   5962.  10778.   7006.   3108.   2932.   2313.   3493.    65035.    65035.
           2012   3921.   3350.   3267.   3449.   3572.   3993.   3406.   2283.   2116.   2366.   3386.   3007.    38116.    38116.
           2013   2955.   3433.   3521.   3485.   3299.   3971.   2785.   2370.   2146.   3471.   3753.   3915.    39104.    39104.
          *2014   3074.   3469.   3316.   3441.   3344.   3741.   2594.   2428.   2376.   2461.                                    

           AVE.   3468.   3504.   4096.   4363.   4099.   4680.   4767.   3790.   2665.   2624.   2942.   3053.    44216.    44106.


          * DATA CORRELATED WITH STATION:     09404450 EAST FORK VIRGIN RIVER NEAR GLENDALE, UT                               
          Count      48      48      48      48      48      48      48      48      48      48      47      47                  47

           NUMBER OF YEARS   47                       Linear Regression   
                                                                                                                        PAGE  4

          Correlation Coefficients           15:03:42.2          09/04/2014
                      Linear Regression   
          1 OCT  A=0.436855667E+03, B=0.386179766E+01, R=  0.847350, R*R=  0.718003
          2 NOV  A=0.189630634E+04, B=0.189606578E+01, R=  0.822410, R*R=  0.676358
          3 DEC  A=0.889947398E+03, B=0.321587833E+01, R=  0.990445, R*R=  0.980982
          4 JAN  A=-.744672407E+03, B=0.498952339E+01, R=  0.923873, R*R=  0.853541
          5 FEB  A=-.492958702E+03, B=0.446071494E+01, R=  0.873040, R*R=  0.762199
          6 MAR  A=0.148038237E+04, B=0.216434903E+01, R=  0.985760, R*R=  0.971723
          7 APR  A=0.203948945E+04, B=0.131472766E+01, R=  0.996596, R*R=  0.993204
          8 MAY  A=0.181997273E+04, B=0.120112284E+01, R=  0.997563, R*R=  0.995132
          9 JUN  A=0.182868242E+04, B=0.106040495E+01, R=  0.976018, R*R=  0.952611
         10 JUL  A=0.197788196E+04, B=0.100686047E+01, R=  0.938589, R*R=  0.880950
         11 AUG  A=0.165910226E+04, B=0.206169101E+01, R=  0.803579, R*R=  0.645739
         12 SEP  A=0.979452223E+03, B=0.341970337E+01, R=  0.897613, R*R=  0.805709
         13 ANN  A=0.204057829E+05, B=0.187438130E+01, R=  0.995391, R*R=  0.990803


         Base Station:       O:\STREAMFL\MONTH\09404450.MON
         Correlated Station: O:\STREAMFL\MONTH\09404900.MON
         Print File Name:    O:\STREAMFL\MONTH\09404900.PRN
         Output/Save File:   
