

                                    09405400 NF VIRGIN R.NR.GLENDALE,UTAH                     Acre-Feet 

         YEAR     OCT      NOV      DEC      JAN      FEB      MAR      APR      MAY      JUN      JUL      AUG      SEP       ANN

         1973                       156.     164.     203.     582.     813.    1279.     758.     620.     507.     491.
         1974     540.     552.     461.     263.     212.     240.     221.     229.     159.      91.      49.      45.     3062.
         1975     116.     177.     159.     175.     189.     262.     314.     324.     354.     394.     445.     249.     3158.
         1976     116.     171.     203.     175.     202.     188.     244.     372.     461.     364.     171.     126.     2793.
         1977     167.     180.     188.     164.     162.     176.     118.     107.      45.      33.      55.      61.     1456.
         1978      93.     124.     144.     147.     152.     250.     392.    1035.    1488.     612.     492.     467.     5396.

         MEAN     206.     241.     219.     181.     187.     283.     350.     558.     544.     352.     287.     240.     3173.

          PCT    6.50%    7.59%    6.89%    5.71%    5.88%    8.92%   11.04%   17.58%   17.15%   11.10%    9.03%    7.56%   100.00%

           SD     188.     175.     121.      41.      24.     151.     245.     479.     525.     249.     219.     199.     1418.

           CV     0.91     0.73     0.55     0.23     0.13     0.53     0.70     0.86     0.96     0.71     0.76     0.83      0.45

           FILE: .\09405400                                                                      
