

                                    09407150 WEST FIELD DITCH AT TOQUERVILLE,UTAH             Acre-Feet 

         YEAR     OCT      NOV      DEC      JAN      FEB      MAR      APR      MAY      JUN      JUL      AUG      SEP       ANN

         1973               27.      33.     130.      51.      42.     210.     486.     379.     337.     394.     384.
         1974     378.     273.     107.     108.     109.     323.     363.     321.     340.     484.     387.     378.     3571.
         1975     229.      73.      58.      51.      47.     141.     218.     253.     203.     275.     243.     213.     2004.
         1976     221.     248.     111.     124.     129.     177.     170.     172.     175.     139.     184.     203.     2053.
         1977     212.     213.     209.     204.     181.     185.     158.     172.     146.     117.     137.      64.     1998.
         1978      92.     127.     115.      74.      69.     207.     266.     441.     319.     256.     256.     259.     2481.
         1979     262.      85.      91.      71.      64.     186.     312.     298.     272.     318.     360.     321.     2640.
         1980     237.     355.     386.     218.      44.      24.     320.     332.     381.     365.     426.     328.     3416.
         1981     302.     202.     163.     235.     276.     190.     344.     389.     352.     438.     424.     420.     3735.
         1982     617.     565.     589.     536.     455.     393.     433.     482.     528.     491.     535.     479.     6103.

         MEAN     283.     217.     186.     175.     143.     187.     279.     335.     310.     322.     335.     305.     3111.

          PCT    9.11%    6.97%    5.98%    5.63%    4.58%    6.00%    8.98%   10.75%    9.95%   10.35%   10.75%    9.80%   100.00%

           SD     147.     159.     173.     142.     132.     111.      90.     115.     115.     130.     125.     122.     1316.

           CV     0.52     0.73     0.93     0.81     0.93     0.59     0.32     0.35     0.37     0.40     0.37     0.40      0.42

           FILE: .\09407150                                                                      
