

                                    09403600 KANAB CREEK NR KANAB, UTAH                       Acre-Feet 

         YEAR     OCT      NOV      DEC      JAN      FEB      MAR      APR      MAY      JUN      JUL      AUG      SEP       ANN

         1979                                523.     640.    2690.    4112.     566.     468.     310.     342.     364.
         1980     440.     488.    1337.     785.    2596.    2987.    7851.    1700.     596.     536.     490.     846.    20652.
         1981     724.     797.    1010.     885.     774.     847.     652.     834.     721.     847.    1015.     994.    10100.
         1982    1579.     660.     768.     817.    1059.    1448.    1269.     570.     355.     258.     481.     459.     9723.
         1983     770.     893.    1023.    1035.    2019.    4451.    2900.     685.     457.     344.     664.     603.    15844.
         1984    1044.     730.     875.     970.    1119.    1295.     774.     624.     365.     544.     743.     612.     9695.
         1985     532.     722.     734.     966.     776.    1934.    1690.     537.     402.     478.     552.     540.     9863.
         1986    1002.     738.    1178.     998.    1289.    1105.     914.     459.     260.     612.     570.    1031.    10156.
         1987     942.     762.     592.     380.     706.    1051.     741.     680.     450.     564.     714.     515.     8097.
         1988     655.     905.     871.    1002.     793.     595.     716.     801.     429.     405.     619.     437.     8228.
         1989     392.     466.     669.     824.     821.     647.     576.     508.     498.     422.     709.     323.     6855.
         1990     504.     391.     327.     795.     821.     710.     405.     456.     476.     413.     387.     458.     6143.
         1991     482.     523.     416.     616.     528.     793.     554.     418.     354.     289.     377.     415.     5765.
         1992     511.     473.     404.     489.     520.     877.     546.     484.     392.     401.     335.     355.     5787.
         1993     630.     519.     769.     833.     632.    5147.    2951.     765.     928.     508.

         MEAN     729.     648.     784.     795.    1006.    1772.    1777.     672.     477.     462.     571.     568.     9762.

          PCT    7.47%    6.63%    8.03%    8.14%   10.31%   18.15%   18.20%    6.89%    4.88%    4.73%    5.85%    5.82%   100.00%

           SD     323.     169.     294.     204.     579.    1429.    2014.     313.     166.     150.     191.     231.     4226.

           CV     0.44     0.26     0.38     0.26     0.58     0.81     1.13     0.47     0.35     0.32     0.33     0.41      0.43

           FILE: .\09403600                                                                      
