

                                    09410400 SANTA CLARA RIVER NR SANTA CLARA UTAH            Acre-Feet 

         YEAR     OCT      NOV      DEC      JAN      FEB      MAR      APR      MAY      JUN      JUL      AUG      SEP       ANN

         1965                                                                   1317.    1295.     570.     491.     366.
         1966     342.     857.    2195.    1414.     924.     950.    1029.    1023.     505.     148.     180.     130.     9697.
         1967     253.     485.    8400.    1025.     778.     820.     928.    1062.    1081.     756.     726.    1126.    17440.
         1968     546.     699.     844.     865.    1565.    1801.    1139.    1125.     826.     634.     685.     194.    10923.
         1969     298.     578.     518.    6891.    5687.    6004.    7642.    5958.    3840.    1619.    1323.    1872.    42230.
         1970     964.    1081.    1081.    1434.     793.     775.     603.     793.     520.     369.     262.     235.     8910.
         1971     128.     238.     491.      37.     194.     706.     685.     571.     705.     598.    1424.     584.     6361.
         1972      99.     103.     334.     119.     314.     737.     551.     668.     641.     548.     124.     252.     4490.
         1973     110.     100.      60.      80.     180.     400.    4450.   10690.    8380.    1120.    1190.    1130.    27890.
         1974     299.     277.     190.     977.     433.     773.     797.     693.     690.     737.     738.     986.     7590.
         1975

         MEAN     338.     491.    1568.    1427.    1208.    1441.    1980.    2390.    1848.     710.     714.     688.    15059.

          PCT    2.24%    3.26%   10.41%    9.48%    8.02%    9.57%   13.15%   15.87%   12.27%    4.71%    4.74%    4.57%   100.00%

           SD     274.     344.    2641.    2121.    1736.    1753.    2447.    3328.    2500.     407.     470.     572.    12427.

           CV     0.81     0.70     1.68     1.49     1.44     1.22     1.24     1.39     1.35     0.57     0.66     0.83      0.83

           FILE: .\09410400                                                                      
