

                                    09415060 MESQUITE CA NR MESQUITE NV                       Acre-Feet 

         YEAR     OCT      NOV      DEC      JAN      FEB      MAR      APR      MAY      JUN      JUL      AUG      SEP       ANN

         1951                                                          1815.    1750.    1970.    1761.    1414.    1266.
         1952     928.     727.     696.       0.     595.    1332.    1684.    1207.    1738.    2166.    1749.    1680.    14502.
         1953    1531.    1160.    1074.    1093.    1166.    1341.    2112.    2114.    2091.    1239.    1500.    1386.    17807.
         1954    1424.    1249.     970.     845.    1192.    1357.    1849.    2136.    2053.    1972.    1527.    1517.    18091.
         1955    1313.    1439.    1369.    1592.    1165.    1654.    1512.    2104.    1958.    1565.     771.    1490.    17932.

         MEAN    1299.    1144.    1027.     883.    1030.    1421.    1794.    1862.    1962.    1741.    1392.    1468.    17083.

          PCT    7.60%    6.70%    6.01%    5.17%    6.03%    8.32%   10.50%   10.90%   11.49%   10.19%    8.15%    8.59%   100.00%

           SD     263.     301.     278.     665.     290.     156.     221.     400.     137.     360.     369.     154.     1725.

           CV     0.20     0.26     0.27     0.75     0.28     0.11     0.12     0.21     0.07     0.21     0.26     0.11      0.10

           FILE: .\09415060                                                                      
