

                                    09413500 VIRGIN R NR ST GEORGE UT                         Acre-Feet 

         YEAR     OCT      NOV      DEC      JAN      FEB      MAR      APR      MAY      JUN      JUL      AUG      SEP       ANN

         1951    1400.    6190.    5990.    7950.    4890.    6350.    3160.    3490.       0.    2500.   14450.    2110.    58480.
         1952    2930.    5820.   16920.   13260.    8950.   21070.   78090.   76800.    9630.     620.    2540.    3210.   239840.
         1953    2660.    8980.   11040.   10580.    7120.    4720.    2280.     420.       0.    5110.    7940.      80.    60930.
         1954    3260.    6160.    7710.   13050.    9770.   12910.   19390.    6040.    1640.    4330.    5920.    4780.    94960.
         1955    5410.    5550.    9790.    8630.    8940.    7300.    2680.    1380.       0.    7540.   32100.     250.    89570.
         1956    1940.    7300.    9540.   11300.    7970.    4260.    4080.    1270.    1000.    4550.     260.       0.    53470.
         1957    2218.    4836.    3969.
         1992    3230.    3880.    7000.    7370.    9730.   24890.   25730.   12190.    2120.    1830.    3560.    3150.   104680.
         1993    6870.    8470.    8600.   31890.   48290.   58650.   68480.   79940.   17720.    4120.    4490.    3840.   341360.
         1994   10330.   12010.   17620.   10020.   13590.   13770.   11510.   11030.    2220.    1910.    3210.    4440.   111660.
         1995   10500.    9990.   12390.   15720.   18460.   75740.   30400.   63250.   32280.    7800.    5200.    9340.   291070.
         1996    5420.   12910.   11790.    9070.   17150.   10580.    4720.    3190.    1310.    2220.    1610.    2400.    82370.
         1997    5970.   11770.    6270.   23170.   13330.    9630.   10890.    7070.    2290.    2380.   11400.   22410.   126580.

         MEAN    4780.    7990.    9895.   13501.   14016.   20823.   21784.   22173.    5851.    3743.    7723.    4668.   137914.

          PCT    3.47%    5.79%    7.17%    9.79%   10.16%   15.10%   15.80%   16.08%    4.24%    2.71%    5.60%    3.38%   100.00%

           SD    3011.    2950.    4068.    7224.   11521.   22827.   25880.   31294.    9807.    2264.    8690.    6148.    97137.

           CV     0.63     0.37     0.41     0.54     0.82     1.10     1.19     1.41     1.68     0.60     1.13     1.32      0.70

           FILE: .\09413500                                                                      
