

                                    09415515 WATER CANYON CR NR PRESTON NV                    Acre-Feet 

         YEAR     OCT      NOV      DEC      JAN      FEB      MAR      APR      MAY      JUN      JUL      AUG      SEP       ANN

         1983                                                                             430.     665.     562.     442.
         1984     367.     243.     207.     164.     154.     170.     194.     218.     225.     317.     348.     286.     2893.
         1985     259.     173.     151.     133.     119.     155.     185.     149.     139.     168.     149.     153.     1933.
         1986     136.     112.     132.     129.      96.     231.     244.     264.     185.
         1987     206.     182.     168.     152.     119.     110.     136.      75.      62.      69.      68.      59.     1406.

         MEAN     242.     178.     165.     145.     122.     167.     190.     177.     208.     305.     282.     235.     2077.

          PCT   11.65%    8.54%    7.92%    6.96%    5.87%    8.02%    9.13%    8.50%   10.02%   14.67%   13.56%   11.31%   100.00%

           SD      97.      54.      32.      16.      24.      50.      44.      83.     138.     261.     221.     166.      754.

           CV     0.40     0.30     0.19     0.11     0.20     0.30     0.23     0.47     0.66     0.86     0.78     0.71      0.36

           FILE: .\09415515                                                                      
