

                                    09415190 VIRGIN R AT RIVERSIDE, NV                        Acre-Feet 

         YEAR     OCT      NOV      DEC      JAN      FEB      MAR      APR      MAY      JUN      JUL      AUG      SEP       ANN

         1971                              12640.   10150.    4380.    1610.    7640.     230.      30.   21330.    2230.
         1972   11560.   11030.   22540.   14350.    8900.    4880.    2250.     620.   10750.     210.    9080.   26670.   122840.
         1973   19600.   14800.   16100.   11700.   16000.   36100.   63900.  133200.   12500.    1100.     800.     800.   326600.
         1974    2710.    7660.   12090.   14870.    7710.    7870.    2510.     520.     140.     290.     800.    1830.    59000.

         MEAN   11290.   11163.   16910.   13390.   10690.   13308.   17568.   35495.    5905.     408.    8003.    7883.   169480.

          PCT    6.66%    6.59%    9.98%    7.90%    6.31%    7.85%   10.37%   20.94%    3.48%    0.24%    4.72%    4.65%   100.00%

           SD    8448.    3572.    5272.    1475.    3678.   15273.   30891.   65222.    6644.     474.    9705.   12539.   139764.

           CV     0.75     0.32     0.31     0.11     0.34     1.15     1.76     1.84     1.13     1.16     1.21     1.59      0.82

           FILE: .\09415190                                                                      
