

                                    09415000  VIRGIN R AT LITTLEFIELD, AZ                     Acre-Feet 

         YEAR     OCT      NOV      DEC      JAN      FEB      MAR      APR      MAY      JUN      JUL      AUG      SEP       ANN

         1930    5350.    7580.    9050.   13790.   14540.    9900.    8530.   28050.    6670.    6660.   52470.   25500.   188090.
         1931   15980.   18420.   13100.   14470.   17220.    7940.    5540.    4190.    3300.    3930.    8990.    6290.   119370.
         1932    5390.   16950.   11810.    9550.   76320.   41620.   45880.   63300.   20460.   23400.   60000.    7210.   381890.
         1933   10630.    9970.   16000.   14160.   13260.   12340.    9210.   17680.    6860.    7540.    4790.    4960.   127400.
         1934    5590.    7680.   12270.   12470.   10190.    7240.    3670.    3410.    3310.    4140.    3920.    4110.    78000.
         1935    5120.    6810.   12960.   14270.   13580.   15120.   34800.   31700.    8170.    4660.   12290.    5290.   164770.
         1936    3990.    7330.   11030.    8670.   17580.   12600.   17670.    9010.    3970.   18710.   11880.    8520.   130960.
         1937   11760.   12250.   11830.    9410.   29110.   41630.   47010.   46290.    8910.    7790.    4310.   10000.   240300.
         1938    5800.    8390.   15520.   17190.   17920.   84850.   56830.   44210.    6580.    4640.   11220.    5450.   278600.
         1939    7360.   11280.   14200.   15540.   13050.   14900.   15150.    8750.    3640.    3560.    3640.   43860.   154930.
         1940    9020.    7760.    9790.   20300.   39560.   17630.   14290.    5650.    3260.    3340.    6700.   36360.   173660.
         1941    9100.   10200.   13000.   14900.   30800.   62100.   62200.  130500.   19300.   22000.   20400.    5500.   400000.
         1942   22830.   18940.   17370.   19650.   15470.   20190.   49920.   28320.    5090.    4240.    8930.    4030.   214980.
         1943    9130.   10300.   11260.   17950.   20830.   36300.   34070.   11600.    4000.    4150.   12640.    5900.   178130.
         1944    8700.   10090.   12930.   13300.   14980.   25710.   25220.   48890.   10640.    3950.    4070.    4210.   182690.
         1945    5010.   12890.   11640.   11340.   17560.   20380.   19570.   24810.    4740.    4610.   25790.    7980.   166320.
         1946   19780.   10340.   14140.   13070.    9660.   10550.   11640.    4590.    3980.    6250.   13330.    3930.   121260.
         1947   37000.   32850.   22090.   15110.   12280.   13400.   15760.   16700.    4290.    4680.   13870.    4210.   192240.
         1948    8070.    9250.   13820.   10600.   12190.   12670.   19990.   10180.    4080.    4240.    5380.    5940.   116410.
         1949    5980.    9500.   10020.   12620.   14360.   17640.   30490.   28010.   11780.    4500.    3960.    7010.   155870.
         1950    8610.   11000.   13430.   14900.   16030.   13830.   15290.    6550.    4030.   11860.    5620.    5910.   127060.
         1951    4860.    8840.   10260.   11040.    7740.    8040.    6940.    9760.    3720.    5870.   16690.    6170.    99930.
         1952    6820.    8840.   20400.   21180.   10950.   27380.   79610.   71050.   12060.    4240.    5220.    5720.   273470.
         1953    5810.   10150.   13610.   13440.    9010.    7200.    6010.    4780.    4080.    8260.   13120.    4000.    99470.
         1954    7160.    9460.   11020.   14820.   12460.   16780.   23440.    9660.    5450.    7540.    9820.    8880.   136490.
         1955    8620.    9260.   13180.   11760.   12080.   10560.    5930.    5160.    3960.   10230.   40290.    4480.   135510.
         1956    5430.   10220.   13260.   14920.   11370.    7740.    5750.    4520.    4420.    7590.    4030.    3570.    92820.
         1957    4140.    6100.    7550.   11980.   13700.    9910.    6130.   15240.    8650.    4040.    9030.    3700.   100170.
         1958   14550.   20630.   15440.    9820.   18890.   41170.   63540.   69520.    7210.    6000.    5440.   22390.   294600.
         1959    7560.   10770.    9710.   10430.   13410.    9160.    4400.    4090.    3630.    3840.   11830.    4030.    92860.
         1960    4660.   12490.    8680.   11270.   10070.    9720.    5780.    4670.    3330.    3640.    3510.    5620.    83440.
         1961    6220.   12560.    7980.    7690.    7220.    7890.    4430.    3830.    3850.    8330.   16730.   21780.   108510.
         1962    5510.    7570.   12700.   10240.   30480.   16530.   32810.    8650.    3480.    3850.    3340.    7270.   142430.
         1963    6480.    6200.    7450.    8980.    8930.    6080.    4260.    3880.    3110.    3360.   10920.   13630.    83280.
         1964    5400.    9460.    6800.    6650.    7520.    6630.   12610.   10840.    2790.    3750.   13890.    3170.    89510.
         1965    3280.    6530.    8710.    8660.    7850.    7690.   30390.   23960.    9170.    3180.    4760.    6270.   120450.
         1966    5800.   20630.   25910.   12970.   11300.   14620.   16820.    6230.    3350.    3710.    3070.    4040.   128450.
         1967    6380.    8980.   76680.   12720.    9380.   10420.   11400.   19580.    6900.    4040.    7510.   13580.   187570.
         1968    6810.    9120.   12930.   12550.   14740.   12500.   14730.   16900.    4750.    5720.   14510.    3420.   128680.
         1969    5910.    7370.   10360.   47650.   34120.   39470.   82390.   83630.   13680.    5940.    4240.    8810.   343570.
         1970    7700.   11700.   11990.   13000.    8670.   12800.    4030.    4830.    3790.    6040.    7440.    4990.    96980.
         1971    4710.   10770.   10850.   10430.    9280.    8560.    5110.    8660.    3750.    3940.   18780.    4950.    99790.
         1972    9370.    9720.   21030.   10590.    9020.    5660.    3840.    3580.   14980.    4070.   11250.   23800.   126910.
         1973   17500.   12500.   11600.   11200.   14300.   33900.   67000.  116500.   23500.    4800.    4800.    3300.   320900.
         1974    5210.   10760.   11040.   14130.    9020.    9890.    5520.    4090.    3740.    4690.    4910.    7480.    90480.
         1975    9140.   11300.    8970.    8590.    8960.   12850.    7220.   14950.    5250.    8660.   11420.    3900.   111210.
         1976    5810.    6560.    8380.    9610.   17180.    6900.    7760.    9050.    3810.    4920.    4630.    6590.    91200.
         1977   12880.    6770.    7090.    8760.    6590.    5250.    3970.    6130.    6050.    7180.    6740.    4060.    81470.
         1978    4400.    6200.    7700.   15100.   21500.  105100.   50400.   29400.    5100.    4000.    3900.    3600.   256400.
         1979    5050.   12410.   13940.   12290.   18000.   37100.   75070.   95880.   23200.    4240.    7790.    3920.   308890.
         1980    5700.   10200.   11900.   36800.  134000.   42700.   56300.   91300.   27200.    8700.    6500.   19000.   450300.
         1981   14100.   16170.   16670.   13980.   13700.   20520.   24960.   13070.    6180.    8170.    9530.    6810.   163860.
         1982   11470.   11170.   12090.   14300.   13680.   22130.   21090.   22030.    5720.    5880.   14340.   11270.   165170.
         1983   12100.   17500.   31000.   17900.   19300.  101100.   67600.  120000.   66600.   16400.   23800.   11300.   504600.
         1984   19690.   18750.   23980.   18020.   14740.   13840.   16850.   13800.    5690.   18130.   18520.    9360.   191370.
         1985   11400.   13310.   16900.   17680.   15650.   22190.   36230.   21180.    5050.    5630.    4700.    5390.   175310.
         1986    7950.   13320.   16040.   14530.   17320.   16530.   14330.   11260.    5500.    5210.    6340.   14980.   143310.
         1987   16930.   13730.   10520.    8680.    8190.   11060.   20020.   11840.    6060.    9340.    8630.    5360.   130360.
         1988   11030.   21050.   12290.   15120.   14420.   14350.   31260.   24700.    8950.    5170.   20770.   11070.   190180.
         1989    2185.     623.     804.     844.     273.     557.     661.     774.     346.     240.     594.    1247.     9148.
         1990    7210.    8060.    9800.   12140.    7980.    6190.    4680.    3070.    3350.    3600.    5830.   10180.    82090.
         1991    5740.    6000.    7330.    7640.    6110.   10060.    5980.    5120.    4090.    3860.    4520.    6130.    72580.
         1992    5680.    7550.    8910.    9800.   13950.   28810.   24400.   12990.    4620.    5830.    9420.    6480.   138440.
         1993   11860.   11870.   12180.   46340.   71960.   72940.   76880.   85840.   19890.    6120.    7650.    6570.   430100.
         1994   12520.   13210.   19210.   11820.   13980.   15030.   13170.   12110.    4430.    4730.    5720.    6260.   132190.
         1995   12400.   12000.   13900.   17900.   26100.  111000.   32700.   66400.   36300.   10900.    7100.    9800.   356500.
         1996    7830.   17120.   14700.   12620.   19200.   14480.    7680.    5730.    3770.    5680.    4780.    5270.   118860.
         1997    8230.   23400.   12040.   25110.   15150.   12230.   12380.    8810.    3950.    4290.   10960.   20970.   157520.

                                    09415000  VIRGIN R AT LITTLEFIELD, AZ                     Acre-Feet 

         YEAR     OCT      NOV      DEC      JAN      FEB      MAR      APR      MAY      JUN      JUL      AUG      SEP       ANN


         MEAN    8932.   11451.   13717.   14220.   18028.   22673.   24370.   26051.    8316.    6506.   10934.    8776.   173974.

          PCT    5.13%    6.58%    7.88%    8.17%   10.36%   13.03%   14.01%   14.97%    4.78%    3.74%    6.28%    5.04%   100.00%

           SD    5476.    5004.    9082.    7466.   18782.   23823.   22352.   31538.    9719.    4322.   10307.    7652.   101187.

           CV     0.61     0.44     0.66     0.53     1.04     1.05     0.92     1.21     1.17     0.66     0.94     0.87      0.58

           FILE: .\09415000                                                                      
