

                                    09415080 BUNKERVILLE CA NR BUNKERVILLE NV                 Acre-Feet 

         YEAR     OCT      NOV      DEC      JAN      FEB      MAR      APR      MAY      JUN      JUL      AUG      SEP       ANN

         1951                                                          1176.    1246.    1091.    1025.     832.     764.
         1952     970.     935.     835.     341.      42.     920.    1172.     835.    1166.    1071.     817.     886.     9990.
         1953    1005.     688.     821.     928.     223.    1182.    1212.    1157.    1129.     720.     770.     921.    10756.
         1954    1174.     804.     987.     782.     656.     326.    1193.     980.     909.     933.     922.     873.    10539.
         1955     966.    1091.     822.     822.     689.     881.    1081.    1059.     990.     668.       0.     705.     9774.

         MEAN    1029.     880.     866.     718.     403.     827.    1167.    1055.    1057.     883.     668.     830.    10265.

          PCT   10.02%    8.57%    8.44%    7.00%    3.92%    8.06%   11.37%   10.28%   10.30%    8.61%    6.51%    8.08%   100.00%

           SD      98.     173.      81.     259.     321.     360.      51.     159.     106.     181.     378.      91.      459.

           CV     0.10     0.20     0.09     0.36     0.80     0.44     0.04     0.15     0.10     0.20     0.57     0.11      0.04

           FILE: .\09415080                                                                      
