

                                    10019000 BEAR RIVER NR EVANSTON WYO                       Acre-Feet 

         YEAR     OCT      NOV      DEC      JAN      FEB      MAR      APR      MAY      JUN      JUL      AUG      SEP       ANN

         1914    6700.    5700.    4500.    4600.    4400.   12000.   36400.   91000.   72000.   20000.    8100.    2000.   267400.
         1915    7400.    4000.    3300.    3300.    3500.    9300.   29000.   29000.   52200.    9900.     500.    3600.   155000.
         1916    4600.    3600.    3700.    3600.    3500.   42000.   38900.   53600.   61900.    6200.    2800.    1300.   225700.
         1917    5500.    3500.    4000.    4300.    3400.    3900.   45000.   56000.  107000.   43100.    8700.    4800.   289200.
         1918    4000.    3900.    7800.    7200.    5300.   14600.   12800.   35000.   70200.    9200.    1300.     600.   171900.
         1919    3800.    4000.    4500.    3000.    3100.   11700.   15600.   48000.   23500.     400.     100.     700.   118400.
         1920    4800.    5800.    3000.    3000.    4100.    7800.   24500.  105000.   70800.   10000.    3500.    2800.   245100.
         1921    5200.    7300.    6100.    5800.    5600.   25000.   23000.   71900.  115000.   24500.    9000.    6600.   305000.
         1922    3800.    4300.    6500.    4600.    4300.   10200.   24300.   92200.   85100.   11300.    8600.    4200.   259400.
         1923    2600.    4500.    6500.    6900.    5300.    6500.   31800.  105000.   78600.   31400.    7100.    4000.   290200.
         1924   10100.    7500.    6500.    5800.    7400.    7000.   45400.   61100.   22800.     900.
         1925    1100.    3100.    2800.    3900.    4000.   12000.   15000.   45500.   32500.   11300.    2600.    5700.   139500.
         1926    6600.    4400.    4100.    3300.    3900.   16200.   24600.   60900.   30300.    3200.    1900.     400.   159800.
         1927    1300.    2000.    2600.    2900.    3000.    8100.   25300.   51300.   52500.    6900.    1900.    4600.   162400.
         1928    7000.    6000.    5200.    5400.    4600.   17500.   19000.  101000.   34900.    3100.     400.     200.   204300.
         1929     900.    3300.    2600.    3000.    2500.   15800.   23200.   58900.   64900.   12100.    4600.    7400.   199200.
         1930    5200.    4600.    3200.    2600.    3500.   13400.   26500.   33900.   37600.    1300.    9100.    3300.   144200.
         1931    4000.    2600.    2800.    3100.    4200.   19100.    9600.   18200.   12000.     400.     200.     300.    76500.
         1932     600.    1900.    2200.    2200.    2300.    9700.   22600.   57400.   56400.    8800.     600.    1000.   165700.
         1933    1700.    2800.    1700.    1500.    1900.    7800.   13000.   26700.   53400.    1200.     200.
         1934     300.     600.    2200.    1500.    3600.    5600.   10700.   11500.     200.              400.
         1935     200.     400.    1000.    2200.    3300.    5000.   10800.   21800.   58900.    3100.     300.     300.   107300.
         1936     200.     500.    1400.    1700.    2100.    3200.   34200.   80800.   32100.    9500.    6000.    2400.   174100.
         1937    2400.    4200.    2800.    2000.    1500.    5100.   37600.   63400.   21400.   10100.     400.     500.   151400.
         1938    1600.    1700.    1900.    2200.    2800.    8900.   31300.   53900.   48000.    5100.     900.    1500.   159800.
         1939    3000.    3400.    3200.    3400.    3000.   17100.   19800.   34700.   15500.    2100.     100.     400.   105700.
         1940    1200.    1000.    1200.    1200.    2500.    6000.   10300.   42200.    7800.     100.              800.
         1941    3100.    2900.    2000.    1800.    2200.    7600.    8900.   42100.   50800.    6700.    2800.    1500.   132400.
         1942    4800.    4700.    4300.    3500.    3600.    7300.   35400.   44000.   46200.    2500.     100.
         1943     600.    1200.    2200.    2500.    3200.    7800.   35200.   44200.   42000.    7600.    1400.     200.   148100.
         1944    2150.    3160.    2330.    2460.    2480.    4540.   27390.   62360.   60380.   12710.     100.      80.   180140.
         1946    3170.    4700.    4670.    4330.    3390.   10160.   40440.   44440.   26270.     720.     210.     120.   142620.
         1947    2390.    5260.    4840.    3750.    3820.   20830.   14450.   63310.   55760.   13030.    2890.    1510.   191840.
         1948    2940.    4980.    5250.    4500.    4170.    7060.   39570.   63110.   29160.     590.      70.      10.   161410.
         1949     670.    1450.    3560.    3530.    3050.    4360.   30000.   50250.   49170.    8340.     480.     340.   155200.
         1950    2870.    3480.    3360.    3160.    3600.    6750.   43400.   69320.   85970.   17270.    2470.    2050.   243700.
         1951    3320.    6090.    6500.    4090.    4600.    7690.   37920.   53680.   51610.   12360.    6900.    1960.   196720.
         1952    7700.    5700.    5700.    5900.    5800.    6200.   52900.  108900.   82100.   15400.    6400.    2500.   305200.
         1953    2230.    2530.    3740.    4300.    3800.    9760.   15570.   23430.   66930.    5200.    1810.     160.   139460.
         1954     290.    3040.    3690.    3690.    3610.    7130.   15520.   30240.    8610.     480.      20.       0.    76320.
         1955     320.    1370.    2680.    2660.    2400.    2770.   13800.   34890.   24640.     360.     350.      70.    86310.
         1956     610.    2690.    7770.    6290.    5120.   14270.   16210.   63480.   42000.    1710.     120.      10.   160280.

         MEAN    3166.    3568.    3807.    3587.    3653.   10589.   25878.   54943.   48550.    8541.    2636.    1840.   178295.

          PCT    1.78%    2.00%    2.14%    2.01%    2.05%    5.94%   14.51%   30.82%   27.23%    4.79%    1.48%    1.03%   100.00%

           SD    2429.    1783.    1764.    1486.    1171.    7086.   11689.   24315.   26168.    8926.    3052.    1998.    62200.

           CV     0.77     0.50     0.46     0.41     0.32     0.67     0.45     0.44     0.54     1.05     1.16     1.09      0.35

           FILE: .\10019000                                                                      
