                        10016900 BEAR RIVER AT EVANSTON, WY                                                              PAGE  1

           WATER
           YEAR    OCT     NOV     DEC     JAN     FEB     MAR     APR     MAY     JUN     JUL     AUG     SEP       ANN

           1942                                                                           7401.   1834.     50.          
           1943   1577.   2033.   1466.   1298.   2316.   8536.  41972.  48337.  38599.  11741.   4099.    -92.   161882.
           1944   2173.   1694.   2208.   2183.   2406.   3297.   4481.  55093.  61601.  18760.   2056.   -379.   155573.
           1945   2113.    641.    605.   1318.   1804.   3128.   6833.  39150.  38896.  17273.   6826.   2371.   120958.
           1946   2364.   3443.   3523.   3009.   2798.   8367.  44712.  49016.  33402.   3830.   1838.    -40.   156262.
           1947   2352.   2653.   3452.   2546.   2798.   8254.  16242.  75267.  53843.  18285.   4536.   1159.   191387.
           1948   2232.   2578.   3117.   2123.   2406.   7522.  10325.  69332.  31843.   1074.   1591.   -639.   133504.
           1949    825.   1055.   2040.   1740.   1969.   4480.  18861.  42212.  52667.  10591.   2854.    246.   139540.
           1950   2578.   1675.   2399.   1942.   1999.   5606.  14909.  44043.  82301.  19494.   2807.   1524.   181277.
           1951   2686.   3330.   3906.   3150.   2979.   6001.  13429.  48700.  52049.  16550.   6142.    611.   159533.
           1952   4260.   2954.   4026.   2989.   3115.   7860.  20947.  84092.  78391.  17224.   6037.   2110.   234005.
           1953   2149.   1619.   3117.   2828.   2798.   8141.  11611.  15787.  75558.  11038.   3890.   -652.   137884.
           1954    909.   1299.   2208.   2304.   2632.   6620.  17673.  41470.   8656.   1044.    565.   -235.    85145.
           1955    706.    209.   1323.   1519.   1879.   3241.   7246.  46695.  30222.   1659.   2056.   -483.    96272.
           1956    754.    434.   2279.   1922.   2045.   5888.  15830.  70642.  52259.   4356.    992.  -1252.   156149.
           1957    837.    717.   1705.   1640.   2030.   4423.   6057.  28415.  95268.  28446.   4603.    820.   174961.
           1958   2256.   2164.   3380.   2586.   2768.   6789.   8191.  59261.  38834.   1808.    612.   -287.   128362.
           1959    623.    773.   2327.   2183.   2286.   5268.  10471.  22969.  57505.   7429.   1543.   -157.   113220.
           1960   4820.   3424.    533.   1559.   2150.   5888.  19371.  34067.  36694.   2076.    764.   -822.   110524.
           1961    736.    839.   1614.   1342.   1743.   3387.   8242.  30742.  16480.   -914.   1798.   5512.    71521.
           1962   4498.   4421.   4600.   2908.   2904.   8705.  31738.  49837.  63754.  16609.   2911.   -157.   192728.
           1963   1350.    453.   1610.   1298.   1984.   4198.   5815.  37824.  37374.   3771.   2094.   1654.    99425.
           1964   1243.   2540.   1490.   1298.   1487.   1551.   5039.  49821.  55724.  15538.   2845.   -548.   138028.
           1965    837.    340.   1873.   2224.   2632.   5775.   8749.  34730.  92695.  47134.  12660.   7964.   217613.
           1966   5774.   5511.   6777.   5223.   3446.  11183.  24245.  58440.  16228.   2036.   2427.    233.   141523.
           1967   2710.   2315.   3930.   2868.   2678.   7860.   7658.  36308.  76659.  35832.   6056.   2710.   187584.
           1968   4093.   2898.   3260.   2948.   3115.   9831.   7973.  30136.  93165.  15102.   7653.   4301.   184475.
           1969   4773.   4176.   5389.   4639.   3431.   8254.  19152.  74320.  29554.   9590.   3368.   2202.   168848.
           1970   1875.   1657.   2997.   3150.   2874.   6677.   6009.  42780.  57196.   9927.   4289.   4183.   143614.
           1971   2936.   3123.   4672.   5163.   4200.   9549.  20680.  36056.  77327.  22151.   3795.   5513.   195165.
           1972   3640.   5511.   5796.   3613.   3145.  13267.  13381.  57430.  68109.   6329.   2417.   1758.   184396.
           1973   4045.   4120.   5389.   4076.   3175.   8817.   6979.  47421.  47236.  10532.   5543.   5343.   152676.
           1974   4928.   4909.   5533.   4800.   3582.  12310.  11950.  64581.  60995.   8172.   2978.   1810.   186548.
           1975   1958.   1130.   2375.   2787.   2919.   7860.   5597.  11272.  69532.  51833.   6256.   6699.   170218.
           1976   2638.   2916.   3810.   2989.   2678.   5212.  10762.  45243.  24259.   5456.   1667.    807.   108437.
           1977   1947.   1093.    698.   1308.   1788.   3184.  13257.   3305.  15172.   -609.    855.    280.    42278.
           1978   1398.    378.   1610.   1962.   2241.   7015.  13187.  24800.  70732.  12138.   2968.   3414.   141843.
           1979   1350.    717.   1538.   1479.   1819.   2396.   7900.  35124.  30458.   5644.   2978.   -287.    91116.
           1980    897.    246.    605.   1479.   1849.   3184.  12435.  34887.  56491.  14408.   2731.   3544.   132756.
           1981   2066.   2540.   3021.   2264.   2150.   4649.  21893.  34398.  51492.   5942.   3681.   2097.   136193.
           1982   3258.   2446.   2638.   2485.   2632.   5888.   9331.  56025.  68134.  29279.   7102.  13661.   202879.
           1983  13590.   7940.   6800.   4020.   4250.  15860.  10400.  29080. 103090.  37580.  10470.  14640.   257720.
           1984  10545.   8444.  10437.   6552.   4863.  15408.  11489.  88150.  80080.  25280.  11110.  13410.   285768.
           1985   8875.   7316.   8355.   5042.   4140.   8986.  35810.  54470.  34300.   6220.   3310.   3160.   179984.
           1986   4090.   4160.   4890.   3390.   2860.  16420.  28270.  79380. 112450.  23540.   6660.   5870.   291980.
           1987   5238.   5831.   5963.   5143.   4004.  12873.  24800.  48390.  18570.   4060.   5000.   5330.   145202.
           1988   2495.   2691.   3595.   3331.   3220.   9380.  20610.  40650.  14400.   2810.   1010.    700.   104892.
           1989   1600.   1939.   3571.   3230.   2738.  16140.  16385.  27094.  27031.   6617.   3737.   1846.   111928.
           1990   1791.   1318.   2399.   2586.   2979.   8874.  10380.  20270.  41140.   6410.   2480.   1300.   101927.
           1991   1863.   1619.   1586.   1257.   1728.   2565.   9550.  36360.  55220.   4700.   5090.   3510.   125048.
           1992   2399.   3800.   3906.   2707.   2271.   5719.  16080.  33280.   7220.   3080.   1040.    740.    82242.
           1993   1135.   1713.   2423.   1298.   1427.   5832.  18440.  75460.  60690.  18620.   5340.   2930.   195308.
           1994   3365.   2484.   2638.   3230.   2421.   6282.  16510.  39510.  14130.   2460.   1280.    750.    95060.
           1995   3878.   3198.   4791.   4519.   2828.  11070.   7930.  32460.  93240.  60230.   5820.   3010.   232974.
           1996   3032.   2992.   3547.   2787.   2949.  13549.  24820.  59830.  62810.   6510.   2170.   2330.   187326.
           1997   2364.   2954.   3834.   3391.   3039.  11127.  26080.  66930.  70100.   4950.   4680.   5480.   204929.
           1998   6371.   5473.   4983.   2727.   2617.  10338.  19480.  55950.  76100.  39670.   8040.   4970.   236719.
           1999   4701.   4571.   3260.   4297.   2843.  12535.  17800.  62390.  75560.  14100.   6520.   4090.   212667.
           2000   3198.   2465.   3763.   3532.   3054.   8986.  13260.  38090.  11250.   1960.   1390.   2020.    92968.
           2001   2447.   2051.   2543.   1781.   2391.   6451.   9550.  41680.   7530.   3730.   1170.    730.    82054.
           2002    708.   1024.   1686.   1482.   1468.   2799.  11137.  22588.  11058.   2104.    785.   1999.    58838.
           2003   2730.    880.    800.   1050.   1850.   5780.   9460.  37750.  28680.   5330.   2670.   1920.    98900.
           2004   1107.   1434.   1258.   1476.   1601.   9251.  12611.  27586.  16108.   7557.   3786.   2063.    85838.
           2005   2980.   3380.   2630.   3150.   3110.   8250.  15860.  72410.  58600.  13390.   4600.   2360.   190720.
           2006   2170.   2060.   2870.   3260.   2800.   4640.  16980.  55740.  33170.   6610.   4190.   3910.   138400.
           2007   9090.   5030.   3780.   3140.   3010.  16170.  13860.  43370.   9750.   3830.   1900.   2530.   115460.
           2008   4880.   2360.   2170.   2200.   2500.   3560.  11670.  55490.  68430.  12350.   3690.   3330.   172630.
           2009   2300.   2230.   1670.   2120.   2100.   6250.  22240.  69170.  56020.  11770.   4150.   3390.   183410.
           2010   3770.   2620.   1370.   1590.   1530.   3540.  18350.  32550.  81940.   7430.   4210.   2760.   161660.
           2011   3090.   3460.   3680.   3250.   3260.   6140.  31850.  63940. 137220.  80460.   8710.   5920.   350980.
           2012   6292.   5593.   4389.   4278.   3505.  13513.  16032.  22136.   6268.   3314.   2299.   2202.    89821.
           2013   2000.   1000.      0.                   3000.   6000.  34000.                                          

           AVE.   3088.   2690.   3161.   2757.   2643.   7691.  15279.  45580.  50993.  13418.   3831.   2616.   154281.

          Count     71      71      71      70      70      70      71      71      70      71      71      71        70
                        10011500 BEAR RIVER NEAR UTAH-WYOMING STATE LINE                                                 PAGE  2

           WATER
           YEAR    OCT     NOV     DEC     JAN     FEB     MAR     APR     MAY     JUN     JUL     AUG     SEP       ANN

           1942                                                                          12532.   3636.   2420.          
           1943   2700.   2900.   2090.   1840.   2010.   2840.  17680.  38510.  39870.  16910.   6020.   2310.   135680.
           1944   3200.   2720.   2400.   2280.   2070.   1910.   2220.  42790.  58460.  23990.   3870.   2090.   148000.
           1945   3150.   2160.   1730.   1850.   1670.   1880.   3190.  32690.  40110.  22490.   8890.   4200.   124010.
           1946   3360.   3650.   2950.   2690.   2330.   2810.  18810.  38940.  35670.   8930.   3640.   2350.   126130.
           1947   3350.   3230.   2920.   2460.   2330.   2790.   7070.  55570.  52190.  23510.   6480.   3270.   165170.
           1948   3250.   3190.   2780.   2250.   2070.   2660.   4630.  51810.  34410.   6150.   3380.   1890.   118470.
           1949   2070.   2380.   2330.   2060.   1780.   2120.   8150.  34630.  51240.  15750.   4710.   2570.   129790.
           1950   3540.   2710.   2480.   2160.   1800.   2320.   6520.  35790.  75190.  24730.   4660.   3550.   165450.
           1951   3630.   3590.   3110.   2760.   2450.   2390.   5910.  38740.  50740.  21760.   8170.   2850.   146100.
           1952   4950.   3390.   3160.   2680.   2540.   2720.   9010.  61160.  72030.  22440.   8060.   4000.   196140.
           1953   3180.   2680.   2780.   2600.   2330.   2770.   5160.  17890.  69740.  16200.   5800.   1880.   133010.
           1954   2140.   2510.   2400.   2340.   2220.   2500.   7660.  34160.  15670.   6120.   2300.   2200.    82220.
           1955   1970.   1930.   2030.   1950.   1720.   1900.   3360.  37470.  33100.   6740.   3870.   2010.    98050.
           1956   2010.   2050.   2430.   2150.   1830.   2370.   6900.  52640.  50910.   9460.   2750.   1420.   136920.
           1957   2080.   2200.   2190.   2010.   1820.   2110.   2870.  25890.  85670.  33760.   6550.   3010.   170160.
           1958   3270.   2970.   2890.   2480.   2310.   2530.   3750.  45430.  40060.   6890.   2350.   2160.   117090.
           1959   1900.   2230.   2450.   2280.   1990.   2260.   4690.  22440.  55150.  12560.   3330.   2260.   113540.
           1960   5420.   3640.   1700.   1970.   1900.   2370.   8360.  29470.  38330.   7160.   2510.   1750.   104580.
           1961   1995.   2265.   2152.   1862.   1630.   1926.   3771.  27364.  21993.   4143.   3598.   6609.    79308.
           1962   5150.   4170.   3400.   2640.   2400.   2870.  13460.  39460.  60200.  21820.   4770.   2260.   162600.
           1963   2510.   2060.   2150.   1840.   1790.   2070.   2770.  31850.  38880.   8870.   3910.   3650.   102350.
           1964   2420.   3170.   2100.   1840.   1460.   1600.   2450.  39450.  53710.  20740.   4700.   1960.   135600.
           1965   2080.   2000.   2260.   2300.   2220.   2350.   3980.  29890.  83590.  52610.  15030.   8490.   206800.
           1966   6220.   4750.   4310.   3790.   2760.   3310.  10370.  44910.  21790.   7120.   4260.   2560.   116150.
           1967   3650.   3050.   3120.   2620.   2250.   2720.   3530.  30890.  70630.  41210.   8080.   4460.   176210.
           1968   4810.   3360.   2840.   2660.   2540.   3070.   3660.  26980.  83970.  20300.   9760.   5680.   169630.
           1969   5380.   4040.   3730.   3500.   2750.   2790.   8270.  54970.  32560.  14740.   5250.   4070.   142050.
           1970   2950.   2700.   2730.   2760.   2380.   2510.   2850.  34990.  54900.  15080.   6220.   5590.   135660.
           1971   3840.   3480.   3430.   3760.   3260.   3020.   8900.  30730.  71170.  27410.   5700.   6610.   171310.
           1972   4430.   4750.   3900.   2990.   2560.   3680.   5890.  44270.  63720.  11450.   4250.   3730.   155620.
           1973   4770.   4010.   3730.   3220.   2580.   2890.   3250.  37930.  46850.  15690.   7540.   6480.   138940.
           1974   5510.   4430.   3790.   3580.   2850.   3510.   5300.  48800.  57970.  13310.   4840.   3770.   157660.
           1975   3020.   2420.   2470.   2580.   2410.   2720.   2680.  15030.  64870.  57350.   8290.   7520.   171360.
           1976   3590.   3370.   3070.   2680.   2250.   2250.   4810.  36550.  28280.  10570.   3460.   3000.   103880.
           1977   3011.   2400.   1769.   1845.   1660.   1890.   5839.   9983.  20936.   4451.   2606.   2596.    58986.
           1978   2550.   2020.   2150.   2170.   1960.   2570.   5810.  23600.  65840.  17310.   4830.   5000.   135810.
           1979   2510.   2200.   2120.   1930.   1680.   1750.   3630.  30140.  33290.  10760.   4840.   2160.    97010.
           1980   2130.   1950.   1730.   1930.   1700.   1890.   5500.  29990.  54330.  19600.   4580.   5100.   130430.
           1981   3110.   3170.   2740.   2320.   1900.   2150.   9400.  29680.  50290.  11060.   5580.   3990.   125390.
           1982   4110.   3120.   2580.   2430.   2220.   2370.   4220.  43380.  63740.  34600.   9180.  12860.   184810.
           1983  12770.   6040.   4320.   3190.   3290.   4140.   4660.  26310.  91990.  42970.  12730.  13610.   226020.
           1984  10220.   6310.   5840.   4450.   3700.   4060.   5110.  64210.  67450.  30100.  11160.  10870.   223480.
           1985   8820.   5710.   4970.   3700.   3220.   2920.  15350.  51640.  43750.  12640.   6060.   5480.   164260.
           1986   4810.   4030.   3520.   2880.   2370.   4240.   9340.  48300. 118430.  28490.   8200.   7670.   242280.
           1987   5770.   4920.   3970.   3750.   3130.   3610.  11730.  40970.  26680.  10480.   6780.   4820.   126610.
           1988   3470.   3250.   2980.   2850.   2610.   2990.   7960.  33200.  23520.   6440.   3240.   2720.    95230.
           1989   2720.   2850.   2970.   2800.   2290.   4190.  12500.  33900.  30630.  11660.   5990.   3710.   116210.
           1990   2880.   2520.   2480.   2480.   2450.   2900.  10330.  21030.  42220.  12110.   4070.   2990.   108460.
           1991   2940.   2680.   2140.   1820.   1620.   1780.   3220.  27330.  59190.  11000.   5840.   5360.   124920.
           1992   3390.   3840.   3110.   2540.   1980.   2340.   8900.  32070.  12150.   6300.   3690.   2640.    82950.
           1993   2330.   2730.   2490.   1840.   1420.   2360.   4290.  55330.  58860.  23550.   8470.   5070.   168740.
           1994   4200.   3140.   2580.   2800.   2080.   2440.   7830.  37070.  21070.   7050.   3620.   2800.    96680.
           1995   4630.   3520.   3480.   3440.   2350.   3290.   4470.  21030.  86020.  67920.  11320.   6170.   217640.
           1996   3920.   3410.   2960.   2580.   2430.   3730.   5660.  45180.  64290.  12850.   4680.   5300.   156990.
           1997   3360.   3390.   3080.   2880.   2490.   3300.   6400.  55840.  70080.  14190.   6470.   7900.   179380.
           1998   6720.   4730.   3560.   2550.   2210.   3160.   6030.  32260.  54600.  43740.  10440.   6920.   176920.
           1999   5320.   4250.   2840.   3330.   2360.   3550.   5140.  34920.  72980.  21270.   7200.   5660.   168820.
           2000   4060.   3130.   3050.   2950.   2500.   2920.   8070.  37760.  18400.   8120.   3610.   4020.    98590.
           2001   3430.   2910.   2540.   2080.   2060.   2470.   6080.  39970.  14830.   6830.   3160.   2320.    88680.
           2002   2616.   2527.   2410.   1928.   1468.   1876.   6071.  26218.  17760.   6024.   1908.   3979.    74785.
           2003   4570.   3240.   1950.   1850.   1170.   1770.   7540.  37280.  28680.   9440.   4280.   3600.   105370.
           2004   2670.   2368.   2565.   2700.   2174.   3765.   8525.  24587.  20809.  11234.   5064.   3148.    89609.
           2005   3660.   3430.   2640.   2660.   2390.   2580.   7240.  49790.  56970.  22900.   6460.   4730.   165450.
           2006   2540.   2390.   2580.   2590.   2380.   2370.   7900.  51830.  40670.  10470.   5720.   4940.   136380.
           2007   9240.   4500.   2000.   1780.   1790.   3450.  10050.  41420.  16420.   7230.   3130.   3820.   104830.
           2008   6100.   3710.   2830.   2520.   2580.   2520.   3120.  36520.  59720.  15100.   4650.   4410.   143780.
           2009   2960.   2840.   2190.   2150.   2220.   2290.   7590.  55320.  47160.  16720.   5040.   5630.   152110.
           2010   4200.   2650.   1720.   2030.   1630.   1670.   5120.  18300.  63960.  14250.   7260.   4490.   127280.
           2011   4050.   4130.   3390.   3040.   2410.   2670.   5210.  29110. 108180.  84320.  11460.   7090.   265060.
           2012   5687.   4362.   2969.   3312.   2733.   3794.  12502.  29026.  12551.   6974.   3463.   3332.    90705.
           2013   2880.   2450.   1300.                           3750.  35670.                                          

          +AVE.   3970.   3253.   2796.   2565.   2227.   2690.   6676.  36764.  49887.  18601.   5738.   4388.   139804.


          +   AVE. GIVEN FOR YEARS OF CONCURRENT DATA WITH CORRELATED STATION
                        10016900 BEAR RIVER AT EVANSTON, WY                                                              PAGE  3

           R      0.997   0.991   0.988   0.982   0.975   0.982   0.903   0.956   0.992   0.999   0.985   0.990               0.989
           A   -.16E+04-.34E+04-.35E+04-.24E+04-.71E+03-.75E+04-.92E+03-.12E+05-.11E+05-.50E+04-.16E+04-.31E+04          -0.380E+05
           B   0.12E+010.19E+010.24E+010.20E+010.15E+010.56E+010.24E+010.16E+010.12E+010.99E+000.95E+000.13E+01           0.138E+01

           WATER
           YEAR    OCT     NOV     DEC     JAN     FEB     MAR     APR     MAY     JUN     JUL     AUG     SEP       SUM       ANN

          *1942                                                                           7401.   1834.     50.                    
           1943   1577.   2033.   1466.   1298.   2316.   8536.  41972.  48337.  38599.  11741.   4099.    -92.   161882.   161882.
           1944   2173.   1694.   2208.   2183.   2406.   3297.   4481.  55093.  61601.  18760.   2056.   -379.   155573.   155573.
           1945   2113.    641.    605.   1318.   1804.   3128.   6833.  39150.  38896.  17273.   6826.   2371.   120958.   120958.
           1946   2364.   3443.   3523.   3009.   2798.   8367.  44712.  49016.  33402.   3830.   1838.    -40.   156262.   156262.
           1947   2352.   2653.   3452.   2546.   2798.   8254.  16242.  75267.  53843.  18285.   4536.   1159.   191387.   191387.
           1948   2232.   2578.   3117.   2123.   2406.   7522.  10325.  69332.  31843.   1074.   1591.   -639.   133504.   133504.
           1949    825.   1055.   2040.   1740.   1969.   4480.  18861.  42212.  52667.  10591.   2854.    246.   139540.   139540.
           1950   2578.   1675.   2399.   1942.   1999.   5606.  14909.  44043.  82301.  19494.   2807.   1524.   181277.   181277.
           1951   2686.   3330.   3906.   3150.   2979.   6001.  13429.  48700.  52049.  16550.   6142.    611.   159533.   159533.
           1952   4260.   2954.   4026.   2989.   3115.   7860.  20947.  84092.  78391.  17224.   6037.   2110.   234005.   234005.
           1953   2149.   1619.   3117.   2828.   2798.   8141.  11611.  15787.  75558.  11038.   3890.   -652.   137884.   137884.
           1954    909.   1299.   2208.   2304.   2632.   6620.  17673.  41470.   8656.   1044.    565.   -235.    85145.    85145.
           1955    706.    209.   1323.   1519.   1879.   3241.   7246.  46695.  30222.   1659.   2056.   -483.    96272.    96272.
           1956    754.    434.   2279.   1922.   2045.   5888.  15830.  70642.  52259.   4356.    992.  -1252.   156149.   156149.
           1957    837.    717.   1705.   1640.   2030.   4423.   6057.  28415.  95268.  28446.   4603.    820.   174961.   174961.
           1958   2256.   2164.   3380.   2586.   2768.   6789.   8191.  59261.  38834.   1808.    612.   -287.   128362.   128362.
           1959    623.    773.   2327.   2183.   2286.   5268.  10471.  22969.  57505.   7429.   1543.   -157.   113220.   113220.
           1960   4820.   3424.    533.   1559.   2150.   5888.  19371.  34067.  36694.   2076.    764.   -822.   110524.   110524.
           1961    736.    839.   1614.   1342.   1743.   3387.   8242.  30742.  16480.   -914.   1798.   5512.    71521.    71521.
           1962   4498.   4421.   4600.   2908.   2904.   8705.  31738.  49837.  63754.  16609.   2911.   -157.   192728.   192728.
           1963   1350.    453.   1610.   1298.   1984.   4198.   5815.  37824.  37374.   3771.   2094.   1654.    99425.    99425.
           1964   1243.   2540.   1490.   1298.   1487.   1551.   5039.  49821.  55724.  15538.   2845.   -548.   138028.   138028.
           1965    837.    340.   1873.   2224.   2632.   5775.   8749.  34730.  92695.  47134.  12660.   7964.   217613.   217613.
           1966   5774.   5511.   6777.   5223.   3446.  11183.  24245.  58440.  16228.   2036.   2427.    233.   141523.   141523.
           1967   2710.   2315.   3930.   2868.   2678.   7860.   7658.  36308.  76659.  35832.   6056.   2710.   187584.   187584.
           1968   4093.   2898.   3260.   2948.   3115.   9831.   7973.  30136.  93165.  15102.   7653.   4301.   184475.   184475.
           1969   4773.   4176.   5389.   4639.   3431.   8254.  19152.  74320.  29554.   9590.   3368.   2202.   168848.   168848.
           1970   1875.   1657.   2997.   3150.   2874.   6677.   6009.  42780.  57196.   9927.   4289.   4183.   143614.   143614.
           1971   2936.   3123.   4672.   5163.   4200.   9549.  20680.  36056.  77327.  22151.   3795.   5513.   195165.   195165.
           1972   3640.   5511.   5796.   3613.   3145.  13267.  13381.  57430.  68109.   6329.   2417.   1758.   184396.   184396.
           1973   4045.   4120.   5389.   4076.   3175.   8817.   6979.  47421.  47236.  10532.   5543.   5343.   152676.   152676.
           1974   4928.   4909.   5533.   4800.   3582.  12310.  11950.  64581.  60995.   8172.   2978.   1810.   186548.   186548.
           1975   1958.   1130.   2375.   2787.   2919.   7860.   5597.  11272.  69532.  51833.   6256.   6699.   170218.   170218.
           1976   2638.   2916.   3810.   2989.   2678.   5212.  10762.  45243.  24259.   5456.   1667.    807.   108437.   108437.
           1977   1947.   1093.    698.   1308.   1788.   3184.  13257.   3305.  15172.   -609.    855.    280.    42278.    42278.
           1978   1398.    378.   1610.   1962.   2241.   7015.  13187.  24800.  70732.  12138.   2968.   3414.   141843.   141843.
           1979   1350.    717.   1538.   1479.   1819.   2396.   7900.  35124.  30458.   5644.   2978.   -287.    91116.    91116.
           1980    897.    246.    605.   1479.   1849.   3184.  12435.  34887.  56491.  14408.   2731.   3544.   132756.   132756.
           1981   2066.   2540.   3021.   2264.   2150.   4649.  21893.  34398.  51492.   5942.   3681.   2097.   136193.   136193.
           1982   3258.   2446.   2638.   2485.   2632.   5888.   9331.  56025.  68134.  29279.   7102.  13661.   202879.   202879.
           1983  13590.   7940.   6800.   4020.   4250.  15860.  10400.  29080. 103090.  37580.  10470.  14640.   257720.   257720.
           1984  10545.   8444.  10437.   6552.   4863.  15408.  11489.  88150.  80080.  25280.  11110.  13410.   285768.   285768.
           1985   8875.   7316.   8355.   5042.   4140.   8986.  35810.  54470.  34300.   6220.   3310.   3160.   179984.   179984.
           1986   4090.   4160.   4890.   3390.   2860.  16420.  28270.  79380. 112450.  23540.   6660.   5870.   291980.   291980.
           1987   5238.   5831.   5963.   5143.   4004.  12873.  24800.  48390.  18570.   4060.   5000.   5330.   145202.   145202.
           1988   2495.   2691.   3595.   3331.   3220.   9380.  20610.  40650.  14400.   2810.   1010.    700.   104892.   104892.
           1989   1600.   1939.   3571.   3230.   2738.  16140.  16385.  27094.  27031.   6617.   3737.   1846.   111928.   111928.
           1990   1791.   1318.   2399.   2586.   2979.   8874.  10380.  20270.  41140.   6410.   2480.   1300.   101927.   101927.
           1991   1863.   1619.   1586.   1257.   1728.   2565.   9550.  36360.  55220.   4700.   5090.   3510.   125048.   125048.
           1992   2399.   3800.   3906.   2707.   2271.   5719.  16080.  33280.   7220.   3080.   1040.    740.    82242.    82242.
           1993   1135.   1713.   2423.   1298.   1427.   5832.  18440.  75460.  60690.  18620.   5340.   2930.   195308.   195308.
           1994   3365.   2484.   2638.   3230.   2421.   6282.  16510.  39510.  14130.   2460.   1280.    750.    95060.    95060.
           1995   3878.   3198.   4791.   4519.   2828.  11070.   7930.  32460.  93240.  60230.   5820.   3010.   232974.   232974.
           1996   3032.   2992.   3547.   2787.   2949.  13549.  24820.  59830.  62810.   6510.   2170.   2330.   187326.   187326.
           1997   2364.   2954.   3834.   3391.   3039.  11127.  26080.  66930.  70100.   4950.   4680.   5480.   204929.   204929.
           1998   6371.   5473.   4983.   2727.   2617.  10338.  19480.  55950.  76100.  39670.   8040.   4970.   236719.   236719.
           1999   4701.   4571.   3260.   4297.   2843.  12535.  17800.  62390.  75560.  14100.   6520.   4090.   212667.   212667.
           2000   3198.   2465.   3763.   3532.   3054.   8986.  13260.  38090.  11250.   1960.   1390.   2020.    92968.    92968.
           2001   2447.   2051.   2543.   1781.   2391.   6451.   9550.  41680.   7530.   3730.   1170.    730.    82054.    82054.
           2002    708.   1024.   1686.   1482.   1468.   2799.  11137.  22588.  11058.   2104.    785.   1999.    58838.    58838.
           2003   2730.    880.    800.   1050.   1850.   5780.   9460.  37750.  28680.   5330.   2670.   1920.    98900.    98900.
           2004   1107.   1434.   1258.   1476.   1601.   9251.  12611.  27586.  16108.   7557.   3786.   2063.    85838.    85838.
           2005   2980.   3380.   2630.   3150.   3110.   8250.  15860.  72410.  58600.  13390.   4600.   2360.   190720.   190720.
           2006   2170.   2060.   2870.   3260.   2800.   4640.  16980.  55740.  33170.   6610.   4190.   3910.   138400.   138400.
           2007   9090.   5030.   3780.   3140.   3010.  16170.  13860.  43370.   9750.   3830.   1900.   2530.   115460.   115460.
           2008   4880.   2360.   2170.   2200.   2500.   3560.  11670.  55490.  68430.  12350.   3690.   3330.   172630.   172630.
           2009   2300.   2230.   1670.   2120.   2100.   6250.  22240.  69170.  56020.  11770.   4150.   3390.   183410.   183410.
           2010   3770.   2620.   1370.   1590.   1530.   3540.  18350.  32550.  81940.   7430.   4210.   2760.   161660.   161660.
           2011   3090.   3460.   3680.   3250.   3260.   6140.  31850.  63940. 137220.  80460.   8710.   5920.   350980.   350980.
           2012   6292.   5593.   4389.   4278.   3505.  13513.  16032.  22136.   6268.   3314.   2299.   2202.    89821.    89821.
                        10016900 BEAR RIVER AT EVANSTON, WY                                                              PAGE  4

           WATER
           YEAR    OCT     NOV     DEC     JAN     FEB     MAR     APR     MAY     JUN     JUL     AUG     SEP       SUM       ANN

          *2013   2000.   1000.      0.                   3000.   6000.  34000.                                                    

           AVE.   3088.   2690.   3161.   2757.   2643.   7625.  15279.  45580.  50993.  13418.   3831.   2616.   154281.   154281.


          * DATA CORRELATED WITH STATION:     10011500 BEAR RIVER NEAR UTAH-WYOMING STATE LINE                                
          Count      71      71      71      70      70      71      71      71      70      71      71      71                  70

           NUMBER OF YEARS   70                       Linear Regression   
                                                                                                                        PAGE  5

          Correlation Coefficients           11:49:00.8          02/28/2014
                      Linear Regression   
          1 OCT  A=-.164882500E+04, B=0.119327929E+01, R=  0.996779, R*R=  0.993569
          2 NOV  A=-.344454881E+04, B=0.188579986E+01, R=  0.990704, R*R=  0.981495
          3 DEC  A=-.348874378E+04, B=0.237829287E+01, R=  0.987590, R*R=  0.975334
          4 JAN  A=-.240663787E+04, B=0.201319384E+01, R=  0.981988, R*R=  0.964301
          5 FEB  A=-.714134341E+03, B=0.150749209E+01, R=  0.974628, R*R=  0.949900
          6 MAR  A=-.746200991E+04, B=0.563294775E+01, R=  0.982342, R*R=  0.964997
          7 APR  A=-.923374124E+03, B=0.242713973E+01, R=  0.903443, R*R=  0.816209
          8 MAY  A=-.124566335E+05, B=0.157862509E+01, R=  0.956297, R*R=  0.914505
          9 JUN  A=-.107328444E+05, B=0.123732037E+01, R=  0.992175, R*R=  0.984411
         10 JUL  A=-.502278632E+04, B=0.991383797E+00, R=  0.998607, R*R=  0.997215
         11 AUG  A=-.162053023E+04, B=0.950091789E+00, R=  0.984688, R*R=  0.969610
         12 SEP  A=-.310388561E+04, B=0.130362136E+01, R=  0.989909, R*R=  0.979920
         13 ANN  A=-.380478987E+05, B=0.137570047E+01, R=  0.988804, R*R=  0.977734


         Base Station:       10011500.MON
         Correlated Station: 10016900.MON
         Print File Name:    O:\STREAMFL\MONTH\10016900.PRN
         Output/Save File:   O:\STREAMFL\MONTH\10016900.c
