                        USGS 10016900 BEAR RIVER AT EVANSTON, WY                                                         PAGE  1

           WATER
           YEAR    OCT     NOV     DEC     JAN     FEB     MAR     APR     MAY     JUN     JUL     AUG     SEP       ANN

           1984                                                          77870.  80080.  25280.  11110.  13410.          
           1985                                                  35810.  54470.  34300.   6220.   3310.   3160.          
           1986                                                  28270.  79380. 112450.  23540.   6660.   5870.          
           1987                                                  24800.  48390.  18570.   4060.   5000.   5330.          
           1988                                                  20610.  40650.  14400.   2810.   1010.    700.          
           1989                                                  16385.  27094.  27031.   6617.   3737.   1846.          
           1990                                                  10380.  20270.  41140.   6410.   2480.   1300.          
           1991                                                   9550.  36360.  55220.   4700.   5090.   3510.          
           1992                                                  16080.  33280.   7220.   3080.   1040.    740.          
           1993                                                  18440.  75460.  60690.  18620.   5340.   2930.          
           1994                                                  16510.  39510.  14130.   2460.   1280.    750.          
           1995                                                   7930.  32460.  93240.  60230.   5820.   3010.          
           1996                                                  24820.  59830.  62810.   6510.   2170.   2330.          
           1997                                                  26080.  66930.  70100.   4950.   4680.   5480.          
           1998                                                  19480.  55950.  76100.  39670.   8040.   4970.          
           1999                                                  17800.  62390.  75560.  14100.   6520.   4090.          
           2000                                                  13260.  38090.  11250.   1960.   1390.   2020.          
           2001                                                   9550.  41680.   7530.   3730.   1170.    730.          
           2002    708.   1024.   1686.   1482.   1468.   2799.  11137.  22588.  11058.   2104.    785.   1999.    58838.
           2003   2730.    880.    800.   1050.   1850.   5780.   9460.  37750.  28680.   5330.   2670.   1920.    98900.
           2004   1107.   1434.   1258.   1476.   1601.   9251.  12611.  27586.  16108.   7557.   3786.   2063.    85838.
           2005   2980.   3380.   2630.   3150.   3110.   8250.  15860.  72410.  58600.  13390.   4600.   2360.   190720.
           2006   2170.   2060.   2870.   3260.   2800.   4640.  16980.  55740.  33170.   6610.   4190.   3910.   138400.
           2007   9090.   5030.   3780.   3140.   3010.  16170.  13860.  43370.   9750.   3830.   1900.   2530.   115460.
           2008   4880.   2360.   2170.   2200.   2500.   3560.  11670.  55490.  68430.  12350.   3690.   3330.   172630.
           2009   2300.   2230.   1670.   2120.   2100.   6250.  22240.  69170.  56020.  11770.   4150.   3390.   183410.
           2010   3770.   2620.   1370.   1590.   1530.   3540.  18350.  32550.  81940.   7430.   4210.   2760.   161660.
           2011   3090.   3460.   3680.   3250.   3260.   6140.  31850.  63940. 137220.  80460.   8710.   5920.   350980.
           2012   6292.   5593.                          12202.  16032.                                                  

           AVE.   3282.   2448.   2191.   2272.   2323.   6638.  17769.  48952.  48671.  13778.   4091.   3298.   155684.

          Count     10      10      10      10      10      10      27      28      28      28      28      28        10
                        10011500 BEAR RIVER NEAR UTAH-WYOMING STATE LINE                                                 PAGE  2

           WATER
           YEAR    OCT     NOV     DEC     JAN     FEB     MAR     APR     MAY     JUN     JUL     AUG     SEP       ANN

           1943   2700.   2900.   2090.   1840.   2010.   2840.  17680.  38510.  39870.  16910.   6020.   2310.   135680.
           1944   3200.   2720.   2400.   2280.   2070.   1910.   2220.  42790.  58460.  23990.   3870.   2090.   148000.
           1945   3150.   2160.   1730.   1850.   1670.   1880.   3190.  32690.  40110.  22490.   8890.   4200.   124010.
           1946   3360.   3650.   2950.   2690.   2330.   2810.  18810.  38940.  35670.   8930.   3640.   2350.   126130.
           1947   3350.   3230.   2920.   2460.   2330.   2790.   7070.  55570.  52190.  23510.   6480.   3270.   165170.
           1948   3250.   3190.   2780.   2250.   2070.   2660.   4630.  51810.  34410.   6150.   3380.   1890.   118470.
           1949   2070.   2380.   2330.   2060.   1780.   2120.   8150.  34630.  51240.  15750.   4710.   2570.   129790.
           1950   3540.   2710.   2480.   2160.   1800.   2320.   6520.  35790.  75190.  24730.   4660.   3550.   165450.
           1951   3630.   3590.   3110.   2760.   2450.   2390.   5910.  38740.  50740.  21760.   8170.   2850.   146100.
           1952   4950.   3390.   3160.   2680.   2540.   2720.   9010.  61160.  72030.  22440.   8060.   4000.   196140.
           1953   3180.   2680.   2780.   2600.   2330.   2770.   5160.  17890.  69740.  16200.   5800.   1880.   133010.
           1954   2140.   2510.   2400.   2340.   2220.   2500.   7660.  34160.  15670.   6120.   2300.   2200.    82220.
           1955   1970.   1930.   2030.   1950.   1720.   1900.   3360.  37470.  33100.   6740.   3870.   2010.    98050.
           1956   2010.   2050.   2430.   2150.   1830.   2370.   6900.  52640.  50910.   9460.   2750.   1420.   136920.
           1957   2080.   2200.   2190.   2010.   1820.   2110.   2870.  25890.  85670.  33760.   6550.   3010.   170160.
           1958   3270.   2970.   2890.   2480.   2310.   2530.   3750.  45430.  40060.   6890.   2350.   2160.   117090.
           1959   1900.   2230.   2450.   2280.   1990.   2260.   4690.  22440.  55150.  12560.   3330.   2260.   113540.
           1960   5420.   3640.   1700.   1970.   1900.   2370.   8360.  29470.  38330.   7160.   2510.   1750.   104580.
           1961   1995.   2265.   2152.   1862.   1630.   1926.   3771.  27364.  21993.   4143.   3598.   6609.    79308.
           1962   5150.   4170.   3400.   2640.   2400.   2870.  13460.  39460.  60200.  21820.   4770.   2260.   162600.
           1963   2510.   2060.   2150.   1840.   1790.   2070.   2770.  31850.  38880.   8870.   3910.   3650.   102350.
           1964   2420.   3170.   2100.   1840.   1460.   1600.   2450.  39450.  53710.  20740.   4700.   1960.   135600.
           1965   2080.   2000.   2260.   2300.   2220.   2350.   3980.  29890.  83590.  52610.  15030.   8490.   206800.
           1966   6220.   4750.   4310.   3790.   2760.   3310.  10370.  44910.  21790.   7120.   4260.   2560.   116150.
           1967   3650.   3050.   3120.   2620.   2250.   2720.   3530.  30890.  70630.  41210.   8080.   4460.   176210.
           1968   4810.   3360.   2840.   2660.   2540.   3070.   3660.  26980.  83970.  20300.   9760.   5680.   169630.
           1969   5380.   4040.   3730.   3500.   2750.   2790.   8270.  54970.  32560.  14740.   5250.   4070.   142050.
           1970   2950.   2700.   2730.   2760.   2380.   2510.   2850.  34990.  54900.  15080.   6220.   5590.   135660.
           1971   3840.   3480.   3430.   3760.   3260.   3020.   8900.  30730.  71170.  27410.   5700.   6610.   171310.
           1972   4430.   4750.   3900.   2990.   2560.   3680.   5890.  44270.  63720.  11450.   4250.   3730.   155620.
           1973   4770.   4010.   3730.   3220.   2580.   2890.   3250.  37930.  46850.  15690.   7540.   6480.   138940.
           1974   5510.   4430.   3790.   3580.   2850.   3510.   5300.  48800.  57970.  13310.   4840.   3770.   157660.
           1975   3020.   2420.   2470.   2580.   2410.   2720.   2680.  15030.  64870.  57350.   8290.   7520.   171360.
           1976   3590.   3370.   3070.   2680.   2250.   2250.   4810.  36550.  28280.  10570.   3460.   3000.   103880.
           1977   3011.   2400.   1769.   1845.   1660.   1890.   5839.   9983.  20936.   4451.   2606.   2596.    58986.
           1978   2550.   2020.   2150.   2170.   1960.   2570.   5810.  23600.  65840.  17310.   4830.   5000.   135810.
           1979   2510.   2200.   2120.   1930.   1680.   1750.   3630.  30140.  33290.  10760.   4840.   2160.    97010.
           1980   2130.   1950.   1730.   1930.   1700.   1890.   5500.  29990.  54330.  19600.   4580.   5100.   130430.
           1981   3110.   3170.   2740.   2320.   1900.   2150.   9400.  29680.  50290.  11060.   5580.   3990.   125390.
           1982   4110.   3120.   2580.   2430.   2220.   2370.   4220.  43380.  63740.  34600.   9180.  12860.   184810.
           1983  12770.   6040.   4320.   3190.   3290.   4140.   4660.  26310.  91990.  42970.  12730.  13610.   226020.
           1984  10220.   6310.   5840.   4450.   3700.   4060.   5110.  64210.  67450.  30100.  11160.  10870.   223480.
           1985   8820.   5710.   4970.   3700.   3220.   2920.  15350.  51640.  43750.  12640.   6060.   5480.   164260.
           1986   4810.   4030.   3520.   2880.   2370.   4240.   9340.  48300. 118430.  28490.   8200.   7670.   242280.
           1987   5770.   4920.   3970.   3750.   3130.   3610.  11730.  40970.  26680.  10480.   6780.   4820.   126610.
           1988   3470.   3250.   2980.   2850.   2610.   2990.   7960.  33200.  23520.   6440.   3240.   2720.    95230.
           1989   2720.   2850.   2970.   2800.   2290.   4190.  12500.  33900.  30630.  11660.   5990.   3710.   116210.
           1990   2880.   2520.   2480.   2480.   2450.   2900.  10330.  21030.  42220.  12110.   4070.   2990.   108460.
           1991   2940.   2680.   2140.   1820.   1620.   1780.   3220.  27330.  59190.  11000.   5840.   5360.   124920.
           1992   3390.   3840.   3110.   2540.   1980.   2340.   8900.  32070.  12150.   6300.   3690.   2640.    82950.
           1993   2330.   2730.   2490.   1840.   1420.   2360.   4290.  55330.  58860.  23550.   8470.   5070.   168740.
           1994   4200.   3140.   2580.   2800.   2080.   2440.   7830.  37070.  21070.   7050.   3620.   2800.    96680.
           1995   4630.   3520.   3480.   3440.   2350.   3290.   4470.  21030.  86020.  67920.  11320.   6170.   217640.
           1996   3920.   3410.   2960.   2580.   2430.   3730.   5660.  45180.  64290.  12850.   4680.   5300.   156990.
           1997   3360.   3390.   3080.   2880.   2490.   3300.   6400.  55840.  70080.  14190.   6470.   7900.   179380.
           1998   6720.   4730.   3560.   2550.   2210.   3160.   6030.  32260.  54600.  43740.  10440.   6920.   176920.
           1999   5320.   4250.   2840.   3330.   2360.   3550.   5140.  34920.  72980.  21270.   7200.   5660.   168820.
           2000   4060.   3130.   3050.   2950.   2500.   2920.   8070.  37760.  18400.   8120.   3610.   4020.    98590.
           2001   3430.   2910.   2540.   2080.   2060.   2470.   6080.  39970.  14830.   6830.   3160.   2320.    88680.
           2002   2616.   2527.   2410.   1928.   1468.   1876.   6071.  26218.  17760.   6024.   1908.   3979.    74785.
           2003   4570.   3240.   1950.   1850.   1170.   1770.   7540.  37280.  28680.   9440.   4280.   3600.   105370.
           2004   2670.   2368.   2565.   2700.   2174.   3765.   8525.  24587.  20809.  11234.   5064.   3148.    89609.
           2005   3660.   3430.   2640.   2660.   2390.   2580.   7240.  49790.  56970.  22900.   6460.   4730.   165450.
           2006   2540.   2390.   2580.   2590.   2380.   2370.   7900.  51830.  40670.  10470.   5720.   4940.   136380.
           2007   9240.   4500.   2000.   1780.   1790.   3450.  10050.  41420.  16420.   7230.   3130.   3820.   104830.
           2008   6100.   3710.   2830.   2520.   2580.   2520.   3120.  36520.  59720.  15100.   4650.   4410.   143780.
           2009   2960.   2840.   2190.   2150.   2220.   2290.   7590.  55320.  47160.  16720.   5040.   5630.   152110.
           2010   4200.   2650.   1720.   2030.   1630.   1670.   5120.  18300.  63960.  14250.   7260.   4490.   127280.
           2011   4050.   4130.   3390.   3040.   2410.   2670.   5210.  29110. 108180.  84320.  11460.   7090.   265060.

          +AVE.   4261.   3178.   2428.   2325.   2021.   2496.   7469.  38657.  48053.  19015.   6035.   4938.   136465.


          +   AVE. GIVEN FOR YEARS OF CONCURRENT DATA WITH CORRELATED STATION
                        USGS 10016900 BEAR RIVER AT EVANSTON, WY                                                         PAGE  3

           R      0.984   0.873   0.699   0.690   0.776   0.869   0.607   0.892   0.986   0.998   0.960   0.959               0.996
           A   -.16E+04-.29E+04-.29E+04-.24E+04-.65E+03-.77E+04-.11E+04-.76E+04-.11E+05-.51E+04-.17E+04-.32E+04          -0.525E+05
           B   0.11E+010.17E+010.21E+010.20E+010.15E+010.58E+010.25E+010.15E+010.12E+010.99E+000.96E+000.13E+01           0.153E+01

           WATER
           YEAR    OCT     NOV     DEC     JAN     FEB     MAR     APR     MAY     JUN     JUL     AUG     SEP       SUM       ANN

          *1943   1497.   1981.   1485.   1301.   2306.   8616.  43563.  48738.  38527.  11687.   4077.   -159.   163617.   154486.
          *1944   2069.   1680.   2134.   2182.   2395.   3268.   4510.  54999.  61574.  18718.   2018.   -448.   155097.   173278.
          *1945   2011.    741.    731.   1321.   1807.   3095.   6960.  40223.  38824.  17229.   6825.   2328.   122095.   136685.
          *1946   2252.   3238.   3286.   3003.   2777.   8443.  46417.  49367.  33320.   3762.   1798.   -106.   157555.   139919.
          *1947   2240.   2534.   3223.   2543.   2777.   8328.  16761.  73695.  53800.  18242.   4517.   1104.   189764.   199468.
          *1948   2126.   2467.   2930.   2122.   2395.   7580.  10598.  68194.  31758.   1001.   1549.   -711.   132007.   128234.
          *1949    776.   1110.   1987.   1741.   1968.   4475.  19489.  43062.  52623.  10535.   2822.    184.   140772.   145501.
          *1950   2458.   1663.   2301.   1942.   1998.   5625.  15372.  44758.  82315.  19453.   2774.   1473.   182132.   199895.
          *1951   2561.   3137.   3621.   3144.   2953.   6028.  13831.  49074.  52003.  16504.   6135.    552.   159542.   170380.
          *1952   4071.   2802.   3725.   2983.   3086.   7925.  21662.  81872.  78397.  17179.   6030.   2065.   231799.   246708.
          *1953   2046.   1613.   2930.   2823.   2777.   8213.  11936.  18572.  75558.  10982.   3866.   -724.   140592.   150413.
          *1954    856.   1328.   2134.   2302.   2615.   6660.  18252.  42374.   8524.    971.    514.   -303.    86227.    72941.
          *1955    661.    356.   1359.   1521.   1880.   3210.   7389.  47216.  30133.   1587.   2018.   -553.    96778.    97087.
          *1956    707.    557.   2197.   1922.   2042.   5913.  16332.  69408.  52214.   4288.    945.  -1329.   155195.   156377.
          *1957    787.    808.   1694.   1641.   2027.   4418.   6152.  30276.  95308.  28421.   4584.    762.   176878.   207079.
          *1958   2149.   2098.   3160.   2583.   2747.   6833.   8375.  58861.  38762.   1736.    562.   -356.   127510.   126129.
          *1959    581.    859.   2239.   2182.   2277.   5280.  10749.  25229.  57470.   7367.   1501.   -224.   115509.   120714.
          *1960   4609.   3221.    668.   1561.   2145.   5913.  20020.  35513.  36617.   2004.    716.   -895.   112091.   107047.
          *1961    690.    917.   1614.   1345.   1748.   3360.   8428.  32432.  16363.   -992.   1757.   5497.    73159.    68499.
          *1962   4300.   4109.   4228.   2903.   2880.   8788.  32903.  50127.  63731.  16563.   2880.   -224.   193188.   195548.
          *1963   1279.    574.   1610.   1301.   1983.   4188.   5899.  38995.  37299.   3702.   2056.   1604.   100490.   103646.
          *1964   1176.   2434.   1506.   1301.   1498.   1485.   5091.  50113.  55685.  15491.   2813.   -619.   137972.   154364.
          *1965    787.    473.   1841.   2222.   2615.   5798.   8956.  36127.  92729.  47142.  12704.   7972.   219366.   262968.
          *1966   5525.   5081.   6134.   5207.   3409.  11318.  25097.  58100.  16112.   1964.   2391.    170.   140508.   124696.
          *1967   2584.   2233.   3642.   2863.   2659.   7925.   7819.  37590.  76662.  35820.   6049.   2670.   188516.   216308.
          *1968   3911.   2752.   3055.   2943.   3086.   9938.   8147.  31870.  93200.  15054.   7658.   4275.   185889.   206271.
          *1969   4564.   3891.   4919.   4626.   3394.   8328.  19792.  72817.  29464.   9532.   3339.   2157.   166823.   164202.
          *1970   1783.   1646.   2825.   3144.   2850.   6718.   6101.  43588.  57160.   9870.   4268.   4157.   144109.   154455.
          *1971   2801.   2953.   4291.   5147.   4144.   9651.  21384.  37356.  77331.  22115.   3770.   5498.   196441.   208834.
          *1972   3476.   5081.   5275.   3604.   3115.  13446.  13780.  57164.  68095.   6264.   2382.   1710.   183392.   184901.
          *1973   3865.   3841.   4919.   4065.   3144.   8903.   7112.  47889.  47180.  10475.   5532.   5327.   152253.   159458.
          *1974   4712.   4544.   5045.   4786.   3541.  12468.  12290.  63791.  60966.   8112.   2947.   1762.   184965.   188013.
          *1975   1863.   1177.   2280.   2783.   2894.   7925.   5672.  14389.  69521.  51849.   6250.   6696.   173299.   208910.
          *1976   2515.   2769.   3537.   2983.   2659.   5223.  11052.  45870.  24158.   5390.   1625.    749.   108531.   105980.
          *1977   1852.   1144.    812.   1311.   1792.   3153.  13652.   7005.  15053.   -686.    807.    218.    46112.    37501.
          *1978   1325.    507.   1610.   1962.   2233.   7063.  13578.  26926.  70723.  12084.   2937.   3380.   144328.   154684.
          *1979   1279.    808.   1547.   1481.   1821.   2348.   8072.  36493.  30369.   5579.   2947.   -356.    92389.    95501.
          *1980    844.    390.    731.   1481.   1851.   3153.  12795.  36274.  56454.  14358.   2698.   3512.   134540.   146478.
          *1981   1966.   2434.   2846.   2262.   2145.   4648.  22647.  35820.  51445.   5877.   3655.   2052.   137796.   138790.
          *1982   3110.   2350.   2511.   2483.   2615.   5913.   9562.  55862.  68120.  29255.   7102.  13721.   202603.   229426.
          *1983  13021.   7242.   6155.   4005.   4188.  16091.  10673.  30890. 103143.  37568.  10502.  14708.   258185.   292285.
          *1984  10103.   7694.   9338.   6529.   4791.  15631.  11810.  77870.  80080.  25280.  11110.  13410.   273645.   288411.
          *1985   8500.   6689.   7516.   5026.   4085.   9076.  35810.  54470.  34300.   6220.   3310.   3160.   178162.   198080.
          *1986   3911.   3874.   4479.   3384.   2836.  16666.  28270.  79380. 112450.  23540.   6660.   5870.   291320.   317087.
          *1987   5010.   5365.   5422.   5127.   3953.  13043.  24800.  48390.  18570.   4060.   5000.   5330.   144070.   140651.
          *1988   2378.   2568.   3348.   3324.   3188.   9478.  20610.  40650.  14400.   2810.   1010.    700.   104464.    92785.
          *1989   1519.   1897.   3328.   3224.   2718.  16378.  16385.  27094.  27031.   6617.   3737.   1846.   111774.   124787.
          *1990   1703.   1345.   2301.   2583.   2953.   8961.  10380.  20270.  41140.   6410.   2480.   1300.   101825.   112966.
          *1991   1771.   1613.   1589.   1261.   1733.   2520.   9550.  36360.  55220.   4700.   5090.   3510.   124917.   138073.
          *1992   2286.   3556.   3621.   2703.   2262.   5740.  16080.  33280.   7220.   3080.   1040.    740.    81608.    74054.
          *1993   1073.   1696.   2322.   1301.   1439.   5855.  18440.  75460.  60690.  18620.   5340.   2930.   195167.   204913.
          *1994   3213.   2383.   2511.   3224.   2409.   6315.  16510.  39510.  14130.   2460.   1280.    750.    94696.    94997.
          *1995   3705.   3020.   4396.   4506.   2806.  11203.   7930.  32460.  93240.  60230.   5820.   3010.   232326.   279503.
          *1996   2893.   2836.   3307.   2783.   2924.  13733.  24820.  59830.  62810.   6510.   2170.   2330.   186945.   186991.
          *1997   2252.   2802.   3558.   3384.   3012.  11261.  26080.  66930.  70100.   4950.   4680.   5480.   204488.   221143.
          *1998   6097.   5047.   4563.   2723.   2600.  10456.  19480.  55950.  76100.  39670.   8040.   4970.   235696.   217391.
          *1999   4495.   4243.   3055.   4285.   2821.  12698.  17800.  62390.  75560.  14100.   6520.   4090.   212058.   205035.
          *2000   3053.   2367.   3495.   3524.   3027.   9076.  13260.  38090.  11250.   1960.   1390.   2020.    92511.    97911.
          *2001   2332.   1998.   2427.   1781.   2380.   6488.   9550.  41680.   7530.   3730.   1170.    730.    81796.    82794.
           2002    708.   1024.   1686.   1482.   1468.   2799.  11137.  22588.  11058.   2104.    785.   1999.    58838.    58838.
           2003   2730.    880.    800.   1050.   1850.   5780.   9460.  37750.  28680.   5330.   2670.   1920.    98900.    98900.
           2004   1107.   1434.   1258.   1476.   1601.   9251.  12611.  27586.  16108.   7557.   3786.   2063.    85838.    85838.
           2005   2980.   3380.   2630.   3150.   3110.   8250.  15860.  72410.  58600.  13390.   4600.   2360.   190720.   190720.
           2006   2170.   2060.   2870.   3260.   2800.   4640.  16980.  55740.  33170.   6610.   4190.   3910.   138400.   138400.
           2007   9090.   5030.   3780.   3140.   3010.  16170.  13860.  43370.   9750.   3830.   1900.   2530.   115460.   115460.
           2008   4880.   2360.   2170.   2200.   2500.   3560.  11670.  55490.  68430.  12350.   3690.   3330.   172630.   172630.
           2009   2300.   2230.   1670.   2120.   2100.   6250.  22240.  69170.  56020.  11770.   4150.   3390.   183410.   183410.
           2010   3770.   2620.   1370.   1590.   1530.   3540.  18350.  32550.  81940.   7430.   4210.   2760.   161660.   161660.
           2011   3090.   3460.   3680.   3250.   3260.   6140.  31850.  63940. 137220.  80460.   8710.   5920.   350980.   350980.
           2012   6292.   5593.                          12202.  16032.                                                            

           AVE.   2939.   2565.   3003.   2731.   2615.   7661.  15659.  46371.  51616.  13621.   3868.   2633.   155280.   161862.


          * DATA CORRELATED WITH STATION:     10011500 BEAR RIVER NEAR UTAH-WYOMING STATE LINE                                
          Count      69      69      69      69      69      69      69      69      69      69      69      69                  69

           NUMBER OF YEARS   69                       Linear Regression   
                                                                                                                        PAGE  4

          Correlation Coefficients           10:11:44.1          05/23/2012
                      Linear Regression   
          1 OCT  A=-.159344477E+04, B=0.114442679E+01, R=  0.984301, R*R=  0.968848
          2 NOV  A=-.287725948E+04, B=0.167533726E+01, R=  0.872671, R*R=  0.761555
          3 DEC  A=-.289234558E+04, B=0.209423093E+01, R=  0.698682, R*R=  0.488156
          4 JAN  A=-.238489787E+04, B=0.200305311E+01, R=  0.689711, R*R=  0.475701
          5 FEB  A=-.648347899E+03, B=0.147004151E+01, R=  0.776349, R*R=  0.602718
          6 MAR  A=-.771528098E+04, B=0.575028283E+01, R=  0.868872, R*R=  0.754938
          7 APR  A=-.109808815E+04, B=0.252606478E+01, R=  0.607305, R*R=  0.368820
          8 MAY  A=-.759893654E+04, B=0.146290666E+01, R=  0.892276, R*R=  0.796156
          9 JUN  A=-.109025645E+05, B=0.123975834E+01, R=  0.986090, R*R=  0.972373
         10 JUL  A=-.510691447E+04, B=0.993132602E+00, R=  0.997675, R*R=  0.995355
         11 AUG  A=-.168790092E+04, B=0.957550516E+00, R=  0.959643, R*R=  0.920915
         12 SEP  A=-.319750233E+04, B=0.131557943E+01, R=  0.959140, R*R=  0.919949
         13 ANN  A=-.524730437E+05, B=0.152534374E+01, R=  0.995860, R*R=  0.991736


         Base Station:       10011500.MON
         Correlated Station: 10016900.MON
         Print File Name:    O:\STREAMFL\MONTH\10016900_1.PRN
         Output/Save File:   
