                        USGS 10016900 BEAR RIVER AT EVANSTON, WY                                                         PAGE  1

           WATER
           YEAR    OCT     NOV     DEC     JAN     FEB     MAR     APR     MAY     JUN     JUL     AUG     SEP       ANN

           1984      0.      0.      0.      0.      0.      0.      0.  77870.  80080.  25280.  11110.  13410.   207750.
           1985      0.      0.      0.      0.      0.      0.  35810.  54470.  34300.   6220.   3310.   3160.   137270.
           1986      0.      0.      0.      0.      0.      0.  28270.  79380. 112450.  23540.   6660.   5870.   256170.
           1987      0.      0.      0.      0.      0.      0.  24800.  48390.  18570.   4060.   5000.   5330.   106150.
           1988      0.      0.      0.      0.      0.      0.  20610.  40650.  14400.   2810.   1010.    700.    80180.
           1989      0.      0.      0.      0.      0.      0.  16385.  27094.  27031.   6617.   3737.   1846.    82710.
           1990      0.      0.      0.      0.      0.      0.  10380.  20270.  41140.   6410.   2480.   1300.    81980.
           1991      0.      0.      0.      0.      0.      0.   9550.  36360.  55220.   4700.   5090.   3510.   114430.
           1992      0.      0.      0.      0.      0.      0.  16080.  33280.   7220.   3080.   1040.    740.    61440.
           1993      0.      0.      0.      0.      0.      0.  18440.  75460.  60690.  18620.   5340.   2930.   181480.
           1994      0.      0.      0.      0.      0.      0.  16510.  39510.  14130.   2460.   1280.    750.    74640.
           1995      0.      0.      0.      0.      0.      0.   7930.  32460.  93240.  60230.   5820.   3010.   202690.
           1996      0.      0.      0.      0.      0.      0.  24820.  59830.  62810.   6510.   2170.   2330.   158470.
           1997      0.      0.      0.      0.      0.      0.  26080.  66930.  70100.   4950.   4680.   5480.   178220.
           1998      0.      0.      0.      0.      0.      0.  19480.  55950.  76100.  39670.   8040.   4970.   204210.
           1999      0.      0.      0.      0.      0.      0.  17800.  62390.  75560.  14100.   6520.   4090.   180460.
           2000      0.      0.      0.      0.      0.      0.  13260.  38090.  11250.   1960.   1390.   2020.    67970.
           2001      0.      0.      0.      0.      0.      0.   9550.  41680.   7530.   3730.   1170.    730.    64390.
           2002    708.   1024.   1686.   1482.   1468.   2799.  11137.  22588.  11058.   2104.    785.   1999.    58838.
           2003   2730.    880.    800.   1050.   1850.   5780.   9460.  37750.  28680.   5330.   2670.   1920.    98900.
           2004   1107.   1434.   1258.   1476.   1601.   9251.  12611.  27586.  16108.   7557.   3786.   2063.    85838.
           2005   2980.   3380.   2630.   3150.   3110.   8250.  15860.  72410.  58600.  13390.   4600.   2360.   190720.
           2006   2170.   2060.   2870.   3260.   2800.   4640.  16980.  55740.  33170.   6610.   4190.   3910.   138400.
           2007   9090.   5030.   3780.   3140.   3010.  16170.  13860.  43370.   9750.   3830.   1900.   2530.   115460.
           2008   4880.   2360.   2170.   2200.   2500.   3560.  11670.  55490.  68430.  12350.   3690.   3330.   172630.
           2009   2300.   2230.   1670.   2120.   2100.   6250.  22240.  69170.  56020.  11770.   4150.   3390.   183410.
           2010   3770.   2620.   1370.   1590.   1530.   3540.  18350.  32550.  81940.   7430.   4210.   2760.   161660.
           2011   3090.   3460.   3680.   3250.   3260.   6140.  31850.  63940. 137220.  80460.   8710.   5920.   350980.
           2012   6292.   5593.      0.      0.      0.  12202.  16032.      0.      0.      0.      0.      0.    40119.

           AVE.   1172.    874.    783.    811.    830.   2371.  17135.  48952.  48671.  13778.   4091.   3298.   142766.

           NUMBER OF YEARS   28
                        10011500 BEAR RIVER NEAR UTAH-WYOMING STATE LINE                                                 PAGE  2

           WATER
           YEAR    OCT     NOV     DEC     JAN     FEB     MAR     APR     MAY     JUN     JUL     AUG     SEP       ANN

           1860 161660.   4200.   2650.   1720.   2030.   1630.   1670.   5120.  18300.  63960.  14250.   7260.     4490.
           1861 350980.   4050.   4130.   3390.   3040.   2410.   2670.   5210.  29110. 108180.  84320.  11460.     7090.
           1862  40119.      0.      0.      0.      0.      0.      0.      0.      0.      0.      0.      0.        0.
           1943   2700.   2900.   2090.   1840.   2010.   2840.  17680.  38510.  39870.  16910.   6020.   2310.   135680.
           1944   3200.   2720.   2400.   2280.   2070.   1910.   2220.  42790.  58460.  23990.   3870.   2090.   148000.
           1945   3150.   2160.   1730.   1850.   1670.   1880.   3190.  32690.  40110.  22490.   8890.   4200.   124010.
           1946   3360.   3650.   2950.   2690.   2330.   2810.  18810.  38940.  35670.   8930.   3640.   2350.   126130.
           1947   3350.   3230.   2920.   2460.   2330.   2790.   7070.  55570.  52190.  23510.   6480.   3270.   165170.
           1948   3250.   3190.   2780.   2250.   2070.   2660.   4630.  51810.  34410.   6150.   3380.   1890.   118470.
           1949   2070.   2380.   2330.   2060.   1780.   2120.   8150.  34630.  51240.  15750.   4710.   2570.   129790.
           1950   3540.   2710.   2480.   2160.   1800.   2320.   6520.  35790.  75190.  24730.   4660.   3550.   165450.
           1951   3630.   3590.   3110.   2760.   2450.   2390.   5910.  38740.  50740.  21760.   8170.   2850.   146100.
           1952   4950.   3390.   3160.   2680.   2540.   2720.   9010.  61160.  72030.  22440.   8060.   4000.   196140.
           1953   3180.   2680.   2780.   2600.   2330.   2770.   5160.  17890.  69740.  16200.   5800.   1880.   133010.
           1954   2140.   2510.   2400.   2340.   2220.   2500.   7660.  34160.  15670.   6120.   2300.   2200.    82220.
           1955   1970.   1930.   2030.   1950.   1720.   1900.   3360.  37470.  33100.   6740.   3870.   2010.    98050.
           1956   2010.   2050.   2430.   2150.   1830.   2370.   6900.  52640.  50910.   9460.   2750.   1420.   136920.
           1957   2080.   2200.   2190.   2010.   1820.   2110.   2870.  25890.  85670.  33760.   6550.   3010.   170160.
           1958   3270.   2970.   2890.   2480.   2310.   2530.   3750.  45430.  40060.   6890.   2350.   2160.   117090.
           1959   1900.   2230.   2450.   2280.   1990.   2260.   4690.  22440.  55150.  12560.   3330.   2260.   113540.
           1960   5420.   3640.   1700.   1970.   1900.   2370.   8360.  29470.  38330.   7160.   2510.   1750.   104580.
           1961   1995.   2265.   2152.   1862.   1630.   1926.   3771.  27364.  21993.   4143.   3598.   6609.    79308.
           1962   5150.   4170.   3400.   2640.   2400.   2870.  13460.  39460.  60200.  21820.   4770.   2260.   162600.
           1963   2510.   2060.   2150.   1840.   1790.   2070.   2770.  31850.  38880.   8870.   3910.   3650.   102350.
           1964   2420.   3170.   2100.   1840.   1460.   1600.   2450.  39450.  53710.  20740.   4700.   1960.   135600.
           1965   2080.   2000.   2260.   2300.   2220.   2350.   3980.  29890.  83590.  52610.  15030.   8490.   206800.
           1966   6220.   4750.   4310.   3790.   2760.   3310.  10370.  44910.  21790.   7120.   4260.   2560.   116150.
           1967   3650.   3050.   3120.   2620.   2250.   2720.   3530.  30890.  70630.  41210.   8080.   4460.   176210.
           1968   4810.   3360.   2840.   2660.   2540.   3070.   3660.  26980.  83970.  20300.   9760.   5680.   169630.
           1969   5380.   4040.   3730.   3500.   2750.   2790.   8270.  54970.  32560.  14740.   5250.   4070.   142050.
           1970   2950.   2700.   2730.   2760.   2380.   2510.   2850.  34990.  54900.  15080.   6220.   5590.   135660.
           1971   3840.   3480.   3430.   3760.   3260.   3020.   8900.  30730.  71170.  27410.   5700.   6610.   171310.
           1972   4430.   4750.   3900.   2990.   2560.   3680.   5890.  44270.  63720.  11450.   4250.   3730.   155620.
           1973   4770.   4010.   3730.   3220.   2580.   2890.   3250.  37930.  46850.  15690.   7540.   6480.   138940.
           1974   5510.   4430.   3790.   3580.   2850.   3510.   5300.  48800.  57970.  13310.   4840.   3770.   157660.
           1975   3020.   2420.   2470.   2580.   2410.   2720.   2680.  15030.  64870.  57350.   8290.   7520.   171360.
           1976   3590.   3370.   3070.   2680.   2250.   2250.   4810.  36550.  28280.  10570.   3460.   3000.   103880.
           1977   3011.   2400.   1769.   1845.   1660.   1890.   5839.   9983.  20936.   4451.   2606.   2596.    58986.
           1978   2550.   2020.   2150.   2170.   1960.   2570.   5810.  23600.  65840.  17310.   4830.   5000.   135810.
           1979   2510.   2200.   2120.   1930.   1680.   1750.   3630.  30140.  33290.  10760.   4840.   2160.    97010.
           1980   2130.   1950.   1730.   1930.   1700.   1890.   5500.  29990.  54330.  19600.   4580.   5100.   130430.
           1981   3110.   3170.   2740.   2320.   1900.   2150.   9400.  29680.  50290.  11060.   5580.   3990.   125390.
           1982   4110.   3120.   2580.   2430.   2220.   2370.   4220.  43380.  63740.  34600.   9180.  12860.   184810.
           1983  12770.   6040.   4320.   3190.   3290.   4140.   4660.  26310.  91990.  42970.  12730.  13610.   226020.
           1984  10220.   6310.   5840.   4450.   3700.   4060.   5110.  64210.  67450.  30100.  11160.  10870.   223480.
           1985   8820.   5710.   4970.   3700.   3220.   2920.  15350.  51640.  43750.  12640.   6060.   5480.   164260.
           1986   4810.   4030.   3520.   2880.   2370.   4240.   9340.  48300. 118430.  28490.   8200.   7670.   242280.
           1987   5770.   4920.   3970.   3750.   3130.   3610.  11730.  40970.  26680.  10480.   6780.   4820.   126610.
           1988   3470.   3250.   2980.   2850.   2610.   2990.   7960.  33200.  23520.   6440.   3240.   2720.    95230.
           1989   2720.   2850.   2970.   2800.   2290.   4190.  12500.  33900.  30630.  11660.   5990.   3710.   116210.
           1990   2880.   2520.   2480.   2480.   2450.   2900.  10330.  21030.  42220.  12110.   4070.   2990.   108460.
           1991   2940.   2680.   2140.   1820.   1620.   1780.   3220.  27330.  59190.  11000.   5840.   5360.   124920.
           1992   3390.   3840.   3110.   2540.   1980.   2340.   8900.  32070.  12150.   6300.   3690.   2640.    82950.
           1993   2330.   2730.   2490.   1840.   1420.   2360.   4290.  55330.  58860.  23550.   8470.   5070.   168740.
           1994   4200.   3140.   2580.   2800.   2080.   2440.   7830.  37070.  21070.   7050.   3620.   2800.    96680.
           1995   4630.   3520.   3480.   3440.   2350.   3290.   4470.  21030.  86020.  67920.  11320.   6170.   217640.
           1996   3920.   3410.   2960.   2580.   2430.   3730.   5660.  45180.  64290.  12850.   4680.   5300.   156990.
           1997   3360.   3390.   3080.   2880.   2490.   3300.   6400.  55840.  70080.  14190.   6470.   7900.   179380.
           1998   6720.   4730.   3560.   2550.   2210.   3160.   6030.  32260.  54600.  43740.  10440.   6920.   176920.
           1999   5320.   4250.   2840.   3330.   2360.   3550.   5140.  34920.  72980.  21270.   7200.   5660.   168820.
           2000   4060.   3130.   3050.   2950.   2500.   2920.   8070.  37760.  18400.   8120.   3610.   4020.    98590.
           2001   3430.   2910.   2540.   2080.   2060.   2470.   6080.  39970.  14830.   6830.   3160.   2320.    88680.
           2002   2616.   2527.   2410.   1928.   1468.   1876.   6071.  26218.  17760.   6024.   1908.   3979.    74785.
           2003   4570.   3240.   1950.   1850.   1170.   1770.   7540.  37280.  28680.   9440.   4280.   3600.   105370.
           2004   2670.   2368.   2565.   2700.   2174.   3765.   8525.  24587.  20809.  11234.   5064.   3148.    89609.
           2005   3660.   3430.   2640.   2660.   2390.   2580.   7240.  49790.  56970.  22900.   6460.   4730.   165450.
                        10011500 BEAR RIVER NEAR UTAH-WYOMING STATE LINE                                                 PAGE  3

           WATER
           YEAR    OCT     NOV     DEC     JAN     FEB     MAR     APR     MAY     JUN     JUL     AUG     SEP       ANN

           2006   2540.   2390.   2580.   2590.   2380.   2370.   7900.  51830.  40670.  10470.   5720.   4940.   136380.
           2007   9240.   4500.   2000.   1780.   1790.   3450.  10050.  41420.  16420.   7230.   3130.   3820.   104830.
           2008   6100.   3710.   2830.   2520.   2580.   2520.   3120.  36520.  59720.  15100.   4650.   4410.   143780.
           2009   2960.   2840.   2190.   2150.   2220.   2290.   7590.  55320.  47160.  16720.   5040.   5630.   152110.
           2010   4200.   2650.   1720.   2030.   1630.   1670.   5120.  18300.  63960.  14250.   7260.   4490.   127280.
           2011   4050.   4130.   3390.   3040.   2410.   2670.   5210.  29110. 108180.  84320.  11460.   7090.   265060.

          +AVE.   4486.   3539.   2958.   2677.   2267.   2900.   7385.  38657.  48053.  19015.   6035.   4938.   142910.


          +   AVE. GIVEN FOR YEARS OF CONCURRENT DATA WITH CORRELATED STATION
                        USGS 10016900 BEAR RIVER AT EVANSTON, WY                                                         PAGE  4

           R      0.548   0.249   0.571   0.549   0.472   0.328   0.630   0.892   0.986   0.998   0.960   0.959               0.973
           A   -.34E+040.59E+040.49E+040.58E+040.59E+040.18E+05-.33E+04-.76E+04-.11E+05-.51E+04-.17E+04-.32E+04          -0.524E+05
           B   0.10E+01-.14E+01-.14E+01-.19E+01-.22E+01-.53E+010.28E+010.15E+010.12E+010.99E+000.96E+000.13E+01           0.137E+01

           WATER
           YEAR    OCT     NOV     DEC     JAN     FEB     MAR     APR     MAY     JUN     JUL     AUG     SEP       SUM       ANN

          *1860 160794.    -55.   1212.   2606.   1356.   9134.   1346.   -109.  11785.  58414.  11957.   6354.   267553.   -46280.
          *1861 353061.    156.   -848.   -524.   -884.   4981.   4109.     23.  25187. 102330.  79053.  11879.   584443.   -42730.
          *1862  37361.   5853.   4901.   5830.   5857.  17811.  -3267.  -7599. -10903.  -5107.  -1688.  -3198.    45851.   -52413.
          *1943   -641.   1774.   1992.   2381.   1400.   2692.  45577.  48738.  38527.  11687.   4077.   -159.   158043.   132891.
          *1944   -133.   2027.   1560.   1556.   1267.   7643.   2866.  54999.  61574.  18718.   2018.   -448.   153646.   149717.
          *1945   -184.   2814.   2493.   2362.   2154.   7803.   5546.  40223.  38824.  17229.   6825.   2328.   128417.   116953.
          *1946     29.    719.    794.    788.    690.   2852.  48699.  49367.  33320.   3762.   1798.   -106.   142711.   119848.
          *1947     19.   1309.    836.   1219.    690.   2958.  16265.  73695.  53800.  18242.   4517.   1104.   174656.   173167.
          *1948    -82.   1366.   1031.   1612.   1267.   3650.   9524.  68194.  31758.   1001.   1549.   -711.   120158.   109387.
          *1949  -1281.   2505.   1657.   1969.   1910.   6525.  19249.  43062.  52623.  10535.   2822.    184.   141759.   124847.
          *1950    212.   2041.   1449.   1781.   1866.   5460.  14745.  44758.  82315.  19453.   2774.   1473.   178328.   173549.
          *1951    303.    803.    572.    657.    424.   5088.  13060.  49074.  52003.  16504.   6135.    552.   145175.   147122.
          *1952   1644.   1084.    502.    807.    225.   3331.  21625.  81872.  78397.  17179.   6030.   2065.   214761.   215464.
          *1953   -154.   2083.   1031.    956.    690.   3065.  10988.  18572.  75558.  10982.   3866.   -724.   126915.   129244.
          *1954  -1210.   2322.   1560.   1444.    934.   4502.  17895.  42374.   8524.    971.    514.   -303.    79528.    59878.
          *1955  -1382.   3138.   2075.   2175.   2043.   7696.   6015.  47216.  30133.   1587.   2018.   -553.   102161.    81498.
          *1956  -1342.   2969.   1518.   1800.   1799.   5194.  15795.  69408.  52214.   4288.    945.  -1329.   153260.   134584.
          *1957  -1271.   2758.   1852.   2062.   1821.   6578.   4662.  30276.  95308.  28421.   4584.    762.   177814.   179982.
          *1958    -62.   1675.    878.   1181.    735.   4343.   7093.  58861.  38762.   1736.    562.   -356.   115408.   107502.
          *1959  -1454.   2716.   1490.   1556.   1444.   5780.   9690.  25229.  57470.   7367.   1501.   -224.   112565.   102653.
          *1960   2121.    733.   2534.   2137.   1644.   5194.  19829.  35513.  36617.   2004.    716.   -895.   108147.    90416.
          *1961  -1357.   2667.   1905.   2340.   2243.   7558.   7151.  32432.  16363.   -992.   1757.   5497.    77564.    55901.
          *1962   1847.    -13.    168.    882.    535.   2533.  33919.  50127.  63731.  16563.   2880.   -224.   172947.   169657.
          *1963   -834.   2955.   1908.   2381.   1888.   6791.   4385.  38995.  37299.   3702.   2056.   1604.   103131.    87371.
          *1964   -925.   1394.   1978.   2381.   2619.   9293.   3501.  50113.  55685.  15491.   2813.   -619.   143723.   132782.
          *1965  -1271.   3040.   1755.   1519.    934.   5301.   7728.  36127.  92729.  47142.  12704.   7972.   215680.   230022.
          *1966   2934.   -828.  -1099.  -1274.   -263.    190.  25382.  58100.  16112.   1964.   2391.    170.   103779.   106218.
          *1967    324.   1563.    558.    919.    868.   3331.   6485.  37590.  76662.  35820.   6049.   2670.   172838.   188244.
          *1968   1502.   1127.    947.    844.    225.   1468.   6844.  31870.  93200.  15054.   7658.   4275.   165013.   179258.
          *1969   2081.    170.   -291.   -730.   -241.   2958.  19580.  72817.  29464.   9532.   3339.   2157.   140836.   141591.
          *1970   -387.   2055.   1101.    657.    580.   4449.   4606.  43588.  57160.   9870.   4268.   4157.   132102.   132864.
          *1971    517.    958.    126.  -1218.  -1372.   1734.  21321.  37356.  77331.  22115.   3770.   5498.   168137.   181552.
          *1972   1116.   -828.   -528.    226.    180.  -1780.  13005.  57164.  68095.   6264.   2382.   1710.   147005.   160124.
          *1973   1461.    212.   -291.   -206.    136.   2426.   5711.  47889.  47180.  10475.   5532.   5327.   125854.   137343.
          *1974   2213.   -378.   -375.   -880.   -463.   -875.  11375.  63791.  60966.   8112.   2947.   1762.   148194.   162910.
          *1975   -316.   2449.   1463.    994.    513.   3331.   4137.  14389.  69521.  51849.   6250.   6696.   161274.   181621.
          *1976    263.   1113.    627.    807.    868.   5833.  10021.  45870.  24158.   5390.   1625.    749.    97324.    89460.
          *1977   -325.   2477.   2438.   2372.   2176.   7750.  12864.   7005.  15053.   -686.    807.    218.    52148.    28147.
          *1978   -793.   3011.   1908.   1762.   1511.   4130.  12784.  26926.  70723.  12084.   2937.   3380.   140363.   133068.
          *1979   -834.   2758.   1950.   2212.   2132.   8495.   6761.  36493.  30369.   5579.   2947.   -356.    98506.    80078.
          *1980  -1220.   3110.   2493.   2212.   2087.   7750.  11927.  36274.  56454.  14358.   2698.   3512.   141655.   125721.
          *1981   -225.   1394.   1087.   1481.   1644.   6366.  22702.  35820.  51445.   5877.   3655.   2052.   133298.   118837.
          *1982    791.   1464.   1309.   1275.    934.   5194.   8391.  55862.  68120.  29255.   7102.  13721.   193420.   199990.
          *1983   9586.  -2643.  -1113.   -149.  -1438.  -4228.   9607.  30890. 103143.  37568.  10502.  14708.   206431.   256272.
           1984      0.      0.      0.      0.      0.      0.      0.  77870.  80080.  25280.  11110.  13410.   207750.   207750.
           1985      0.      0.      0.      0.      0.      0.  35810.  54470.  34300.   6220.   3310.   3160.   137270.   137270.
           1986      0.      0.      0.      0.      0.      0.  28270.  79380. 112450.  23540.   6660.   5870.   256170.   256170.
           1987      0.      0.      0.      0.      0.      0.  24800.  48390.  18570.   4060.   5000.   5330.   106150.   106150.
           1988      0.      0.      0.      0.      0.      0.  20610.  40650.  14400.   2810.   1010.    700.    80180.    80180.
           1989      0.      0.      0.      0.      0.      0.  16385.  27094.  27031.   6617.   3737.   1846.    82710.    82710.
           1990      0.      0.      0.      0.      0.      0.  10380.  20270.  41140.   6410.   2480.   1300.    81980.    81980.
           1991      0.      0.      0.      0.      0.      0.   9550.  36360.  55220.   4700.   5090.   3510.   114430.   114430.
           1992      0.      0.      0.      0.      0.      0.  16080.  33280.   7220.   3080.   1040.    740.    61440.    61440.
           1993      0.      0.      0.      0.      0.      0.  18440.  75460.  60690.  18620.   5340.   2930.   181480.   181480.
           1994      0.      0.      0.      0.      0.      0.  16510.  39510.  14130.   2460.   1280.    750.    74640.    74640.
           1995      0.      0.      0.      0.      0.      0.   7930.  32460.  93240.  60230.   5820.   3010.   202690.   202690.
           1996      0.      0.      0.      0.      0.      0.  24820.  59830.  62810.   6510.   2170.   2330.   158470.   158470.
           1997      0.      0.      0.      0.      0.      0.  26080.  66930.  70100.   4950.   4680.   5480.   178220.   178220.
           1998      0.      0.      0.      0.      0.      0.  19480.  55950.  76100.  39670.   8040.   4970.   204210.   204210.
           1999      0.      0.      0.      0.      0.      0.  17800.  62390.  75560.  14100.   6520.   4090.   180460.   180460.
           2000      0.      0.      0.      0.      0.      0.  13260.  38090.  11250.   1960.   1390.   2020.    67970.    67970.
                        USGS 10016900 BEAR RIVER AT EVANSTON, WY                                                         PAGE  5

           R      0.548   0.249   0.571   0.549   0.472   0.328   0.630   0.892   0.986   0.998   0.960   0.959               0.973
           A   -.34E+040.59E+040.49E+040.58E+040.59E+040.18E+05-.33E+04-.76E+04-.11E+05-.51E+04-.17E+04-.32E+04          -0.524E+05
           B   0.10E+01-.14E+01-.14E+01-.19E+01-.22E+01-.53E+010.28E+010.15E+010.12E+010.99E+000.96E+000.13E+01           0.137E+01

           WATER
           YEAR    OCT     NOV     DEC     JAN     FEB     MAR     APR     MAY     JUN     JUL     AUG     SEP       SUM       ANN

           2001      0.      0.      0.      0.      0.      0.   9550.  41680.   7530.   3730.   1170.    730.    64390.    64390.
           2002    708.   1024.   1686.   1482.   1468.   2799.  11137.  22588.  11058.   2104.    785.   1999.    58838.    58838.
           2003   2730.    880.    800.   1050.   1850.   5780.   9460.  37750.  28680.   5330.   2670.   1920.    98900.    98900.
           2004   1107.   1434.   1258.   1476.   1601.   9251.  12611.  27586.  16108.   7557.   3786.   2063.    85838.    85838.
           2005   2980.   3380.   2630.   3150.   3110.   8250.  15860.  72410.  58600.  13390.   4600.   2360.   190720.   190720.
           2006   2170.   2060.   2870.   3260.   2800.   4640.  16980.  55740.  33170.   6610.   4190.   3910.   138400.   138400.
           2007   9090.   5030.   3780.   3140.   3010.  16170.  13860.  43370.   9750.   3830.   1900.   2530.   115460.   115460.
           2008   4880.   2360.   2170.   2200.   2500.   3560.  11670.  55490.  68430.  12350.   3690.   3330.   172630.   172630.
           2009   2300.   2230.   1670.   2120.   2100.   6250.  22240.  69170.  56020.  11770.   4150.   3390.   183410.   183410.
           2010    -55.   1212.   2606.   1356.   9134.   1346.   -109.  11785.  58414.  11957.   6354. 267553.   161660.   161660.
           2011    156.   -848.   -524.   -884.   4981.   4109.     23.  25187. 102330.  79053.  11879. 584443.   350980.   350980.
           2012   5853.   4901.   5830.   5857.  17811.  -3267.  -7599. -10903.  -5107.  -1688.  -3198.  45851.    40119.    40119.

           AVE.   8143.   1283.   1040.   1115.   1342.   3715.  13471.  42760.  48274.  15026.   4908.  14875.   146713.   130464.


          * DATA CORRELATED WITH STATION:     10011500 BEAR RIVER NEAR UTAH-WYOMING STATE LINE                                

           NUMBER OF YEARS   73                       Linear Regression   
                                                                                                                        PAGE  6

          Correlation Coefficients           09:19:37.8          05/23/2012
                      Linear Regression   
          1 OCT  A=-.338308438E+04, B=0.101556867E+01, R=  0.547694, R*R=  0.299969
          2 NOV  A=0.585263168E+04, B=-.140654545E+01, R=  0.249127, R*R=  0.062064
          3 DEC  A=0.490096100E+04, B=-.139207953E+01, R=  0.571298, R*R=  0.326381
          4 JAN  A=0.582959776E+04, B=-.187427619E+01, R=  0.549278, R*R=  0.301707
          5 FEB  A=0.585680752E+04, B=-.221734682E+01, R=  0.471530, R*R=  0.222340
          6 MAR  A=0.178112569E+05, B=-.532360386E+01, R=  0.328403, R*R=  0.107849
          7 APR  A=-.326735916E+04, B=0.276269517E+01, R=  0.629770, R*R=  0.396610
          8 MAY  A=-.759893654E+04, B=0.146290666E+01, R=  0.892276, R*R=  0.796156
          9 JUN  A=-.109025645E+05, B=0.123975834E+01, R=  0.986090, R*R=  0.972373
         10 JUL  A=-.510691447E+04, B=0.993132602E+00, R=  0.997675, R*R=  0.995355
         11 AUG  A=-.168790092E+04, B=0.957550516E+00, R=  0.959643, R*R=  0.920915
         12 SEP  A=-.319750233E+04, B=0.131557943E+01, R=  0.959140, R*R=  0.919949
         13 ANN  A=-.524126314E+05, B=0.136573982E+01, R=  0.973133, R*R=  0.946988


         Base Station:       o:\streamfl\month\10011500.mon
         Correlated Station: o:\streamfl\month\10016900.mon
         Print File Name:    o:\streamfl\month\10016900.prn
         Output/Save File:   
