 
                        10023000 BIG CREEK NEAR RANDOLPH, UT                                            


         YEAR     OCT      NOV      DEC      JAN      FEB      MAR      APR      MAY      JUN      JUL      AUG      SEP       ANN

         1939                                                           558.     736.     482.     379.     285.     295.
         1940     330.     360.     283.     307.     282.     301.     244.     136.      92.      63.      69.      95.     2563.
         1941     154.     200.      92.     123.     194.     171.     151.     154.      79.      67.     133.     112.     1631.
         1942     122.      71.                                         580.
         1943                                                          1578.    2166.    1065.     635.     585.     529.
         1944     558.     519.     492.     461.     376.     470.     730.     938.     494.     388.     323.     344.     6092.
         1945                                                           330.     522.     698.     466.     461.     424.
         1950     944.     785.     676.     676.     555.     778.    2208.    5272.    3560.    2479.    1954.    1684.    21571.
         1951    1519.    1355.    1228.     831.     817.     876.    2519.    4643.    2694.    2269.    1882.    1611.    22244.
         1952    1617.    1347.    1087.     789.     692.     756.    1498.    5865.    3703.    2374.    1866.    1688.    23282.
         1953    1597.    1262.    1144.    1127.     736.     930.     954.    1642.    1938.    1496.    1256.    1008.    15088.
         1954     896.     774.     639.     585.     571.     702.     843.    1254.     976.     742.     559.     489.     9029.
         1955     464.     429.     411.     390.     330.     395.     446.    1414.     960.     657.     542.     447.     6885.
         1956     443.     436.     636.     567.     467.     843.    2007.    2916.    1984.    1547.    1220.    1014.    14079.
         1957     966.     757.     660.     524.     589.     672.     714.    2438.    2021.    1569.    1285.    1075.    13270.
         1958     964.     841.     768.     676.     605.     585.     746.    2356.    1688.    1127.     924.     782.    12062.
         1959     734.     690.     675.     625.     617.     823.    1047.     950.     738.     619.     476.     498.     8492.
         1960     477.     430.     430.     400.     387.     660.     584.     542.     420.     341.     320.     332.     5322.
         1961     365.     350.     296.     214.     179.     339.     302.     231.     142.      91.     117.     143.     2771.
         1962     187.     179.     184.     184.     509.     482.    2013.    2023.     831.     586.     559.     490.     8228.
         1963     533.     486.     470.     399.     583.     384.     514.     736.     475.     375.     404.     381.     5739.
         1964     361.     342.     307.     277.     262.     263.     484.    1046.     910.     527.     472.     451.     5703.
         1965     446.     420.     641.     469.     425.     411.    1313.    4165.    2745.    1968.    1486.    1287.    15776.
         1966    1033.     952.     750.     647.     555.     990.    1182.    1759.    1113.     924.     770.     704.    11379.
         1967     655.     614.     565.     463.     339.     560.     618.    1699.    1757.    1256.    1115.     970.    10611.
         1968     833.     764.     654.     563.     415.     477.     580.     916.     747.     579.     674.     618.     7822.
         1969     621.     537.     488.     642.     348.     522.    1136.    1958.    1228.     932.     784.     758.     9953.
         1970     780.     666.     615.     615.     548.     388.     255.    1661.    1109.    1018.     831.     724.     9209.
         1987    1557.    1543.    1458.    1440.    1258.    1392.    1184.    1127.     984.     896.     805.     716.    14360.
         1988     728.     603.     551.     572.     526.     638.     682.     668.     682.     408.     346.     324.     6727.
         1989     331.     380.     365.     386.     335.     448.     525.     608.     524.     396.     346.     350.     4993.
         1990     398.     355.     361.     381.     373.     432.     293.     294.     202.     128.     139.     154.     3510.
         1991     179.     178.     134.     134.     146.     163.     212.     363.     532.     280.     299.     316.     2935.
         1992     299.     275.     261.     228.     195.     288.     227.     175.     111.     107.      79.     107.     2353.
         1993     132.     169.     177.     172.     164.     211.     395.    2257.     884.     570.     491.     453.     6075.
         1994     476.     401.     395.     416.     378.     497.     576.     754.     516.     350.     342.     348.     5449.
         1995     403.     335.     372.     362.     359.     578.     713.    1614.    1374.    1254.     986.     902.     9253.
         1996     813.     696.     817.     823.     675.     912.    1291.    3525.    2025.    1724.    1335.    1140.    15776.
         1997    1055.     972.     694.     881.     887.    1125.    1384.    4471.    2789.    2251.    1995.    1660.    20164.
         1998    1547.    1375.    1269.    1004.     819.    1204.    1605.    4203.    2759.    2422.    1950.    1664.    21821.
         1999    1466.    1379.    1295.    1285.    1260.    1559.    1662.    4169.    2592.    2235.    2015.    1738.    22655.
         2000    1644.    1446.    1335.    1166.     936.     938.     787.     831.     791.     696.     607.     542.    11721.
         2001     515.     363.     374.     383.     239.     416.     508.     498.     526.     311.     278.     234.     4646.
         2002     260.     228.     216.     234.     217.     258.     331.     406.     305.     216.     172.     215.     3058.
         2003     250.     278.     317.     314.     170.     299.     322.     200.     150.      95.     122.     154.     2672.
         2004     140.     116.     137.     109.      84.     241.     230.     249.     150.      95.     121.     136.     1808.
         2005     230.     257.     110.     134.     213.     312.     650.    2352.     786.     580.     521.     492.     6638.
         2006     481.     391.     306.     318.     333.     762.    1190.    2291.    1077.     942.     778.     686.     9556.
         2007     704.     542.     422.     377.     328.     534.     490.     439.     345.     340.     335.     302.     5158.
         2008     302.     257.     237.     335.     282.     289.     333.    1334.    1018.     541.     444.     404.     5775.
         2009     394.     428.     314.     279.     284.     401.     439.     667.     499.     409.     424.     394.     4933.
         2010     442.     351.     296.     318.     271.     307.     341.     460.     522.     396.     368.     382.     4456.
         2011     409.     339.     367.     319.     254.     433.    1722.    6748.    5181.    3156.    2733.    2301.    23962.
         2012    2081.    1742.    1210.    1194.    1008.    1119.     916.     992.     857.     762.     606.     502.    12988.
         2013     488.     440.     305.     183.     187.     353.     379.     379.     253.     240.     230.     292.     3728.
         2014     257.     212.     195.     210.     276.     330.     547.    1065.     553.     431.

         MEAN     671.     597.     548.     510.     458.     581.     823.    1696.    1157.     867.     745.     664.     9529.

          PCT    7.05%    6.26%    5.75%    5.35%    4.81%    6.10%    8.63%   17.80%   12.14%    9.10%    7.82%    6.97%   100.00%

           SD     479.     414.     357.     321.     273.     320.     568.    1590.    1053.     760.     622.     517.     6398.

           CV     0.71     0.69     0.65     0.63     0.59     0.55     0.69     0.94     0.91     0.88     0.84     0.78      0.67

           FILE: 10023000.mon              

                        10023000 BIG CREEK NEAR RANDOLPH, UT                                            


         YEAR     OCT      NOV      DEC      JAN      FEB      MAR      APR      MAY      JUN      JUL      AUG      SEP       ANN


              Critical (Driest) Period Analysis
              ---------------------------------

                1 Year Period 1941-1941

         MEAN     154.     200.      92.     123.     194.     171.     151.     154.      79.      67.     133.     112.     1631.

                3 Year Period 2002-2004

         MEAN     217.     207.     223.     219.     157.     266.     294.     285.     202.     136.     138.     168.     2512.

                5 Year Period 2001-2005

         MEAN     279.     248.     231.     235.     184.     305.     408.     741.     383.     260.     243.     246.     3764.

               10 Year Period 2001-2010

         MEAN     372.     321.     273.     280.     242.     382.     483.     890.     538.     393.     356.     340.     4870.



              ERROR CHECK


         ERROR 1939**********
         ERROR 1942**********
         ERROR 1943**********
         ERROR 1945**********
         ERROR 2014**********

         Years not in Sequence, Duplicated or Missing
         Years as They Appear in File:
          1939 1940 1941 1942 1943 1944 1945 1950 1951 1952 1953 1954 1955 1956 1957
          1958 1959 1960 1961 1962 1963 1964 1965 1966 1967 1968 1969 1970 1987 1988
          1989 1990 1991 1992 1993 1994 1995 1996 1997 1998 1999 2000 2001 2002 2003
          2004 2005 2006 2007 2008 2009 2010 2011 2012 2013 2014
2   MISSING   YEAR GROUPS
          1946-1949 1971-1986
