                        10028500 BEAR RIVER BELOW PIXLEY DAM, NEAR COKEVILLE, WY                                         PAGE  1

           WATER
           YEAR    OCT     NOV     DEC     JAN     FEB     MAR     APR     MAY     JUN     JUL     AUG     SEP       ANN

           1942           6890.   5970.   5040.   4180.   8190.  48620.  18050.  19220.   4340.   2320.   1840.          
           1943   2020.   1890.   1760.   1640.   3020.  18850.  35330.  24650.  16900.   7710.   4420.   2580.   120770.
           1944   2590.   2755.                                                                                          
           1953   5210.   5930.   6930.   9140.   8890.  12840.  13250.   1670.  34280.   6220.   4420.   1720.   110500.
           1954   2229.   3146.   4717.   5197.   6119.  11621.   8559.    636.    384.    499.    665.    682.    44454.
           1955   1269.   1547.   2251.   2971.   2707.   2539.   8473.    792.   5429.   2838.   2701.   1549.    35066.
           1956   1310.   2280.   8140.  10430.   7030.  35370.  23430.  28830.  30730.   4920.   2360.    590.   155420.
           1958                                                                   8820.   2160.   1122.                  
           1959                                                            874.   3279.   9070.   2638.   2192.          
           1960                                                            746.    332.   3331.   1295.    980.          
           1961                                                             53.     56.     46.     30.    351.          
           1962                                                          15362.  15168.  15753.   4080.   1309.          
           1963                                                            163.   2906.   9138.   2592.   1987.          
           1964                                                          15530.  46620.  15120.   2830.   1370.          
           1966                                                          23207.    887.   4747.   2388.   1716.          
           1967                                                          12040.  53720.  40880.   6680.   2530.          
           1968                                                           8660.  58850.  23750.   6070.   2830.          
           1969                                                          32330.  13370.  12620.   4260.   2390.          
           1970                                                           6635.  28852.  13392.   4439.   2676.          
           1971                                                          54530.  52120.  18530.   5230.   8280.          
           1972                                                          48840.  65580.  15820.   5490.   5550.          
           1973                                                          58020.  18950.  16320.  10370.   7040.          
           1974                                                          61890.  44640.  17720.   5890.   2300.          
           1975                                                          17650.  46570.  46080.  10540.   5980.          
           1976                                                          29193.  11631.   7008.   4891.   3062.          
           1977                                                             54.     85.    313.    385.    464.          
           1978                                                            413.  22376.  11603.   3977.   2922.          
           1979                                                           2973.   5111.   3369.   2741.   1385.          
           1980                                                          70380.  38150.  18320.   5790.   1750.          
           1981                                                           3231.  11415.  15181.   4965.   1035.          
           1982                                                          27570.  34340.  32270.  17440.   7170.          
           1983                                                          62280. 102900.  54750.  28940.  26970.          
           1984                                                          74360.  67000.  40920.  18110.  15100.          
           1985                                                          42610.  20760.  23530.   6580.   5760.          
           1986                                                          83680.  73100.  27300.  13830.  12010.          
           1987                                                          25458.  18490.  15913.   6637.   4439.          
           1988                                                           3814.   5990.   7513.   2225.   1333.          
           1989                                                            244.   2040.   4971.   1985.   1670.          
           1990                                                            149.    759.   2813.   1236.    765.          
           1991                                                     63.    111.  16227.  11240.   4451.   3533.          
           1992                                                    814.    409.   4903.   5647.   1568.    736.          
           1993                                                  13620.  28780.  46870.  23990.  10980.   4040.          
           1994                                                   5639.   5536.   7099.   5782.   2172.   1083.          
           1995                                                  11990.   3060.  33570.  47950.   8880.   5910.          
           1996                                                  24840.  30800.  32000.  23420.   5930.   4890.          
           1997                                                          58730.  53270.  26240.  12710.   9920.          
           1998                                                  39630.  42820.  56250.  49780.  18210.  13160.          
           1999                                                          48250.  54450.  24940.  13260.   9790.          
           2000                                                   5647.   3511.   5044.   7684.   2083.   1879.          
           2001                                                   3909.    691.    906.   1795.    355.   1348.          
           2002                                                   1108.    112.     63.     74.     44.     12.          
           2003                                                    246.    114.    503.   2296.   1045.    531.          
           2004                                                    506.    134.    126.   1319.   1437.    487.          
           2005                                                          29430.  36720.  24300.   3320.   1840.          
           2006   1619.                                           7952.   9013.  11409.   6236.   3183.   2233.          
           2007   4249.   3705.                                  12922.   2955.   3616.   4364.   2529.   1817.          
           2008                                                   5205.  11754.  27927.  10322.   2511.   2051.          
           2009                                                   8590.  16449.  30432.  15164.   3207.   3727.          
           2010                                                   2851.   3901.  29617.  11459.   2299.   1708.          
           2011                                                  71850.  81560.  94570.  82090.  14660.   8260.          
           2012                                                   9047.   2235.    307.   2428.    834.   1169.          
           2013                                                   1960.    292.     52.    668.    453.    752.          
           2014                                                   1613.    206.   1798.   7321.   6032.   4879.          

           AVE.   2562.   3036.   4760.   5876.   5553.  16244.  12271.  20339.  24759.  15376.   5388.   3753.    93242.

          Count      8       7       5       5       5       5      26      60      61      62      61      60         5
                        10011500 BEAR RIVER NEAR UTAH-WYOMING STATE LINE                                                 PAGE  2

           WATER
           YEAR    OCT     NOV     DEC     JAN     FEB     MAR     APR     MAY     JUN     JUL     AUG     SEP       ANN

           1942                                                                          12532.   3636.   2420.          
           1943   2700.   2900.   2090.   1840.   2010.   2840.  17680.  38510.  39870.  16910.   6020.   2310.   135680.
           1944   3200.   2720.   2400.   2280.   2070.   1910.   2220.  42790.  58460.  23990.   3870.   2090.   148000.
           1945   3150.   2160.   1730.   1850.   1670.   1880.   3190.  32690.  40110.  22490.   8890.   4200.   124010.
           1946   3360.   3650.   2950.   2690.   2330.   2810.  18810.  38940.  35670.   8930.   3640.   2350.   126130.
           1947   3350.   3230.   2920.   2460.   2330.   2790.   7070.  55570.  52190.  23510.   6480.   3270.   165170.
           1948   3250.   3190.   2780.   2250.   2070.   2660.   4630.  51810.  34410.   6150.   3380.   1890.   118470.
           1949   2070.   2380.   2330.   2060.   1780.   2120.   8150.  34630.  51240.  15750.   4710.   2570.   129790.
           1950   3540.   2710.   2480.   2160.   1800.   2320.   6520.  35790.  75190.  24730.   4660.   3550.   165450.
           1951   3630.   3590.   3110.   2760.   2450.   2390.   5910.  38740.  50740.  21760.   8170.   2850.   146100.
           1952   4950.   3390.   3160.   2680.   2540.   2720.   9010.  61160.  72030.  22440.   8060.   4000.   196140.
           1953   3180.   2680.   2780.   2600.   2330.   2770.   5160.  17890.  69740.  16200.   5800.   1880.   133010.
           1954   2140.   2510.   2400.   2340.   2220.   2500.   7660.  34160.  15670.   6120.   2300.   2200.    82220.
           1955   1970.   1930.   2030.   1950.   1720.   1900.   3360.  37470.  33100.   6740.   3870.   2010.    98050.
           1956   2010.   2050.   2430.   2150.   1830.   2370.   6900.  52640.  50910.   9460.   2750.   1420.   136920.
           1957   2080.   2200.   2190.   2010.   1820.   2110.   2870.  25890.  85670.  33760.   6550.   3010.   170160.
           1958   3270.   2970.   2890.   2480.   2310.   2530.   3750.  45430.  40060.   6890.   2350.   2160.   117090.
           1959   1900.   2230.   2450.   2280.   1990.   2260.   4690.  22440.  55150.  12560.   3330.   2260.   113540.
           1960   5420.   3640.   1700.   1970.   1900.   2370.   8360.  29470.  38330.   7160.   2510.   1750.   104580.
           1961   1995.   2265.   2152.   1862.   1630.   1926.   3771.  27364.  21993.   4143.   3598.   6609.    79308.
           1962   5150.   4170.   3400.   2640.   2400.   2870.  13460.  39460.  60200.  21820.   4770.   2260.   162600.
           1963   2510.   2060.   2150.   1840.   1790.   2070.   2770.  31850.  38880.   8870.   3910.   3650.   102350.
           1964   2420.   3170.   2100.   1840.   1460.   1600.   2450.  39450.  53710.  20740.   4700.   1960.   135600.
           1965   2080.   2000.   2260.   2300.   2220.   2350.   3980.  29890.  83590.  52610.  15030.   8490.   206800.
           1966   6220.   4750.   4310.   3790.   2760.   3310.  10370.  44910.  21790.   7120.   4260.   2560.   116150.
           1967   3650.   3050.   3120.   2620.   2250.   2720.   3530.  30890.  70630.  41210.   8080.   4460.   176210.
           1968   4810.   3360.   2840.   2660.   2540.   3070.   3660.  26980.  83970.  20300.   9760.   5680.   169630.
           1969   5380.   4040.   3730.   3500.   2750.   2790.   8270.  54970.  32560.  14740.   5250.   4070.   142050.
           1970   2950.   2700.   2730.   2760.   2380.   2510.   2850.  34990.  54900.  15080.   6220.   5590.   135660.
           1971   3840.   3480.   3430.   3760.   3260.   3020.   8900.  30730.  71170.  27410.   5700.   6610.   171310.
           1972   4430.   4750.   3900.   2990.   2560.   3680.   5890.  44270.  63720.  11450.   4250.   3730.   155620.
           1973   4770.   4010.   3730.   3220.   2580.   2890.   3250.  37930.  46850.  15690.   7540.   6480.   138940.
           1974   5510.   4430.   3790.   3580.   2850.   3510.   5300.  48800.  57970.  13310.   4840.   3770.   157660.
           1975   3020.   2420.   2470.   2580.   2410.   2720.   2680.  15030.  64870.  57350.   8290.   7520.   171360.
           1976   3590.   3370.   3070.   2680.   2250.   2250.   4810.  36550.  28280.  10570.   3460.   3000.   103880.
           1977   3011.   2400.   1769.   1845.   1660.   1890.   5839.   9983.  20936.   4451.   2606.   2596.    58986.
           1978   2550.   2020.   2150.   2170.   1960.   2570.   5810.  23600.  65840.  17310.   4830.   5000.   135810.
           1979   2510.   2200.   2120.   1930.   1680.   1750.   3630.  30140.  33290.  10760.   4840.   2160.    97010.
           1980   2130.   1950.   1730.   1930.   1700.   1890.   5500.  29990.  54330.  19600.   4580.   5100.   130430.
           1981   3110.   3170.   2740.   2320.   1900.   2150.   9400.  29680.  50290.  11060.   5580.   3990.   125390.
           1982   4110.   3120.   2580.   2430.   2220.   2370.   4220.  43380.  63740.  34600.   9180.  12860.   184810.
           1983  12770.   6040.   4320.   3190.   3290.   4140.   4660.  26310.  91990.  42970.  12730.  13610.   226020.
           1984  10220.   6310.   5840.   4450.   3700.   4060.   5110.  64210.  67450.  30100.  11160.  10870.   223480.
           1985   8820.   5710.   4970.   3700.   3220.   2920.  15350.  51640.  43750.  12640.   6060.   5480.   164260.
           1986   4810.   4030.   3520.   2880.   2370.   4240.   9340.  48300. 118430.  28490.   8200.   7670.   242280.
           1987   5770.   4920.   3970.   3750.   3130.   3610.  11730.  40970.  26680.  10480.   6780.   4820.   126610.
           1988   3470.   3250.   2980.   2850.   2610.   2990.   7960.  33200.  23520.   6440.   3240.   2720.    95230.
           1989   2720.   2850.   2970.   2800.   2290.   4190.  12500.  33900.  30630.  11660.   5990.   3710.   116210.
           1990   2880.   2520.   2480.   2480.   2450.   2900.  10330.  21030.  42220.  12110.   4070.   2990.   108460.
           1991   2940.   2680.   2140.   1820.   1620.   1780.   3220.  27330.  59190.  11000.   5840.   5360.   124920.
           1992   3390.   3840.   3110.   2540.   1980.   2340.   8900.  32070.  12150.   6300.   3690.   2640.    82950.
           1993   2330.   2730.   2490.   1840.   1420.   2360.   4290.  55330.  58860.  23550.   8470.   5070.   168740.
           1994   4200.   3140.   2580.   2800.   2080.   2440.   7830.  37070.  21070.   7050.   3620.   2800.    96680.
           1995   4630.   3520.   3480.   3440.   2350.   3290.   4470.  21030.  86020.  67920.  11320.   6170.   217640.
           1996   3920.   3410.   2960.   2580.   2430.   3730.   5660.  45180.  64290.  12850.   4680.   5300.   156990.
           1997   3360.   3390.   3080.   2880.   2490.   3300.   6400.  55840.  70080.  14190.   6470.   7900.   179380.
           1998   6720.   4730.   3560.   2550.   2210.   3160.   6030.  32260.  54600.  43740.  10440.   6920.   176920.
           1999   5320.   4250.   2840.   3330.   2360.   3550.   5140.  34920.  72980.  21270.   7200.   5660.   168820.
           2000   4060.   3130.   3050.   2950.   2500.   2920.   8070.  37760.  18400.   8120.   3610.   4020.    98590.
           2001   3430.   2910.   2540.   2080.   2060.   2470.   6080.  39970.  14830.   6830.   3160.   2320.    88680.
           2002   2616.   2527.   2410.   1928.   1468.   1876.   6071.  26218.  17760.   6024.   1908.   3979.    74785.
           2003   4570.   3240.   1950.   1850.   1170.   1770.   7540.  37280.  28680.   9440.   4280.   3600.   105370.
           2004   2670.   2368.   2565.   2700.   2174.   3765.   8525.  24587.  20809.  11234.   5064.   3148.    89609.
           2005   3660.   3430.   2640.   2660.   2390.   2580.   7240.  49790.  56970.  22900.   6460.   4730.   165450.
           2006   2540.   2390.   2580.   2590.   2380.   2370.   7900.  51830.  40670.  10470.   5720.   4940.   136380.
           2007   9240.   4500.   2000.   1780.   1790.   3450.  10050.  41420.  16420.   7230.   3130.   3820.   104830.
           2008   6100.   3710.   2830.   2520.   2580.   2520.   3120.  36520.  59720.  15100.   4650.   4410.   143780.
           2009   2960.   2840.   2190.   2150.   2220.   2290.   7590.  55320.  47160.  16720.   5040.   5630.   152110.
           2010   4200.   2650.   1720.   2030.   1630.   1670.   5120.  18300.  63960.  14250.   7260.   4490.   127280.
           2011   4050.   4130.   3390.   3040.   2410.   2670.   5210.  29110. 108180.  84320.  11460.   7090.   265060.
           2012   5687.   4362.   2969.   3312.   2733.   3794.  12502.  29026.  12551.   6974.   3463.   3332.    90705.
           2013   2880.   2450.   2200.   2110.   1960.   2290.   3750.  35670.  29210.   8980.   3630.   5930.   101060.
           2014   6110.   3550.   2400.   2380.   2070.   2190.   8570.  44980.  33880.  11980.                          

          +AVE.   3372.   2756.   2346.   2176.   2022.   2476.   6971.  36032.  47801.  17508.   5535.   4617.   117176.


          +   AVE. GIVEN FOR YEARS OF CONCURRENT DATA WITH CORRELATED STATION
                        10028500 BEAR RIVER BELOW PIXLEY DAM, NEAR COKEVILLE, WY                                         PAGE  3

           R      0.772   0.581   0.907   0.834   0.802   0.559   0.342   0.655   0.927   0.962   0.922   0.896               0.960
           A   0.56E+03-.18E+04-.17E+05-.21E+05-.15E+05-.64E+05-.23E+05-.57E+05-.26E+05-.31E+04-.68E+04-.47E+04          -0.146E+06
           B   0.59E+000.17E+010.93E+010.13E+020.10E+020.32E+020.51E+010.22E+010.11E+010.11E+010.22E+010.18E+01           0.204E+01

           WATER
           YEAR    OCT     NOV     DEC     JAN     FEB     MAR     APR     MAY     JUN     JUL     AUG     SEP       SUM       ANN

          *1942           6890.   5970.   5040.   4180.   8190.  48620.  18050.  19220.   4340.   2320.   1840.                    
           1943   2020.   1890.   1760.   1640.   3020.  18850.  35330.  24650.  16900.   7710.   4420.   2580.   120770.   120770.
          *1944   2590.   2755.   5262.   7178.   6051.      0.      0.  34876.  36062.  22208.   1737.      0.   118719.   156089.
          *1945   2430.   2001.      0.   1793.   1906.      0.      0.  13152.  16604.  20627.  12748.   2993.    74254.   107176.
          *1946   2555.   4590.  10374.  12313.   8744.  27092.  72463.  26595.  11895.   6334.   1233.      0.   184188.   111498.
          *1947   2549.   3860.  10095.   9432.   8744.  26442.  12772.  62363.  29414.  21702.   7462.   1299.   196135.   191097.
          *1948   2489.   3791.   8794.   6802.   6051.  22220.    366.  54276.  10559.   3404.    663.      0.   119415.    95880.
          *1949   1790.   2383.   4611.   4423.   3046.   4682.  18263.  17325.  28406.  13523.   3580.     24.   102056.   118961.
          *1950   2661.   2957.   6005.   5675.   3253.  11177.   9975.  19820.  53803.  22988.   3470.   1809.   143595.   191667.
          *1951   2715.   4486.  11862.  13189.   9988.  13451.   6874.  26165.  27876.  19857.  11169.    534.   148165.   152215.
          *1952   3497.   4138.  12326.  12187.  10920.  24169.  22636.  74386.  50452.  20574.  10927.   2629.   248842.   254241.
           1953   5210.   5930.   6930.   9140.   8890.  12840.  13250.   1670.  34280.   6220.   4420.   1720.   110500.   110500.
           1954   2229.   3146.   4717.   5197.   6119.  11621.   8559.    636.    384.    499.    665.    682.    44454.    44454.
           1955   1269.   1547.   2251.   2971.   2707.   2539.   8473.    792.   5429.   2838.   2701.   1549.    35066.    35066.
           1956   1310.   2280.   8140.  10430.   7030.  35370.  23430.  28830.  30730.   4920.   2360.    590.   155420.   155420.
          *1957   1796.   2070.   3309.   3797.   3460.   4357.      0.      0.  64916.  32506.   7616.    826.   124653.   201271.
          *1958   2501.   3409.   9817.   9683.   8537.  17998.      0.  40554.   8820.   2160.   1122.      0.   104600.    93067.
          *1959   1689.   2123.   5726.   7178.   5222.   9229.    671.    874.   3279.   9070.   2638.   2192.    49891.    85829.
          *1960   3775.   4573.      0.   3296.   4289.  12801.  19331.    746.    332.   3331.   1295.    980.    54749.    67560.
          *1961   1746.   2183.   2956.   1943.   1492.      0.      0.     53.     56.     46.     30.    351.    10857.    16033.
          *1962   3615.   5494.  14557.  11686.   9469.  29041.  45261.  15362.  15168.  15753.   4080.   1309.   170796.   185857.
          *1963   2051.   1827.   2938.   1668.   3150.   3058.      0.    163.   2906.   9138.   2592.   1987.    31477.    63013.
          *1964   1998.   3756.   2473.   1668.      0.      0.      0.  15530.  46620.  15120.   2830.   1370.    91364.   130807.
          *1965   1796.   1723.   3960.   7429.   7605.  12152.      0.   7130.  62711.  52374.  26215.  10805.   193899.   275976.
          *1966   4249.   6502.  23017.  26088.  13199.  43331.  29550.  23207.    887.   4747.   2388.   1716.   178882.    91150.
          *1967   2726.   3548.  11955.  11436.   7915.  24169.      0.  12040.  53720.  40880.   6680.   2530.   177599.   213606.
          *1968   3414.   4086.   9352.  11937.  10920.  35536.      0.   8660.  58850.  23750.   6070.   2830.   175405.   200190.
          *1969   3752.   5268.  17625.  22457.  13096.  26442.  18873.  32330.  13370.  12620.   4260.   2390.   172482.   143957.
          *1970   2312.   2939.   8329.  13189.   9262.  17348.      0.   6635.  28852.  13392.   4439.   2676.   109374.   130929.
          *1971   2839.   4295.  14836.  25713.  18380.  33912.  22076.  54530.  52120.  18530.   5230.   8280.   260741.   203615.
          *1972   3189.   6502.  19205.  16070.  11127.  55348.   6772.  48840.  65580.  15820.   5490.   5550.   259493.   171625.
          *1973   3390.   5216.  17625.  18950.  11334.  29690.      0.  58020.  18950.  16320.  10370.   7040.   196906.   137616.
          *1974   3829.   5946.  18183.  23458.  14132.  49827.   3773.  61890.  44640.  17720.   5890.   2300.   251587.   175784.
          *1975   2353.   2453.   5912.  10935.   9573.  24169.      0.  17650.  46570.  46080.  10540.   5980.   182215.   203717.
          *1976   2691.   4104.  11490.  12187.   7915.   8904.   1281.  29193.  11631.   7008.   4891.   3062.   104357.    66133.
          *1977   2348.   2418.      0.   1730.   1803.      0.   6513.     54.     85.    313.    385.    464.    16113.        0.
          *1978   2075.   1758.   2938.   5800.   4911.  19297.   6366.    413.  22376.  11603.   3977.   2922.    84435.   131235.
          *1979   2051.   2070.   2659.   2795.   2010.      0.      0.   2973.   5111.   3369.   2741.   1385.    27164.    52126.
          *1980   1826.   1636.      0.   2795.   2217.      0.   4789.  70380.  38150.  18320.   5790.   1750.   147653.   120265.
          *1981   2406.   3756.   8422.   7679.   4289.   5656.  24619.   3231.  11415.  15181.   4965.   1035.    92654.   109989.
          *1982   2999.   3669.   6935.   9057.   7605.  12801.      0.  27570.  34340.  32270.  17440.   7170.   161855.   231140.
          *1983   8131.   8743.  23110.  18574.  18690.  70288.    519.  62280. 102900.  54750.  28940.  26970.   423896.   315163.
          *1984   6620.   9212.  37239.  34354.  22938.  67690.   2807.  74360.  67000.  40920.  18110.  15100.   396350.   309984.
          *1985   5790.   8170.  29152.  24961.  17965.  30665.  54871.  42610.  20760.  23530.   6580.   5760.   270814.   189241.
          *1986   3414.   5250.  15673.  14692.   9159.  73536.  24313.  83680.  73100.  27300.  13830.  12010.   355958.   348315.
          *1987   3983.   6797.  19856.  25587.  17033.  53075.  36465.  25458.  18490.  15913.   6637.   4439.   233733.   112477.
          *1988   2620.   3895.  10653.  14316.  11645.  32938.  17297.   3814.   5990.   7513.   2225.   1333.   114240.    48497.
          *1989   2175.   3200.  10560.  13690.   8330.  71912.  40380.    244.   2040.   4971.   1985.   1670.   161158.    91272.
          *1990   2270.   2627.   6005.   9683.   9988.  30015.  29347.    149.    759.   2813.   1236.    765.    95655.    75471.
          *1991   2306.   2905.   2845.   1417.   1388.      0.     63.    111.  16227.  11240.   4451.   3533.    46486.   109031.
          *1992   2572.   4920.  11862.  10434.   5118.  11827.    814.    409.   4903.   5647.   1568.    736.    60810.    23459.
          *1993   1944.   2991.   6098.   1668.      0.  12476.  13620.  28780.  46870.  23990.  10980.   4040.   153458.   198375.
          *1994   3052.   3704.   6935.  13690.   6154.  15075.   5639.   5536.   7099.   5782.   2172.   1083.    75921.    51453.
          *1995   3307.   4364.  15301.  21705.   8951.  42682.  11990.   3060.  33570.  47950.   8880.   5910.   207671.   298077.
          *1996   2886.   4173.  10467.  10935.   9780.  56972.  24840.  30800.  32000.  23420.   5930.   4890.   217094.   174418.
          *1997   2555.   4138.  11583.  14692.  10402.  43006.   9365.  58730.  53270.  26240.  12710.   9920.   256612.   220069.
          *1998   4546.   6467.  16045.  10559.   7501.  38459.  39630.  42820.  56250.  49780.  18210.  13160.   303427.   215053.
          *1999   3716.   5633.   9352.  20328.   9055.  51126.   2959.  48250.  54450.  24940.  13260.   9790.   252858.   198538.
          *2000   2969.   3687.  11304.  15569.  10506.  30665.   5647.   3511.   5044.   7684.   2083.   1879.   100547.    55347.
          *2001   2596.   3304.   6563.   4673.   5947.  16049.   3909.    691.    906.   1795.    355.   1348.    48137.    35142.
          *2002   2114.   2639.   5355.   2770.      0.      0.   1108.    112.     63.     74.     44.     12.    14290.     6811.
          *2003   3272.   3878.   1078.   1793.      0.      0.    246.    114.    503.   2296.   1045.    531.    14755.    69171.
          *2004   2146.   2362.   6795.  12438.   7128.  58109.    506.    134.    126.   1319.   1437.    487.    92988.    37036.
          *2005   2732.   4208.   7493.  11937.   9366.  19622.  13636.  29430.  36720.  24300.   3320.   1840.   164604.   191667.
          *2006   1619.   2401.   6935.  11060.   9262.  12801.   7952.   9013.  11409.   6236.   3183.   2233.    84104.   132397.
          *2007   4249.   3705.   1543.    916.   3150.  47878.  12922.   2955.   3616.   4364.   2529.   1817.    89644.    68070.
          *2008   4178.   4694.   9259.  10184.  11334.  17673.   5205.  11754.  27927.  10322.   2511.   2051.   117093.   147485.
          *2009   2318.   3183.   3309.   5550.   7605.  10203.   8590.  16449.  30432.  15164.   3207.   3727.   109736.   164469.
          *2010   3052.   2852.      0.   4047.   1492.      0.   2851.   3901.  29617.  11459.   2299.   1708.    63279.   113843.
          *2011   2964.   5424.  14464.  16696.   9573.  22545.  71850.  81560.  94570.  82090.  14660.   8260.   424656.   394761.
          *2012   3934.   5827.  10551.  20102.  12920.  59051.   9047.   2235.    307.   2428.    834.   1169.   128405.    39271.
                        10028500 BEAR RIVER BELOW PIXLEY DAM, NEAR COKEVILLE, WY                                         PAGE  4

           WATER
           YEAR    OCT     NOV     DEC     JAN     FEB     MAR     APR     MAY     JUN     JUL     AUG     SEP       SUM       ANN

          *2013   2270.   2505.   3402.   5049.   4911.  10203.   1960.    292.     52.    668.    453.    752.    32517.    60383.
          *2014   4184.   4416.   5262.   8430.   6051.   6955.   1613.    206.   1798.   7321.   6032.   4879.    57146.    95146.

           AVE.   2934.   3949.   9032.  10555.   7629.  23386.  12779.  22124.  26332.  16293.   5774.   3438.   144456.   138020.


          * DATA CORRELATED WITH STATION:     10011500 BEAR RIVER NEAR UTAH-WYOMING STATE LINE                                
          Count      72      73      73      73      73      73      73      73      73      73      73      73                  72

           NUMBER OF YEARS   72                       Linear Regression   
                                                                                                                        PAGE  5

          Correlation Coefficients           10:09:09.7          02/19/2015
                      Linear Regression   
          1 OCT  A=0.563503872E+03, B=0.592600779E+00, R=  0.771706, R*R=  0.595530
          2 NOV  A=-.175239266E+04, B=0.173767489E+01, R=  0.581002, R*R=  0.337563
          3 DEC  A=-.170485181E+05, B=0.929587302E+01, R=  0.907451, R*R=  0.823468
          4 JAN  A=-.213753647E+05, B=0.125234213E+02, R=  0.833939, R*R=  0.695455
          5 FEB  A=-.153957809E+05, B=0.103605247E+02, R=  0.801622, R*R=  0.642598
          6 MAR  A=-.641731450E+05, B=0.324786531E+02, R=  0.558735, R*R=  0.312185
          7 APR  A=-.231747410E+05, B=0.508439168E+01, R=  0.342285, R*R=  0.117159
          8 MAY  A=-.571583168E+05, B=0.215082673E+01, R=  0.655278, R*R=  0.429389
          9 JUN  A=-.259296640E+05, B=0.106041736E+01, R=  0.926976, R*R=  0.859284
         10 JUL  A=-.307818947E+04, B=0.105402736E+01, R=  0.962434, R*R=  0.926279
         11 AUG  A=-.675065343E+04, B=0.219331455E+01, R=  0.921970, R*R=  0.850028
         12 SEP  A=-.465563277E+04, B=0.182104098E+01, R=  0.896499, R*R=  0.803711
         13 ANN  A=-.145667072E+06, B=0.203889083E+01, R=  0.959802, R*R=  0.921219


         Base Station:       10011500.mon
         Correlated Station: 10028500.mon
         Print File Name:    O:\STREAMFL\MONTH\10028500.PRN
         Output/Save File:   
