

                                    10020500 BEAR RIVER NEAR WOODRUFF, UTAH                   Acre-Feet 

         YEAR     OCT      NOV      DEC      JAN      FEB      MAR      APR      MAY      JUN      JUL      AUG      SEP       ANN

         1943      50.     890.    1860.    2090.    3460.   10790.   30370.   40100.   37440.    5410.    1000.      60.   133520.
         1944     800.    1840.    2350.    2550.    2690.    2690.   31130.   64260.   59390.   12150.      70.
         1945     340.    1120.    1620.    2720.    2890.    7910.   21700.   37470.   36480.   10140.    7950.    2220.   132560.
         1946    3490.    5790.    5320.    4920.    3690.   10770.   37460.   41500.   22380.     450.      30.
         1947    1030.    4340.    5360.    4060.    3940.   24260.   14460.   58950.   54110.   11040.    2880.    1200.   185630.
         1948    2680.    4460.    5040.    5160.    4600.    6350.   35100.   58890.   26510.     370.      10.
         1949     120.    1510.    3760.    3840.    3330.    6020.   31760.   44900.   44310.    8650.     130.      90.   148420.
         1950    1800.    2860.    3460.    3300.    3850.    8140.   45020.   67380.   86210.   15600.    2470.    1590.   241680.
         1951    3180.    4810.    5050.    4390.    4600.    8530.   37780.   48840.   50260.   10740.    7000.    2040.   187220.
         1952    7500.    4800.    5700.    6000.    6000.    6200.   58700.  106200.   71800.   12200.    6100.    2200.   293400.
         1953    2270.    2240.    4100.    4610.    4080.    6350.   13040.   20540.   62090.    3590.     900.      40.   123850.
         1954     190.    1360.    3670.    4000.    3870.    4960.   12520.   24520.    5380.     650.      40.       0.    61160.
         1955      60.     420.    1800.    2640.    2400.    1580.    9510.   28740.   20530.     420.     140.       0.    68240.
         1956     210.    2010.    7800.    5980.    4830.   14500.   14880.   57090.   37330.    1310.      60.       0.   146000.
         1957      10.    1360.    2750.    2520.    2910.    5080.   16780.   42800.   97960.   23260.    1530.     670.   197630.
         1958    1930.    3930.    4200.    3740.    4220.    5800.   12110.   47760.   20150.     700.      10.       0.   104550.
         1959      70.     230.     530.    1660.    2280.    4680.   10390.   20480.   39010.    6100.     390.     830.    86650.
         1960    3620.    4740.    2010.    2380.    2830.   18010.   12920.   24280.   23150.     230.      90.      10.    94270.
         1961     310.     840.    2130.    2120.    2060.    1480.    3150.   13680.    8830.      70.     280.    1410.    36360.

         MEAN    1561.    2608.    3606.    3615.    3607.    8111.   23620.   44652.   42280.    6478.    1636.     773.   140071.

          PCT    1.11%    1.86%    2.57%    2.58%    2.58%    5.79%   16.86%   31.88%   30.18%    4.62%    1.17%    0.55%   100.00%

           SD    1924.    1775.    1819.    1322.    1005.    5679.   14657.   21810.   25101.    6587.    2554.     875.    68444.

           CV     1.23     0.68     0.50     0.37     0.28     0.70     0.62     0.49     0.59     1.02     1.56     1.13      0.49

           FILE: .\10020500                                                                      
