                        10028500 BEAR RIVER BELOW PIXLEY DAM, NEAR COKEVILLE, WY                                         PAGE  1

           WATER
           YEAR    OCT     NOV     DEC     JAN     FEB     MAR     APR     MAY     JUN     JUL     AUG     SEP       ANN

           1943   2020.   1890.   1760.   1640.   3020.  18850.  35330.  24650.  16900.   7710.   4420.   2580.   120770.
           1953   5210.   5930.   6930.   9140.   8890.  12840.  13250.   1670.  34280.   6220.   4420.   1720.   110500.
           1954   2229.   3146.   4717.   5197.   6119.  11621.   8559.    636.    384.    499.    665.    682.    44454.
           1955   1269.   1547.   2251.   2971.   2707.   2539.   8473.    792.   5429.   2838.   2701.   1549.    35066.
           1956   1310.   2280.   8140.  10430.   7030.  35370.  23430.  28830.  30730.   4920.   2360.    590.   155420.

           AVE.   2408.   2959.   4760.   5876.   5553.  16244.  17808.  11316.  17545.   4437.   2913.   1424.    93242.

           NUMBER OF YEARS    5
                        10011500 BEAR RIVER NEAR UTAH-WYOMING STATE LINE                                                 PAGE  2

           WATER
           YEAR    OCT     NOV     DEC     JAN     FEB     MAR     APR     MAY     JUN     JUL     AUG     SEP       ANN

           1943   2700.   2900.   2090.   1840.   2010.   2840.  17680.  38510.  39870.  16910.   6020.   2310.   135680.
           1944   3200.   2720.   2400.   2280.   2070.   1910.   2220.  42790.  58460.  23990.   3870.   2090.   148000.
           1945   3150.   2160.   1730.   1850.   1670.   1880.   3190.  32690.  40110.  22490.   8890.   4200.   124010.
           1946   3360.   3650.   2950.   2690.   2330.   2810.  18810.  38940.  35670.   8930.   3640.   2350.   126130.
           1947   3350.   3230.   2920.   2460.   2330.   2790.   7070.  55570.  52190.  23510.   6480.   3270.   165170.
           1948   3250.   3190.   2780.   2250.   2070.   2660.   4630.  51810.  34410.   6150.   3380.   1890.   118470.
           1949   2070.   2380.   2330.   2060.   1780.   2120.   8150.  34630.  51240.  15750.   4710.   2570.   129790.
           1950   3540.   2710.   2480.   2160.   1800.   2320.   6520.  35790.  75190.  24730.   4660.   3550.   165450.
           1951   3630.   3590.   3110.   2760.   2450.   2390.   5910.  38740.  50740.  21760.   8170.   2850.   146100.
           1952   4950.   3390.   3160.   2680.   2540.   2720.   9010.  61160.  72030.  22440.   8060.   4000.   196140.
           1953   3180.   2680.   2780.   2600.   2330.   2770.   5160.  17890.  69740.  16200.   5800.   1880.   133010.
           1954   2140.   2510.   2400.   2340.   2220.   2500.   7660.  34160.  15670.   6120.   2300.   2200.    82220.
           1955   1970.   1930.   2030.   1950.   1720.   1900.   3360.  37470.  33100.   6740.   3870.   2010.    98050.
           1956   2010.   2050.   2430.   2150.   1830.   2370.   6900.  52640.  50910.   9460.   2750.   1420.   136920.
           1957   2080.   2200.   2190.   2010.   1820.   2110.   2870.  25890.  85670.  33760.   6550.   3010.   170160.
           1958   3270.   2970.   2890.   2480.   2310.   2530.   3750.  45430.  40060.   6890.   2350.   2160.   117090.
           1959   1900.   2230.   2450.   2280.   1990.   2260.   4690.  22440.  55150.  12560.   3330.   2260.   113540.
           1960   5420.   3640.   1700.   1970.   1900.   2370.   8360.  29470.  38330.   7160.   2510.   1750.   104580.
           1961   1995.   2265.   2152.   1862.   1630.   1926.   3771.  27364.  21993.   4143.   3598.   6609.    79308.
           1962   5150.   4170.   3400.   2640.   2400.   2870.  13460.  39460.  60200.  21820.   4770.   2260.   162600.
           1963   2510.   2060.   2150.   1840.   1790.   2070.   2770.  31850.  38880.   8870.   3910.   3650.   102350.
           1964   2420.   3170.   2100.   1840.   1460.   1600.   2450.  39450.  53710.  20740.   4700.   1960.   135600.
           1965   2080.   2000.   2260.   2300.   2220.   2350.   3980.  29890.  83590.  52610.  15030.   8490.   206800.
           1966   6220.   4750.   4310.   3790.   2760.   3310.  10370.  44910.  21790.   7120.   4260.   2560.   116150.
           1967   3650.   3050.   3120.   2620.   2250.   2720.   3530.  30890.  70630.  41210.   8080.   4460.   176210.
           1968   4810.   3360.   2840.   2660.   2540.   3070.   3660.  26980.  83970.  20300.   9760.   5680.   169630.
           1969   5380.   4040.   3730.   3500.   2750.   2790.   8270.  54970.  32560.  14740.   5250.   4070.   142050.
           1970   2950.   2700.   2730.   2760.   2380.   2510.   2850.  34990.  54900.  15080.   6220.   5590.   135660.
           1971   3840.   3480.   3430.   3760.   3260.   3020.   8900.  30730.  71170.  27410.   5700.   6610.   171310.
           1972   4430.   4750.   3900.   2990.   2560.   3680.   5890.  44270.  63720.  11450.   4250.   3730.   155620.
           1973   4770.   4010.   3730.   3220.   2580.   2890.   3250.  37930.  46850.  15690.   7540.   6480.   138940.
           1974   5510.   4430.   3790.   3580.   2850.   3510.   5300.  48800.  57970.  13310.   4840.   3770.   157660.
           1975   3020.   2420.   2470.   2580.   2410.   2720.   2680.  15030.  64870.  57350.   8290.   7520.   171360.
           1976   3590.   3370.   3070.   2680.   2250.   2250.   4810.  36550.  28280.  10570.   3460.   3000.   103880.
           1977   3011.   2400.   1769.   1845.   1660.   1890.   5839.   9983.  20936.   4451.   2606.   2596.    58986.
           1978   2550.   2020.   2150.   2170.   1960.   2570.   5810.  23600.  65840.  17310.   4830.   5000.   135810.
           1979   2510.   2200.   2120.   1930.   1680.   1750.   3630.  30140.  33290.  10760.   4840.   2160.    97010.
           1980   2130.   1950.   1730.   1930.   1700.   1890.   5500.  29990.  54330.  19600.   4580.   5100.   130430.
           1981   3110.   3170.   2740.   2320.   1900.   2150.   9400.  29680.  50290.  11060.   5580.   3990.   125390.
           1982   4110.   3120.   2580.   2430.   2220.   2370.   4220.  43380.  63740.  34600.   9180.  12860.   184810.
           1983  12770.   6040.   4320.   3190.   3290.   4140.   4660.  26310.  91990.  42970.  12730.  13610.   226020.
           1984  10220.   6310.   5840.   4450.   3700.   4060.   5110.  64210.  67450.  30100.  11160.  10870.   223480.
           1985   8820.   5710.   4970.   3700.   3220.   2920.  15350.  51640.  43750.  12640.   6060.   5480.   164260.
           1986   4810.   4030.   3520.   2880.   2370.   4240.   9340.  48300. 118430.  28490.   8200.   7670.   242280.
           1987   5770.   4920.   3970.   3750.   3130.   3610.  11730.  40970.  26680.  10480.   6780.   4820.   126610.
           1988   3470.   3250.   2980.   2850.   2610.   2990.   7960.  33200.  23520.   6440.   3240.   2720.    95230.
           1989   2720.   2850.   2970.   2800.   2290.   4190.  12500.  33900.  30630.  11660.   5990.   3710.   116210.
           1990   2880.   2520.   2480.   2480.   2450.   2900.  10330.  21030.  42220.  12110.   4070.   2990.   108460.
           1991   2940.   2680.   2140.   1820.   1620.   1780.   3220.  27330.  59190.  11000.   5840.   5360.   124920.
           1992   3390.   3840.   3110.   2540.   1980.   2340.   8900.  32070.  12150.   6300.   3690.   2640.    82950.
           1993   2330.   2730.   2490.   1840.   1420.   2360.   4290.  55330.  58860.  23550.   8470.   5070.   168740.
           1994   4200.   3140.   2580.   2800.   2080.   2440.   7830.  37070.  21070.   7050.   3620.   2800.    96680.
           1995   4630.   3520.   3480.   3440.   2350.   3290.   4470.  21030.  86020.  67920.  11320.   6170.   217640.
           1996   3920.   3410.   2960.   2580.   2430.   3730.   5660.  45180.  64290.  12850.   4680.   5300.   156990.
           1997   3360.   3390.   3080.   2880.   2490.   3300.   6400.  55840.  70080.  14190.   6470.   7900.   179380.
           1998   6720.   4730.   3560.   2550.   2210.   3160.   6030.  32260.  54600.  43740.  10440.   6920.   176920.
           1999   5320.   4250.   2840.   3330.   2360.   3550.   5140.  34920.  72980.  21270.   7200.   5660.   168820.
           2000   4060.   3130.   3050.   2950.   2500.   2920.   8070.  37760.  18400.   8120.   3610.   4020.    98590.
           2001   3430.   2910.   2540.   2080.   2060.   2470.   6080.  39970.  14830.   6830.   3160.   2320.    88680.
           2002   2616.   2527.   2410.   1928.   1468.   1876.   6071.  26218.  17760.   6024.   1908.   3979.    74785.
           2003   4570.   3240.   1950.   1850.   1170.   1770.   7540.  37280.  28680.   9440.   4280.   3600.   105370.
           2004   2670.   2368.   2565.   2700.   2174.   3765.   8525.  24587.  20809.  11234.   5064.   3148.    89609.
           2005   3660.   3430.   2640.   2660.   2390.   2580.   7240.  49790.  56970.  22900.   6460.   4730.   165450.
           2006   2540.   2390.   2580.   2590.   2380.   2370.   7900.  51830.  40670.  10470.   5720.   4940.   136380.
           2007   9240.   4500.   2000.   1780.   1790.   3450.  10050.  41420.  16420.   7230.   3130.   3820.   104830.
           2008   6100.   3710.   2830.   2520.   2580.   2520.   3120.  36520.  59720.  15100.   4650.   4410.   143780.
           2009   2960.   2840.   2190.   2150.   2220.   2290.   7590.  55320.  47160.  16720.   5040.   5630.   152110.
           2010   4200.   2650.   1720.   2030.   1630.   1670.   5120.  18300.  63960.  14250.   7260.   4490.   127280.
           2011   4050.   4130.   3390.   3040.   2410.   2670.   5210.  29110. 108180.  84320.  11460.   7090.   265060.
           2012   5687.   4362.   2969.   3312.   2733.   3794.  12502.  29026.  12551.   6974.   3463.   3332.    90705.
           2013   2880.   2450.   2200.   2110.   1960.   2290.   3750.  35670.  29210.   8980.   3630.   5930.   101060.

          +AVE.   2400.   2414.   2346.   2176.   2022.   2476.   8152.  36134.  41858.  11086.   4148.   1964.   117176.


          +   AVE. GIVEN FOR YEARS OF CONCURRENT DATA WITH CORRELATED STATION
                        10028500 BEAR RIVER BELOW PIXLEY DAM, NEAR COKEVILLE, WY                                         PAGE  3

           R      0.943   0.647   0.907   0.834   0.802   0.559   0.930   0.846   0.973   0.960   0.977   0.762               0.960
           A   -.50E+04-.74E+04-.17E+05-.21E+05-.15E+05-.64E+050.96E+03-.30E+05-.14E+05-.17E+04-.91E+03-.32E+04          -0.146E+06
           B   0.31E+010.43E+010.93E+010.13E+020.10E+020.32E+020.21E+010.11E+010.74E+000.55E+000.92E+000.24E+01           0.204E+01

           WATER
           YEAR    OCT     NOV     DEC     JAN     FEB     MAR     APR     MAY     JUN     JUL     AUG     SEP       SUM       ANN

           1943   2020.   1890.   1760.   1640.   3020.  18850.  35330.  24650.  16900.   7710.   4420.   2580.   120770.   120770.
          *1944   4880.   4266.   5262.   7178.   6051.      0.   5545.  18908.  29867.  11540.   2657.   1722.    97875.   156089.
          *1945   4726.   1874.      0.   1793.   1906.      0.   7551.   7387.  16247.  10714.   7289.   6710.    66197.   107176.
          *1946   5375.   8238.  10374.  12313.   8744.  27092.  39841.  14517.  12952.   3251.   2444.   2337.   147477.   111498.
          *1947   5344.   6444.  10095.   9432.   8744.  26442.  15572.  33487.  25213.  11275.   5065.   4512.   161626.   191097.
          *1948   5035.   6273.   8794.   6802.   6051.  22220.  10528.  29198.  12017.   1721.   2204.   1249.   112091.    95880.
          *1949   1388.   2813.   4611.   4423.   3046.   4682.  17804.   9600.  24508.   7004.   3432.   2857.    86168.   118961.
          *1950   5931.   4223.   6005.   5675.   3253.  11177.  14435.  10923.  42284.  11947.   3386.   5174.   124413.   191667.
          *1951   6209.   7982.  11862.  13189.   9988.  13451.  13174.  14288.  24137.  10312.   6625.   3519.   134735.   152215.
          *1952  10289.   7127.  12326.  12187.  10920.  24169.  19582.  39864.  39939.  10686.   6523.   6238.   199851.   254241.
           1953   5210.   5930.   6930.   9140.   8890.  12840.  13250.   1670.  34280.   6220.   4420.   1720.   110500.   110500.
           1954   2229.   3146.   4717.   5197.   6119.  11621.   8559.    636.    384.    499.    665.    682.    44454.    44454.
           1955   1269.   1547.   2251.   2971.   2707.   2539.   8473.    792.   5429.   2838.   2701.   1549.    35066.    35066.
           1956   1310.   2280.   8140.  10430.   7030.  35370.  23430.  28830.  30730.   4920.   2360.    590.   155420.   155420.
          *1957   1419.   2045.   3309.   3797.   3460.   4357.   6889.      0.  50062.  16917.   5130.   3897.   101281.   201271.
          *1958   5097.   5333.   9817.   9683.   8537.  17998.   8708.  21920.  16210.   2128.   1254.   1888.   108572.    93067.
          *1959    862.   2173.   5726.   7178.   5222.   9229.  10652.      0.  27410.   5249.   2158.   2124.    77982.    85829.
          *1960  11742.   8195.      0.   3296.   4289.  12801.  18238.   3714.  14926.   2277.   1402.    918.    81798.    67560.
          *1961   1156.   2322.   2956.   1943.   1492.      0.   8752.   1311.   2801.    616.   2406.  12406.    38160.    16033.
          *1962  10907.  10459.  14557.  11686.   9469.  29041.  28781.  15110.  31158.  10345.   3487.   2124.   177126.   185857.
          *1963   2748.   1447.   2938.   1668.   3150.   3058.   6682.   6429.  15334.   3218.   2694.   5410.    54774.    63013.
          *1964   2469.   6188.   2473.   1668.      0.      0.   6021.  15098.  26341.   9751.   3423.   1415.    74846.   130807.
          *1965   1419.   1190.   3960.   7429.   7605.  12152.   9184.   4193.  48518.  27291.  12955.  16853.   152748.   275976.
          *1966  14214.  12936.  23017.  26088.  13199.  43331.  22394.  21327.   2650.   2255.   3017.   2833.   187261.    91150.
          *1967   6271.   5675.  11955.  11436.   7915.  24169.   8254.   5334.  38899.  21017.   6542.   7325.   154791.   213606.
          *1968   9856.   6999.   9352.  11937.  10920.  35536.   8522.    873.  48801.   9509.   8092.  10209.   170607.   200190.
          *1969  11618.   9904.  17625.  22457.  13096.  26442.  18052.  32803.  10644.   6448.   3930.   6403.   179422.   143957.
          *1970   4108.   4180.   8329.  13189.   9262.  17348.   6848.  10011.  27224.   6636.   4825.   9997.   121957.   130929.
          *1971   6858.   7512.  14836.  25713.  18380.  33912.  19355.   5151.  39300.  13422.   4345.  12408.   201192.   203615.
          *1972   8682.  12936.  19205.  16070.  11127.  55348.  13132.  20597.  33771.   4638.   3007.   5599.   204113.   171625.
          *1973   9733.   9776.  17625.  18950.  11334.  29690.   7675.  13364.  21250.   6971.   6043.  12101.   164512.   137616.
          *1974  12020.  11570.  18183.  23458.  14132.  49827.  11913.  25764.  29503.   5661.   3552.   5694.   211276.   175784.
          *1975   4324.   2984.   5912.  10935.   9573.  24169.   6496.      0.  34624.  29900.   6735.  14559.   150213.   203717.
          *1976   6086.   7042.  11490.  12187.   7915.   8904.  10900.  11790.   7467.   4153.   2278.   3873.    94086.    66133.
          *1977   4296.   2899.      0.   1730.   1803.      0.  13027.      0.   2016.    786.   1490.   2918.    30965.        0.
          *1978   2871.   1276.   2938.   5800.   4911.  19297.  12967.      0.  35344.   7863.   3543.   8602.   105411.   131235.
          *1979   2748.   2045.   2659.   2795.   2010.      0.   8460.   4478.  11185.   4258.   3552.   1888.    46077.    52126.
          *1980   1573.    977.      0.   2795.   2217.      0.  12326.   4307.  26801.   9123.   3312.   8838.    72269.   120265.
          *1981   4602.   6188.   8422.   7679.   4289.   5656.  20388.   3953.  23803.   4423.   4235.   6214.    99852.   109989.
          *1982   7693.   5974.   6935.   9057.   7605.  12801.   9680.  19581.  33786.  17379.   7557.  27184.   165231.   231140.
          *1983  34459.  18446.  23110.  18574.  18690.  70288.  10590.    109.  54753.  21986.  10833.  28957.   310795.   315163.
          *1984  26577.  19600.  37239.  34354.  22938.  67690.  11520.  43343.  36539.  14902.   9384.  22479.   346566.   309984.
          *1985  22250.  17037.  29152.  24961.  17965.  30665.  32689.  29004.  18949.   5293.   4678.   9737.   242378.   189241.
          *1986   9856.   9861.  15673.  14692.   9159.  73536.  20264.  25194.  74377.  14016.   6652.  14914.   288195.   348315.
          *1987  12823.  13663.  19856.  25587.  17033.  53075.  25205.  16832.   6279.   4104.   5342.   8176.   207976.   112477.
          *1988   5715.   6529.  10653.  14316.  11645.  32938.  17411.   7969.   3934.   1880.   2075.   3211.   118278.    48497.
          *1989   3397.   4821.  10560.  13690.   8330.  71912.  26797.   8767.   9211.   4753.   4613.   5552.   172404.    91272.
          *1990   3891.   3411.   6005.   9683.   9988.  30015.  22311.      0.  17813.   5001.   2841.   3850.   114809.    75471.
          *1991   4077.   4095.   2845.   1417.   1388.      0.   7613.   1273.  30409.   4390.   4475.   9453.    71433.   109031.
          *1992   5467.   9050.  11862.  10434.   5118.  11827.  19355.   6680.      0.   1803.   2491.   3022.    87108.    23459.
          *1993   2191.   4308.   6098.   1668.      0.  12476.   9825.  33213.  30164.  11297.   6902.   8767.   126910.   198375.
          *1994   7971.   6060.   6935.  13690.   6154.  15075.  17143.  12383.   2116.   2216.   2426.   3401.    95569.    51453.
          *1995   9300.   7683.  15301.  21705.   8951.  42682.  10197.      0.  50322.  35718.   9531.  11368.   222758.   298077.
          *1996   7106.   7213.  10467.  10935.   9780.  56972.  12657.  21635.  34194.   5408.   3404.   9311.   189082.   174418.
          *1997   5375.   7127.  11583.  14692.  10402.  43006.  14187.  33795.  38491.   6146.   5056.  15458.   205318.   220069.
          *1998  15760.  12851.  16045.  10559.   7501.  38459.  13422.   6896.  27002.  22410.   8719.  13141.   192765.   215053.
          *1999  11433.  10801.   9352.  20328.   9055.  51126.  11582.   9931.  40644.  10042.   5730.  10162.   200184.   198538.
          *2000   7538.   6017.  11304.  15569.  10506.  30665.  17639.  13170.    134.   2805.   2417.   6285.   124048.    55347.
          *2001   5591.   5077.   6563.   4673.   5947.  16049.  13525.  15691.      0.   2095.   2001.   2266.    79479.    35142.
          *2002   3075.   3441.   5355.   2770.      0.      0.  13506.      4.      0.   1651.    846.   6188.    36837.     6811.
          *2003   9115.   6487.   1078.   1793.      0.      0.  16543.  12623.   7764.   3531.   3035.   5292.    67261.    69171.
          *2004   3242.   2762.   6795.  12438.   7128.  58109.  18579.      0.   1922.   4519.   3758.   4223.   123476.    37036.
          *2005   6302.   7298.   7493.  11937.   9366.  19622.  15923.  26894.  28761.  10940.   5047.   7963.   157545.   191667.
          *2006   2840.   2856.   6935.  11060.   9262.  12801.  17287.  29221.  16663.   4098.   4364.   8460.   125848.   132397.
          *2007  23548.  11869.   1543.    916.   3150.  47878.  21732.  17346.      0.   2315.   1974.   5812.   138083.    68070.
          *2008  13843.   8494.   9259.  10184.  11334.  17673.   7406.  11756.  30802.   6647.   3376.   7207.   137981.   147485.
          *2009   4138.   4778.   3309.   5550.   7605.  10203.  16647.  33202.  21480.   7538.   3736.  10091.   128278.   164469.
          *2010   7971.   3967.      0.   4047.   1492.      0.  11540.      0.  33949.   6179.   5785.   7396.    82326.   113843.
          *2011   7507.  10288.  14464.  16696.   9573.  22545.  11727.   3303.  66769.  44744.   9661.  13543.   230820.   394761.
          *2012  12567.  11279.  10551.  20102.  12920.  59051.  26801.   3207.      0.   2174.   2281.   4658.   165591.    39271.
          *2013   3891.   3112.   3402.   5049.   4911.  10203.   8708.  10786.   8157.   3278.   2435.  10800.    74734.    60383.

           AVE.   7259.   6543.   9129.  10663.   7700.  23832.  14756.  12903.  23469.   8546.   4381.   7271.   136451.   138624.


          * DATA CORRELATED WITH STATION:     10011500 BEAR RIVER NEAR UTAH-WYOMING STATE LINE                                

           NUMBER OF YEARS   71                       Linear Regression   
                                                                                                                        PAGE  4

          Correlation Coefficients           16:42:34.5          02/18/2015
                      Linear Regression   
          1 OCT  A=-.501021615E+04, B=0.309075673E+01, R=  0.943334, R*R=  0.889879
          2 NOV  A=-.735238449E+04, B=0.427132746E+01, R=  0.646522, R*R=  0.417991
          3 DEC  A=-.170485181E+05, B=0.929587302E+01, R=  0.907451, R*R=  0.823468
          4 JAN  A=-.213753647E+05, B=0.125234213E+02, R=  0.833939, R*R=  0.695455
          5 FEB  A=-.153957809E+05, B=0.103605247E+02, R=  0.801622, R*R=  0.642598
          6 MAR  A=-.641731450E+05, B=0.324786531E+02, R=  0.558735, R*R=  0.312185
          7 APR  A=0.956137183E+03, B=0.206725501E+01, R=  0.930452, R*R=  0.865741
          8 MAY  A=-.299038971E+05, B=0.114073994E+01, R=  0.846282, R*R=  0.716194
          9 JUN  A=-.135227964E+05, B=0.742209288E+00, R=  0.973150, R*R=  0.947021
         10 JUL  A=-.166411641E+04, B=0.550380337E+00, R=  0.959996, R*R=  0.921592
         11 AUG  A=-.914554664E+03, B=0.922795242E+00, R=  0.977408, R*R=  0.955327
         12 SEP  A=-.321896632E+04, B=0.236413764E+01, R=  0.761899, R*R=  0.580490
         13 ANN  A=-.145667072E+06, B=0.203889083E+01, R=  0.959802, R*R=  0.921219


         Base Station:       10011500.MON
         Correlated Station: 10028500.MON
         Print File Name:    O:\STREAMFL\MONTH\10028500corr.prn
         Output/Save File:   
