                        USGS 10027000 TWIN CREEK AT SAGE, WY                                                             PAGE  1

           WATER
           YEAR    OCT     NOV     DEC     JAN     FEB     MAR     APR     MAY     JUN     JUL     AUG     SEP       ANN

           1944    516.    385.    307.    277.    201.   1123.  10427.   1968.   4550.    433.    305.    275.    20767.
           1945    457.    352.    215.    245.    369.   2259.   1758.    590.    862.    312.   1384.    294.     9097.
           1946    371.    322.    307.    307.    319.   4147.   5078.   2249.    717.    368.    591.    485.    15263.
           1947    620.    582.    503.    307.    868.   7791.   1708.   1716.   2114.    589.    741.    682.    18221.
           1948    676.    456.    401.    377.    266.   1746.   5403.   2890.   1436.    506.    392.    273.    14822.
           1949    584.    509.    476.    445.    374.    992.   2134.   1541.   1403.    684.    299.    264.     9705.
           1950    551.    549.    492.    448.    615.   1392.   8604.   7771.   4441.   1712.    994.    721.    28291.
           1951    782.    996.    663.    492.    599.   4461.   7089.   3243.   1563.    697.    461.    447.    21492.
           1952    617.    520.    426.    411.    422.    575.   6073.   6416.   2622.   1410.    950.    751.    21194.
           1953    556.    573.    553.    656.    585.   1620.   1069.    611.    428.    227.    174.    209.     7262.
           1954    300.    346.    336.    329.    384.    589.   1274.    491.    411.    250.    168.    167.     5045.
           1955    241.    368.    254.    267.    253.    335.   2351.   1374.   1291.    420.    276.    192.     7624.
           1956    273.    396.   1318.    746.    469.   6189.   2450.   2142.    760.    396.    295.    197.    15631.
           1957    403.    374.    371.    327.    546.    741.   1101.   1793.    960.    451.    271.    281.     7619.
           1958    367.    448.    348.    285.    417.    557.   3041.   2503.   1020.    395.    360.    341.    10081.
           1959    391.    459.    472.    440.    414.   1121.   3051.   1002.    372.    306.    389.    633.     9050.
           1960    436.    520.    378.    307.    330.   4780.   1278.    601.    452.    308.    228.    145.     9763.
           1961    202.    297.    220.    204.    212.   1119.    747.    342.    237.    176.    242.    413.     4412.
           1962    201.    159.    184.    260.   1841.   1103.  10699.   2642.   1021.    407.    331.    221.    19069.
           1977    509.    534.    445.    368.    410.    452.    828.    417.    305.    262.    287.    271.     5086.
           1978    287.    309.    309.    260.    242.   3178.   2118.   2896.   1742.    530.    348.    488.    12707.
           1979    356.    324.    304.    320.    360.    974.   3558.   1974.   1248.    564.    470.    317.    10768.
           1980    345.    374.    430.    491.    519.    893.  15124.   9136.   3108.   1416.   1083.    885.    33804.
           1981    867.    781.    588.    456.    542.    885.    643.    721.    454.    320.    192.    188.     6636.

           AVE.    454.    455.    429.    376.    482.   2043.   4067.   2376.   1396.    548.    468.    381.    13475.

           NUMBER OF YEARS   24
                        USGS 10032000 SMITHS FORK NEAR BORDER, WY                                                        PAGE  2

           WATER
           YEAR    OCT     NOV     DEC     JAN     FEB     MAR     APR     MAY     JUN     JUL     AUG     SEP       ANN

           1943   4215.   4106.   3935.   3689.   3332.   3483.  19404.  37795.  40066.  23357.  11482.   7307.   162171.
           1944   6317.   5092.   4673.   4304.   3570.   3497.   6182.  20176.  31597.  15064.   8335.   5990.   114797.
           1945   4856.   4241.   4118.   3780.   3106.   3136.   4195.  25361.  35443.  19434.  10151.   7172.   124993.
           1946   5484.   4729.   4372.   4096.   3689.   4830.  22929.  34463.  29308.  13692.   8438.   6351.   142381.
           1947   5905.   4740.   4485.   3739.   3519.   4338.  10239.  48367.  38214.  19273.  11028.   7109.   160956.
           1948   6121.   4927.   4671.   4114.   3729.   3650.   8081.  41187.  33773.  14087.   8372.   5923.   138635.
           1949   5322.   4526.   4328.   3997.   3332.   3723.  11328.  33241.  29486.  13837.   8087.   5835.   127042.
           1950   5316.   4173.   3959.   3667.   3245.   3570.  11462.  38003.  55567.  28270.  11940.   7539.   176711.
           1951   6153.   5109.   4461.   4136.   3838.   3907.  17538.  50394.  41228.  21598.  11516.   7127.   177005.
           1952   6349.   4915.   4725.   3997.   3390.   3568.  13410.  46885.  35524.  15459.   8904.   6040.   153166.
           1953   5143.   4417.   4241.   4134.   3372.   3782.   7904.  17359.  39156.  18879.   9408.   5913.   123708.
           1954   4977.   4286.   4145.   3699.   3402.   3624.   8382.  32128.  21525.  13226.   7613.   5732.   112739.
           1955   5090.   4247.   3975.   3729.   3055.   3247.   5002.  21106.  25948.  12948.   7777.   5312.   101436.
           1956   4814.   4264.   4834.   4328.   3669.   4098.  19440.  49767.  48617.  18216.   9465.   6339.   177851.
           1957   5762.   4800.   4407.   4110.   3427.   3652.   5219.  42879.  55690.  25000.  11774.   7456.   174176.
           1958   6155.   5074.   4814.   4489.   3888.   4060.   5387.  42470.  35879.  14295.   8049.   5984.   140544.
           1959   5070.   4625.   4298.   4126.   3412.   3711.   6595.  18260.  28270.  13513.   7684.   5708.   105272.
           1960   5994.   4988.   4463.   3644.   3517.   4003.  10701.  25710.  23447.  10865.   6869.   5441.   109642.
           1961   4917.   4199.   3965.   3689.   3507.   3870.   5587.  13819.  13204.   6895.   5115.   4318.    73085.
           1962   4147.   3812.   3832.   3566.   3548.   3687.  20428.  44600.  40163.  19906.   9969.   6512.   164170.
           1963   5524.   4493.   4288.   3689.   3687.   3941.   5423.  26799.  32031.  15358.   9031.   6470.   120734.
           1964   5034.   4774.   4437.   4304.   3739.   3949.   5704.  37827.  43795.  20295.   9511.   6149.   149518.
           1965   5252.   4649.   4812.   4447.   3749.   3947.  10592.  37472.  60476.  32777.  13410.   8880.   190463.
           1966   6534.   5318.   4649.   4249.   3598.   4104.   9703.  26890.  18823.   9554.   6333.   5286.   105041.
           1967   4544.   3959.   3911.   3743.   3100.   3475.   5363.  30444.  53500.  25870.  11883.   7432.   157224.
           1968   6119.   4838.   4919.   4510.   3689.   3965.   5163.  18599.  35383.  16832.   9697.   6662.   120376.
           1969   5897.   4990.   4941.   4540.   3652.   3628.  13728.  46032.  26164.  13208.   8005.   5946.   140731.
           1970   5379.   4534.   4336.   4272.   3606.   3661.   4072.  26420.  39909.  17923.   9356.   6639.   130107.
           1971   5613.   4915.   4659.   4594.   3808.   4062.   9642.  54522.  76459.  34036.  14539.   8985.   225834.
           1972   7498.   5657.   4961.   4304.   4028.   4998.  11143.  53107.  63794.  25599.  12867.   8285.   206241.
           1973   6770.   5474.   4903.   4393.   3416.   3594.   4717.  28802.  25486.  12992.   7813.   6113.   114473.
           1974   5024.   4453.   4019.   3949.   3265.   3475.  10473.  43154.  51203.  19033.  10683.   6577.   165308.
           1975   5222.   4451.   4104.   3989.   3302.   3146.   3487.  21110.  50559.  37000.  13547.   8180.   158097.
           1976   6532.   5119.   4038.   3794.   2930.   3219.   9743.  48008.  39660.  19791.  10673.   6764.   160271.
           1977   5824.   4518.   3681.   3689.   3558.   3459.   4675.   6095.   5722.   3774.   3388.   3098.    51483.
           1978   3134.   3015.   3160.   3166.   2684.   3158.  11500.  40578.  57896.  29762.  12365.   8146.   178564.
           1979   6079.   4669.   4348.   3693.   3332.   3648.   6200.  30020.  27521.  13267.   7690.   5230.   115697.
           1980   5066.   4179.   3622.   4026.   3231.   3112.  10316.  45166.  41657.  19295.  10165.   6811.   156646.
           1981   5750.   4445.   3913.   3586.   3273.   3755.   6337.  15562.  18754.   9253.   6097.   4296.    85021.
           1982   4673.   3973.   4019.   3263.   3084.   3715.   6912.  58782.  54879.  30284.  13490.   9429.   196503.
           1983   8263.   6349.   5437.   5226.   3896.   4066.   5603.  36426.  72393.  34516.  14866.   9207.   206248.
           1984   7874.   6541.   4925.   4949.   4760.   5183.   7755.  51431.  55168.  28151.  13940.   9049.   199726.
           1985   7670.   6571.   4929.   3386.   3041.   4304.  15765.  33053.  21142.  11812.   8487.   6797.   126957.
           1986   6157.   6752.   5318.   3862.   3195.   6113.  19127.  48801.  81955.  30902.  12343.   9874.   234399.
           1987   9606.   5857.   4699.   4346.   3535.   4011.   8983.  17992.  12286.   8259.   6857.   4842.    91273.
           1988   4812.   4215.   2977.   2465.   2192.   2432.  10217.  24871.  18228.   9130.   5863.   4705.    92107.
           1989   4308.   3963.   3519.   3525.   3203.   3667.  13920.  28514.  25085.  13069.   7549.   5784.   116106.
           1990   5032.   4225.   3884.   3896.   3293.   4566.  12252.  17044.  18268.  10290.   6976.   4758.    94484.
           1991   5123.   4215.   3408.   2886.   3084.   3106.   6256.  21245.  33211.  13446.   7989.   5976.   109945.
           1992   5092.   4548.   4352.   3828.   3265.   4588.   8997.  17268.  10796.   6902.   5004.   4072.    78712.
           1993   3737.   3491.   3675.   3180.   2588.   4937.   9203.  43841.  43821.  21146.  10731.   6922.   157272.
           1994   6050.   4112.   3652.   3414.   3604.   4118.   8047.  17453.  11012.   5615.   4473.   4153.    75703.
           1995   3798.   3088.   2787.   2971.   3253.   3947.   7010.  23919.  44001.  27291.  12038.   7089.   141192.
           1996   5460.   4241.   4151.   4007.   4368.   3939.  11250.  38176.  55382.  20368.  10151.   6863.   168356.
           1997   5827.   4992.   5361.   5008.   3959.   4485.  10229.  65921.  61714.  23474.  11554.   7285.   209809.
           1998   6099.   4893.   4818.   4423.   3642.   4098.   7188.  31382.  37823.  22451.  10340.   6942.   144099.
           1999   5968.   4647.   3979.   3858.   3382.   3937.   8761.  35960.  60228.  28314.  12232.   7890.   179156.
           2000   6395.   5468.   4701.   4324.   3820.   4247.   9820.  24518.  21582.  10072.   6651.   5476.   107074.
           2001   5107.   4278.   3888.   3336.   2896.   3729.   6678.  16381.  11042.   6222.   4610.   3953.    72120.
           2002   3594.   3427.   2555.   2608.   2305.   2598.   6859.  14719.  16955.   8271.   5621.   4360.    73872.
           2003   3834.   3259.   3007.   2765.   1928.   3072.   8586.  19240.  18244.   8717.   5861.   4707.    83220.
           2004   3923.   3679.   3989.   4102.   3251.   4342.  10830.  15713.  18881.  10334.   6807.   5298.    91149.
           2005   4885.   4633.   4233.   4262.   3463.   3542.  12464.  41867.  37440.  17837.   9356.   6397.   150379.
           2006   5514.   4737.   4191.   4034.   3366.   3197.  12353.  40687.  28161.  11226.   7129.   5437.   130032.
           2007   5042.   4477.   4259.   3578.   3027.   4290.   8856.  19079.  13081.   7281.   5185.   4423.    82578.
           2008   4346.   3521.   2626.   2444.   2428.   2592.   3656.  21782.  33120.  20467.   9299.   6208.   112489.
           2009   5399.   5161.   4342.   3989.   3059.   3860.   8616.  34520.  48627.  22120.  11671.   7432.   158796.
           2010   6649.   5109.   4284.   3669.   3158.   3380.   6722.  13079.  32525.  15537.   8965.   6309.   109386.
           2011   5548.   4889.   4635.   4330.   3578.   3713.   6444.  35752.  65562.  47907.  17236.  10032.   209626.
           2012   7813.   5869.   4290.   4528.   3697.   4499.  11359.  20106.  18127.  10247.   6623.   5411.   102569.
           2013   5151.   4340.   3610.   3076.   2902.   3421.   6139.  20811.  17671.   9187.   6058.   4865.    87231.
           2014   4627.   3745.   2654.   2454.   2719.   3207.   9164.  36309.  39900.  18670.  11034.   7617.   142100.

          +AVE.   5406.   4500.   4229.   3896.   3429.   3712.   9960.  32650.  33900.  16242.   8758.   6058.   132738.


          +   AVE. GIVEN FOR YEARS OF CONCURRENT DATA WITH CORRELATED STATION
                        USGS 10027000 TWIN CREEK AT SAGE, WY                                                             PAGE  3

           R      0.758   0.665   0.586   0.644   0.391   0.750   0.608   0.750   0.670   0.678   0.646   0.626               0.795
           A   -.82E+03-.12E+04-.19E+04-.13E+04-.38E+04-.17E+05-.31E+04-.34E+04-.18E+04-.51E+03-.83E+03-.74E+03          -0.152E+05
           B   0.24E+000.36E+000.55E+000.43E+000.12E+010.52E+010.72E+000.18E+000.93E-010.65E-010.15E+000.19E+00           0.216E+00

           WATER
           YEAR    OCT     NOV     DEC     JAN     FEB     MAR     APR     MAY     JUN     JUL     AUG     SEP       SUM       ANN

          *1943    174.    312.    269.    288.    361.    861.  10830.   3281.   1970.   1011.    873.    612.    20841.    19839.
           1944    516.    385.    307.    277.    201.   1123.  10427.   1968.   4550.    433.    305.    275.    20767.    20767.
           1945    457.    352.    215.    245.    369.   2259.   1758.    590.    862.    312.   1384.    294.     9097.     9097.
           1946    371.    322.    307.    307.    319.   4147.   5078.   2249.    717.    368.    591.    485.    15263.    15263.
           1947    620.    582.    503.    307.    868.   7791.   1708.   1716.   2114.    589.    741.    682.    18221.    18221.
           1948    676.    456.    401.    377.    266.   1746.   5403.   2890.   1436.    506.    392.    273.    14822.    14822.
           1949    584.    509.    476.    445.    374.    992.   2134.   1541.   1403.    684.    299.    264.     9705.     9705.
           1950    551.    549.    492.    448.    615.   1392.   8604.   7771.   4441.   1712.    994.    721.    28291.    28291.
           1951    782.    996.    663.    492.    599.   4461.   7089.   3243.   1563.    697.    461.    447.    21492.    21492.
           1952    617.    520.    426.    411.    422.    575.   6073.   6416.   2622.   1410.    950.    751.    21194.    21194.
           1953    556.    573.    553.    656.    585.   1620.   1069.    611.    428.    227.    174.    209.     7262.     7262.
           1954    300.    346.    336.    329.    384.    589.   1274.    491.    411.    250.    168.    167.     5045.     5045.
           1955    241.    368.    254.    267.    253.    335.   2351.   1374.   1291.    420.    276.    192.     7624.     7624.
           1956    273.    396.   1318.    746.    469.   6189.   2450.   2142.    760.    396.    295.    197.    15631.    15631.
           1957    403.    374.    371.    327.    546.    741.   1101.   1793.    960.    451.    271.    281.     7619.     7619.
           1958    367.    448.    348.    285.    417.    557.   3041.   2503.   1020.    395.    360.    341.    10081.    10081.
           1959    391.    459.    472.    440.    414.   1121.   3051.   1002.    372.    306.    389.    633.     9050.     9050.
           1960    436.    520.    378.    307.    330.   4780.   1278.    601.    452.    308.    228.    145.     9763.     9763.
           1961    202.    297.    220.    204.    212.   1119.    747.    342.    237.    176.    242.    413.     4412.     4412.
           1962    201.    159.    184.    260.   1841.   1103.  10699.   2642.   1021.    407.    331.    221.    19069.    19069.
          *1963    482.    453.    462.    288.    804.   3225.    818.   1348.   1223.    490.    508.    457.    10558.    10880.
          *1964    367.    555.    543.    551.    869.   3267.   1019.   3286.   2317.    811.    580.    398.    14562.    17103.
          *1965    418.    510.    748.    612.    881.   3256.   4520.   3224.   3869.   1624.   1159.    904.    21724.    25956.
          *1966    720.    753.    659.    527.    693.   4067.   3883.   1364.      0.    112.    108.    238.    13122.     7487.
          *1967    251.    259.    256.    311.     71.    820.    775.   1988.   3220.   1174.    932.    636.    10694.    18769.
          *1968    622.    578.    806.    639.    806.   3349.    632.      0.   1535.    586.    607.    493.    10654.    10802.
          *1969    570.    634.    818.    652.    760.   1610.   6765.   4728.    677.    350.    356.    360.    18280.    15203.
          *1970    448.    468.    488.    537.    703.   1780.      0.   1281.   1956.    657.    557.    489.     9362.    12906.
          *1971    503.    606.    664.    675.    955.   3850.   3839.   6221.   5356.   1706.   1327.    924.    26625.    33604.
          *1972    947.    876.    829.    551.   1229.   8681.   4914.   5972.   4178.   1157.   1078.    794.    31206.    29368.
          *1973    776.    810.    797.    589.    466.   1434.    313.   1700.    614.    336.    328.    391.     8552.     9526.
          *1974    364.    438.    315.    399.    277.    820.   4434.   4223.   3006.    729.    754.    477.    16237.    20517.
          *1975    411.    438.    361.    416.    323.      0.      0.    348.   2946.   1899.   1179.    774.     9096.    18958.
          *1976    720.    681.    325.    333.      0.      0.   3912.   5076.   1932.    779.    752.    512.    15020.    19428.
           1977    509.    534.    445.    368.    410.    452.    828.    417.    305.    262.    287.    271.     5086.     5086.
           1978    287.    309.    309.    260.    242.   3178.   2118.   2896.   1742.    530.    348.    488.    12707.    12707.
           1979    356.    324.    304.    320.    360.    974.   3558.   1974.   1248.    564.    470.    317.    10768.    10768.
           1980    345.    374.    430.    491.    519.    893.  15124.   9136.   3108.   1416.   1083.    885.    33804.    33804.
           1981    867.    781.    588.    456.    542.    885.    643.    721.    454.    320.    192.    188.     6636.     6636.
          *1982    282.    264.    315.    105.     51.   2059.   1884.   6970.   3348.   1462.   1171.   1006.    18917.    27262.
          *1983   1127.   1128.   1089.    945.   1064.   3871.    947.   3040.   4978.   1737.   1375.    965.    22266.    29369.
          *1984   1036.   1198.    809.    826.   2143.   9636.   2488.   5677.   3375.   1323.   1238.    935.    30685.    27959.
          *1985    988.   1208.    811.    158.      0.   5099.   8224.   2447.    210.    259.    428.    518.    20350.    12225.
          *1986    631.   1274.   1024.    362.    190.  14437.  10631.   5215.   5867.   1502.   1000.   1088.    43223.    35456.
          *1987   1444.    949.    686.    569.    614.   3587.   3367.      0.      0.     28.    186.    155.    11584.     4510.
          *1988    314.    352.      0.      0.      0.      0.   4251.   1009.      0.     84.     38.    130.     6179.     4690.
          *1989    196.    260.     42.    217.    200.   1811.   6903.   1649.    576.    341.    288.    330.    12814.     9879.
          *1990    366.    356.    241.    376.    312.   6451.   5708.      0.      0.    160.    203.    140.    14314.     5204.
          *1991    388.    352.      0.      0.     51.      0.   1415.    372.   1332.    365.    354.    366.     4994.     8547.
          *1992    380.    473.    497.    347.    277.   6565.   3377.      0.      0.      0.      0.     13.    11929.     1794.
          *1993     61.     89.    127.     70.      0.   8367.   3525.   4343.   2320.    867.    761.    541.    21070.    18780.
          *1994    606.    315.    114.    170.    700.   4139.   2697.      0.      0.      0.      0.     28.     8769.     1144.
          *1995     76.      0.      0.      0.    262.   3256.   1955.    842.   2336.   1267.    955.    572.    11521.    15303.
          *1996    467.    361.    387.    424.   1653.   3215.   4991.   3348.   3395.    816.    675.    530.    20262.    21176.
          *1997    554.    634.   1047.    852.   1143.   6033.   4260.   8224.   3984.   1018.    883.    608.    29242.    30139.
          *1998    618.    598.    751.    601.    748.   4036.   2082.   2153.   1762.    952.    703.    545.    15548.    15932.
          *1999    587.    509.    293.    360.    423.   3205.   3208.   2958.   3846.   1334.    984.    721.    18427.    23511.
          *2000    687.    807.    687.    559.    970.   4805.   3967.    947.    250.    146.    155.    273.    14253.     7926.
          *2001    384.    375.    243.    137.      0.   2131.   1717.      0.      0.      0.      0.      0.     4987.      369.
          *2002     28.     65.      0.      0.      0.      0.   1846.      0.      0.     28.      2.     66.     2036.      748.
          *2003     84.      4.      0.      0.      0.      0.   3083.     19.      0.     58.     38.    130.     3416.     2769.
          *2004    105.    157.    298.    464.    260.   5295.   4690.      0.      0.    163.    178.    240.    11851.     4483.
          *2005    332.    504.    432.    533.    524.   1166.   5860.   3996.   1726.    651.    557.    444.    16724.    17289.
          *2006    480.    542.    409.    435.    403.      0.   5781.   3789.    863.    221.    226.    266.    13413.    12890.
          *2007    369.    447.    446.    240.      0.   5027.   3277.      0.      0.      0.      0.     78.     9883.     2630.
          *2008    205.    100.      0.      0.      0.      0.      0.    466.   1324.    823.    548.    409.     3874.     9097.
          *2009    453.    696.    491.    416.     20.   2807.   3105.   2705.   2767.    930.    901.    636.    15926.    19109.
          *2010    747.    677.    459.    279.    144.    329.   1748.      0.   1269.    502.    499.    427.     7080.     8426.
          *2011    488.    597.    651.    562.    668.   2048.   1549.   2921.   4342.   2609.   1727.   1118.    19281.    30099.
          *2012   1021.    953.    463.    646.    816.   6106.   5069.    171.      0.    157.    151.    261.    15815.     6952.
          *2013    394.    397.     92.     25.      0.    541.   1331.    295.      0.     88.     67.    160.     3391.     3636.
                        USGS 10027000 TWIN CREEK AT SAGE, WY                                                             PAGE  4

           R      0.758   0.665   0.586   0.644   0.391   0.750   0.608   0.750   0.670   0.678   0.646   0.626               0.795
           A   -.82E+03-.12E+04-.19E+04-.13E+04-.38E+04-.17E+05-.31E+04-.34E+04-.18E+04-.51E+03-.83E+03-.74E+03          -0.152E+05
           B   0.24E+000.36E+000.55E+000.43E+000.12E+010.52E+010.72E+000.18E+000.93E-010.65E-010.15E+000.19E+00           0.216E+00

           WATER
           YEAR    OCT     NOV     DEC     JAN     FEB     MAR     APR     MAY     JUN     JUL     AUG     SEP       SUM       ANN

          *2014    271.    181.      0.      0.      0.      0.   3497.   3019.   1955.    706.    806.    670.    11105.    15499.

           AVE.    484.    502.    438.    376.    478.   2806.   3649.   2328.   1669.    655.    548.    444.    14376.    14286.


          * DATA CORRELATED WITH STATION:     USGS 10032000 SMITHS FORK NEAR BORDER, WY                                       

           NUMBER OF YEARS   72                       Linear Regression   
                                                                                                                        PAGE  5

          Correlation Coefficients           10:24:20.5          02/18/2015
                      Linear Regression   
          1 OCT  A=-.818912129E+03, B=0.235536235E+00, R=  0.757639, R*R=  0.574017
          2 NOV  A=-.118036594E+04, B=0.363541193E+00, R=  0.664892, R*R=  0.442081
          3 DEC  A=-.187895237E+04, B=0.545832922E+00, R=  0.586112, R*R=  0.343528
          4 JAN  A=-.128987583E+04, B=0.427622578E+00, R=  0.643619, R*R=  0.414245
          5 FEB  A=-.379711396E+04, B=0.124784029E+01, R=  0.390928, R*R=  0.152824
          6 MAR  A=-.171179470E+05, B=0.516194607E+01, R=  0.749758, R*R=  0.562137
          7 APR  A=-.306511963E+04, B=0.716082075E+00, R=  0.607709, R*R=  0.369310
          8 MAY  A=-.336279896E+04, B=0.175774710E+00, R=  0.750468, R*R=  0.563202
          9 JUN  A=-.175743479E+04, B=0.930372547E-01, R=  0.670060, R*R=  0.448980
         10 JUL  A=-.510065082E+03, B=0.651138238E-01, R=  0.677947, R*R=  0.459613
         11 AUG  A=-.832922695E+03, B=0.148530128E+00, R=  0.646438, R*R=  0.417883
         12 SEP  A=-.742336198E+03, B=0.185412236E+00, R=  0.625882, R*R=  0.391729
         13 ANN  A=-.152242721E+05, B=0.216212022E+00, R=  0.795429, R*R=  0.632707


         Base Station:       O:\streamfl\month\10032000.MON
         Correlated Station: O:\streamfl\month\10027000.MON
         Print File Name:    O:\STREAMFL\MONTH\10027000.PRN
         Output/Save File:   
