

                                    10035000 SMITHS FORK AT COKEVILLE WYO                     Acre-Feet 

         YEAR     OCT      NOV      DEC      JAN      FEB      MAR      APR      MAY      JUN      JUL      AUG      SEP       ANN

         1942                                                                           13120.    3330.    2130.    2550.
         1943    3460.    4240.    4180.    3940.    3550.    3860.   26720.   40390.   35850.   17060.    6850.    6080.   156180.
         1944    5990.    6070.    5220.    4610.    3800.    4200.    9180.   20830.   27110.    8050.    3330.    3040.   101430.
         1945    4080.    5240.    4760.    4120.    3400.    4030.    5660.   22930.   30510.   13180.    5710.    6850.   110470.
         1946    5700.    5830.    5630.    5320.    4800.    6210.   29900.   38030.   22170.    8160.    3530.    6010.   141290.
         1947    6550.    5420.    5450.    4980.    4670.    8630.   13880.   52000.   34570.   13780.    7530.    6540.   164000.
         1948    5980.    5910.    5910.    5380.    4820.    5190.   12350.   44510.   27390.    7540.    2530.    2960.   130470.
         1949    4820.    5570.    5880.    5530.    4720.    5180.   13390.   31900.   23920.    7830.    3000.    3120.   114860.
         1950    6600.    5510.    5190.    4910.    4330.    4960.   19090.   47620.   55370.   23620.    7030.    6420.   190650.
         1951    6840.    6330.    5990.    5780.    5450.    5710.   22230.   55780.   37890.   14640.    7470.    7340.   181450.
         1952    7500.    6410.    6220.    5530.    4800.    5230.   17740.   57370.   30090.   10040.    3920.    4590.   159440.

         MEAN    5752.    5653.    5443.    5010.    4434.    5320.   17014.   41136.   30726.   11566.    4821.    5045.   145024.

          PCT    3.97%    3.90%    3.75%    3.45%    3.06%    3.67%   11.73%   28.36%   21.19%    7.98%    3.32%    3.48%   100.00%

           SD    1275.     628.     626.     621.     654.    1379.    7654.   12861.   10742.    5628.    2113.    1821.    30425.

           CV     0.22     0.11     0.11     0.12     0.15     0.26     0.45     0.31     0.35     0.49     0.44     0.36      0.21

           FILE: .\10035000                                                                      
