

                                    10039500 BEAR R AT BORDER WY                              Acre-Feet 

         YEAR     OCT      NOV      DEC      JAN      FEB      MAR      APR      MAY      JUN      JUL      AUG      SEP       ANN

         1938    8800.   10240.   11160.    8400.    9270.   23110.   56450.   88700.   63470.   21870.    8660.   11640.   321770.
         1939   11880.   11860.   10840.   10060.    8900.   43150.   41920.   42130.   17040.    8350.    5550.    4890.   216570.
         1940    9342.    8317.    7833.    5806.    7339.    9729.    7755.    6403.    7258.    4606.    2602.    2289.    79279.
         1941    7960.    7080.    6650.    5920.    6150.   17140.   13950.   21870.   50360.   18500.   10220.    8120.   173920.
         1942   10060.   13930.   12390.    9140.    8660.   16460.   74130.   38710.   38140.   10230.    5750.    4350.   241950.
         1943    7450.    8740.    6670.    6300.    7320.   28890.   74500.   70200.   61320.   30530.   14790.    9760.   326470.
         1944   11400.   11270.    8190.    7940.    9000.   12120.   69020.   67040.   76450.   27530.    9610.    6520.   316090.
         1945    9380.    9160.    7030.    7700.    7980.   16740.   22070.   34300.   52560.   27170.   18840.   14840.   227770.
         1946   11450.   14200.   13360.   13280.    9600.   37840.   90230.   80950.   37910.   14990.   10450.   10870.   345130.
         1947   11760.   11200.   13860.    9600.   11780.   49160.   38080.   81390.   91440.   32950.   16970.   13110.   381300.
         1948   13160.   14020.   12690.   11440.    9950.   17410.   61090.   87380.   54600.   15090.    8870.    7010.   312710.
         1949   10060.    9370.    7180.    6570.    6820.   16920.   42590.   54220.   58620.   26070.    9930.    5640.   253990.
         1950   13600.   14200.   10400.   10400.   12100.   36200.   75500.  118500.  146400.   50500.   19500.   13300.   520600.
         1951   17460.   18990.   17550.   14060.   17570.   29450.   90030.   95130.   85360.   32310.   22040.   15130.   455080.
         1952   19600.   17000.   16000.   15400.   16000.   17800.   76300.  194200.   98200.   35800.   16800.   12600.   535700.
         1953   13050.   12800.   13610.   16460.   15890.   21070.   25620.   19520.   70460.   20410.   11540.    6320.   246750.
         1954    7720.   10720.   11130.   11210.   12620.   20230.   23160.   26800.   13230.    8970.    6400.    4550.   156740.
         1955    7300.    8520.    8330.    7800.    7760.    9170.   21590.   21210.   27980.   11180.    8610.    6490.   145940.
         1956    8790.    8940.   13890.   16560.   12170.   48790.   57600.   84470.   85230.   17950.   10210.    6390.   370990.
         1957    9600.   10700.   10500.    9800.   10800.   21700.   23200.   75500.  126900.   53700.   14200.   10600.   377200.
         1958   10990.   13610.   13010.   12000.   13560.   19650.   29830.   59990.   40830.   12450.    8480.    5920.   240320.
         1959    7220.    9220.    9950.    9370.    9500.   16510.   26860.   17440.   22460.   19520.    9240.    7990.   165280.
         1960   12800.   13860.   11150.    9530.    9230.   29020.   30580.   25090.   19030.   11890.    6820.    5310.   184310.
         1961    6770.    9300.    8670.    7840.    8570.   11980.    4820.    9560.    9020.    4740.    3930.    4180.    89380.
         1962    5700.    7800.    6900.    7500.   24500.   16400.  113200.   73300.   54300.   35500.   11800.    6400.   363300.
         1963    8700.    9630.    8830.    6540.   15350.    8400.    7880.   20390.   40590.   21150.    9140.   10300.   166900.
         1964    8600.    9900.    8600.    7500.    7500.    8500.   23600.   54500.  100100.   32700.   11200.    7400.   280100.
         1965    8100.   10800.   13200.   12300.   11200.   16300.   62000.   84500.  138900.   80300.   33400.   26900.   497900.
         1966   28020.   21950.   19970.   16300.   12570.   37780.   80840.   54040.   15480.   11510.    6400.    6360.   311220.
         1967    8000.    9000.   10000.    9100.    7600.   15000.   31300.   43800.  123000.   72700.   15400.   10000.   354900.
         1968   12500.   14100.   13300.   11500.   11800.   21400.   25300.   24700.  100100.   36500.   15000.   10500.   296700.
         1969   12200.   15800.   16700.   14600.   11800.   15400.  109900.   81800.   34400.   23000.    9900.    6900.   352400.
         1970   10330.   10620.   10310.   11420.   10170.   11120.   11590.   28360.   69830.   25130.    9900.    9510.   218290.
         1971   12800.   13800.   14600.   15000.   19500.   42400.   82600.  126000.  140300.   57300.   19000.   18200.   561500.
         1972   18000.   16600.   14600.   16600.   16300.   74000.   68400.  112000.  147300.   42700.   16200.   15100.   557800.
         1973   16920.   17350.   13790.   11680.   11130.   18740.   53330.   93480.   43810.   27800.   17000.   14580.   339610.
         1974   16100.   17800.   19700.   19200.   18400.   37200.   51800.  111100.   91600.   35600.   15000.    8700.   442200.
         1975   11400.   13800.   12700.   11300.    9400.   18500.   22900.   53200.  109700.   92000.   24100.   15800.   394800.
         1976   17050.   15930.   16980.   15720.   12830.   31380.   92860.   85540.   48190.   23930.   14400.   12690.   387500.
         1977   11550.   10830.    8080.    7100.    6670.    8560.    4230.    4570.    3700.    3330.    3250.    2950.    74820.
         1978    3160.    4830.    6520.    7200.    6750.   10950.   24990.   51080.   88210.   43700.   16920.   13040.   277350.
         1979   11540.   10100.    8080.    8620.    8810.   15700.   26040.   35010.   26300.   13190.    7630.    6290.   177310.
         1980    7300.    8600.    7100.   14500.   15700.   22700.   62300.  136700.   81300.   39400.   14300.   10700.   420600.
         1981   13120.   13640.   13420.   11780.   10510.   12840.    9950.   17430.   31480.   21070.    8130.    4710.   168080.
         1982    8980.   10040.   10890.    9820.   12340.   25180.   30580.   87850.   87470.   68940.   32510.   19120.   403720.
         1983   46200.   41200.   34600.   22100.   18300.   38800.   36700.  118200.  227900.  102700.   46300.   39900.   772900.
         1984   41400.   39300.   22600.   21800.   22300.   36800.   89400.  170800.  182600.   75500.   35000.   28700.   766200.
         1985   33100.   30300.   26700.   23400.   18500.   32000.  117700.   94600.   42500.   36400.   12600.   11000.   478800.
         1986   15900.   16000.   13900.   12900.   26600.   79600.  101100.  147700.  209500.   67400.   31300.   27700.   749600.
         1987   28440.   28050.   23940.   20950.   24300.   29710.   36830.   37900.   29720.   23230.   10950.    8860.   302880.
         1988   10250.   12540.    9680.    5800.    5110.    6430.   16290.   26480.   20930.   15580.    5380.    5080.   139550.
         1989    6220.    8450.    8750.    7890.    7520.   16700.   18590.   19760.   23290.   15230.    7440.    6610.   146450.
         1990    7700.    9000.    9060.    8740.    7220.   10260.   11040.   11560.   15640.   12250.    6210.    5440.   114120.
         1991    6270.    7630.    7080.    8740.    7220.   10260.   11040.   11560.   15640.   12250.    6210.    5440.   109340.
         1992    9490.   12460.    8890.    6360.    6600.    8030.    6980.   17540.   50960.   22230.    9220.   10190.   168950.
         1993    4990.    6560.    6510.    8470.    8350.   18080.   11150.   13110.   14040.   13260.    2830.    4780.   112130.
         1994   12000.   11400.    9600.    4770.    4180.   18070.   28530.   83080.   89670.   47940.   21840.   12490.   343570.
         1995    7050.    8040.    7730.   10370.    7370.   14520.   17670.   17800.   15860.   11040.    6380.    4690.   128520.
         1996   13900.   17100.   18700.    8300.    9100.   24700.   24500.   29100.  102500.   80200.   18500.   12700.   359300.
         1997   10600.   15400.            19800.   22900.   29500.   55800.   91200.  101200.   53800.   15100.    8100.
         1998   17400.   21500.                                       71600.  145600.  155000.   55300.   27900.   19300.
         1999   34700.   19400.                                       64800.   87400.  106200.   80300.   33100.   22000.
         2000   14400.   14700.                                       50200.  105800.  138700.   59600.   28200.   20200.

         MEAN   13138.   13638.   12272.   11304.   11749.   23536.   45117.   63956.   70987.   33476.   14207.   10907.   312281.

                                    10039500 BEAR R AT BORDER WY                              Acre-Feet 

         YEAR     OCT      NOV      DEC      JAN      FEB      MAR      APR      MAY      JUN      JUL      AUG      SEP       ANN


          PCT    4.21%    4.37%    3.93%    3.62%    3.76%    7.54%   14.45%   20.48%   22.73%   10.72%    4.55%    3.49%   100.00%

           SD    8274.    6789.    5422.    4544.    5224.   14687.   30755.   44138.   51525.   23940.    9075.    7013.   165475.

           CV     0.63     0.50     0.44     0.40     0.44     0.62     0.68     0.69     0.73     0.72     0.64     0.64      0.53

           FILE: .\10039500                                                                      
