

                                    10046000 RAINBOW INLET CANAL NR DINGLE IDAHO              Acre-Feet 

         YEAR     OCT      NOV      DEC      JAN      FEB      MAR      APR      MAY      JUN      JUL      AUG      SEP       ANN

         1923     920.    1010.     860.     800.     780.    1350.   86900.   79900.    5610.    2460.    2460.    1790.   184840.
         1924    9260.    1900.    1230.     920.    2250.   13300.  114000.   58500.   18800.    1350.    1540.    1250.   224300.
         1925    1720.    1490.    1720.    1840.    3880.   33200.   32500.   45300.   29200.   20800.    3920.    5350.   180920.
         1926    3830.    2760.    1900.    1430.    1670.   26000.   17500.    5350.    5080.    3080.    3010.    1830.    73440.
         1927    2800.    2510.    2240.    2020.    3350.    9060.   47600.   61500.   20400.    3580.    3320.    2660.   161040.
         1928    4380.   12900.    8130.    9190.   10000.   39000.   40400.  104000.   30100.    2780.    2730.    1660.   265270.
         1929    2120.    1300.    1350.    1920.    4010.   17500.   56500.   81500.   42500.    2440.    3430.    5220.   219790.
         1930    5660.    3610.    3390.    2960.    7560.   23900.   46000.    6560.    2850.    2600.    5110.    4310.   114510.
         1931    7870.    3450.    2650.    2310.    3040.   10900.    8660.    1310.     873.     536.     680.     752.    43031.
         1932     857.    2160.    3800.    3730.    3820.   10000.   32000.   62000.   62300.   13400.    2930.    1930.   198927.
         1933    8240.    9360.    6930.    9030.    7690.   13700.   20800.   22100.   26100.    2530.    1650.    1430.   129560.
         1934    1860.    5690.    4600.    5570.    7790.    8040.    1510.     552.     367.     297.     250.     323.    36849.
         1935    1280.    2040.    2250.    2560.    3170.    5780.    8170.    5140.   32140.    6280.    1020.     657.    70487.
         1936    2400.    4870.    3690.    4520.    4710.   11130.   55900.  142900.   57390.   15280.   14990.    5100.   322880.
         1937    1230.    9980.    3810.    4490.    5010.   15820.   77000.   83070.   17740.   15870.    4750.    1430.   240200.
         1938    2440.   10340.    9010.    8060.    6610.   24260.   61780.   90410.   47990.   18700.    4520.    6170.   290290.
         1939   11820.    9940.    8610.    8280.    7150.   44610.   47860.   30260.    2440.    1500.    1980.    1670.   176120.
         1940    1480.    5490.    6230.    5930.    6640.    9350.    2980.     573.     766.     545.     472.     262.    40718.
         1941     347.     561.     579.    1640.    3920.   17650.    7450.    3080.   32000.   14630.    8640.    6210.    96707.
         1942   10620.   13990.    9750.    8070.    7230.   13370.   74150.   27950.   20190.    3330.    2080.     805.   191535.
         1943    1320.    2030.    5720.    4970.    6020.   31490.   82110.   73500.   43020.   19940.    4100.     850.   275070.
         1944    3460.    8150.    7290.    7050.    8150.   11100.   62200.   51170.   49720.    3910.    1890.     880.   214970.
         1945    8210.    7660.    6360.    7010.    7050.   16840.   22120.   29200.   44090.   23110.    9020.   14130.   194800.
         1946   10100.   14100.   11100.   13400.   10100.   45200.  105800.   91600.   23300.    8300.    7000.    9000.   349000.
         1947   12970.   11660.   14600.    9490.   11960.   53100.   42920.   80010.   76220.   31290.   15930.   12610.   372760.
         1948   13990.   14820.   11110.   10210.    9220.   16630.   66990.   98220.   44730.   10580.    5150.    3100.   304750.
         1949   10520.   10010.    7350.    6980.    6900.   18190.   46800.   47740.   44170.   20190.    6110.    3820.   228780.
         1950   12200.   15000.   10800.   10600.   12200.   39000.   89600.  142700.  139800.   47200.   20100.   10900.   550100.
         1951   18200.   19400.   17400.   13400.   17900.   28800.  106100.  112000.   71600.   27200.   22200.   12500.   466700.
         1952   18700.   17300.   15600.   15200.   15900.   17600.   78500.  200800.   82500.   31400.   14100.    9500.   517100.
         1953   11970.   12120.   12100.   14070.   13570.   22190.   26930.   10620.   43900.   11770.    9550.    1840.   190630.
         1954    5880.    9300.    9130.    9550.   10450.   20520.   26010.   11510.     770.    2160.    2190.     730.   108200.
         1955    4710.    7930.    5370.    6020.    6130.    7540.   22980.   11770.    7390.    2680.    5570.    1650.    89740.
         1956    7630.    6630.   10480.   13620.    8320.   39340.   74140.   85450.   67020.   10650.    7130.     940.   331350.
         1957    5200.    8400.    7300.    6000.    6800.   21500.   28800.   85200.  107000.   49000.   10800.    5200.   341200.
         1958    8030.   11800.   10880.    9720.   11380.   17960.   34730.   61590.   23200.    6290.    4610.     960.   201150.
         1959    4710.    7400.    7040.    6250.    6840.   14700.   30440.    8790.    1900.    9100.    4810.    3520.   105500.
         1960   12440.   12440.    8500.    7010.    7220.   26770.   37320.   17010.    1320.    3110.    2400.     910.   136450.
         1961    6750.    8510.    5980.    5070.    5770.   10250.    4570.     860.     910.     640.     640.    1560.    51510.
         1962    5000.    6000.    4300.    4700.   21100.   15200.  120900.   80900.   36100.   27500.    9800.    2900.   334400.
         1963    8580.    8750.    7420.    4290.   14350.    8670.    7260.    8160.   26270.   15210.    6700.    7850.   123510.
         1964   10140.   10760.    7580.    5950.    5840.    7460.   32420.   59190.   93120.   28280.   10130.    4030.   274900.
         1965    8400.   11400.   12600.   12700.   11900.   16000.   70600.  102500.  123900.   79300.   34400.   30800.   514500.
         1966   30240.   23600.   18680.   15960.   12120.   27690.   90110.   48760.    2190.    3110.    3440.    2480.   278380.
         1967    7800.    9900.    8200.    7800.    7900.   15400.   38100.   39900.  106500.   71700.   16700.    6800.   336700.
         1968   11070.   12710.   10370.    9100.    9470.   21660.   25260.   13250.   71790.   28870.   13740.    9370.   236660.
         1969   11300.   14100.   11800.   13000.   10800.   14200.  115300.   82400.   18000.   16600.    7800.    2800.   318100.
         1970   11360.    9940.    7720.    7820.    8540.   11820.   12350.   14690.   49480.   20060.    6650.    5310.   165740.
         1971   12100.   13300.   11300.   11000.   19700.   34800.   92600.  150500.  101100.   52300.   16700.   15200.   530600.
         1972   19500.   17300.   12900.   14600.   15900.   73800.   81600.  125200.  132800.   39600.   15300.   13700.   562200.
         1973   20220.   18940.   13890.   11930.   10490.   18720.   56870.   96500.   28710.   21030.   17530.   15950.   330780.
         1974   18000.   18500.   16900.   15700.   15100.   36400.   56900.  111900.   73100.   28500.   13900.    3000.   407900.
         1975   10390.   15100.    9580.    7680.    7830.   18750.   26260.   55760.   99190.   86900.   24490.   12180.   374110.
         1976   16610.   15340.   14430.   12420.   11830.   24440.   97030.   99550.   33380.   14560.   13750.    7600.   360940.
         1977   11770.   11390.    7510.    7270.    6300.    7130.    3240.     510.     570.     420.     690.    1880.    58680.
         1978    1310.    3140.    4280.    4100.    4340.   11060.   35570.   69820.   69140.   37120.   17500.   14620.   272000.
         1979   12350.   11740.    9930.    8260.    7510.   16260.   31920.   31500.   10840.    4750.    2560.    1360.   148980.
         1980    1300.    7500.    6200.   10300.   11900.   23400.   65400.  158900.   82600.   36900.   11800.   10000.   426200.
         1981   11000.   12320.   10490.    9840.    7990.   11300.    4730.    6120.   15160.    9770.    5190.     740.   104650.
         1982    5800.    9400.    8900.    6700.    8900.   26000.   39500.  119700.   83000.   67300.   33300.   21200.   429700.
         1983   48300.   37300.   35600.   20100.   17900.   43600.   44100.  141500.  182700.   76500.   49500.   45200.   742300.
         1984   45100.   43500.   24900.   20300.   19500.   36700.  103500.  191700.  197200.   80800.   38600.   32500.   834300.
         1985   34500.   30500.   20800.   22300.   19200.   30700.  126800.   91000.   25200.   29300.    9400.    8100.   447800.
         1986   13700.   14400.   11000.    9600.   24100.   80900.  121700.  190300.  212500.   73500.   30700.   27400.   809800.
         1987   30340.   27960.   19770.   15950.   17850.   32830.   33250.   18360.   18430.   19320.    8270.    6440.   248770.
         1988    6450.    8860.    7930.    6780.    6400.   16860.   22640.   13260.    3610.    7960.    2080.    1590.   104420.
         1989    3500.    5350.    5460.    5540.    5410.   15300.   20450.    7100.    7170.    7950.    3440.    2920.    89590.
         1990    4990.    6670.    5350.    5570.    5210.    8290.    5160.    1510.    2720.    3310.    1790.    1470.    52040.

                                    10046000 RAINBOW INLET CANAL NR DINGLE IDAHO              Acre-Feet 

         YEAR     OCT      NOV      DEC      JAN      FEB      MAR      APR      MAY      JUN      JUL      AUG      SEP       ANN

         1992    9250.   10930.    6750.    4240.    4530.    8430.    6520.    8430.   36570.   12790.    5480.    8420.   122340.
         1993    1890.    3810.    3220.    5440.    6430.   21600.   11010.     560.     440.    4390.     900.    1590.    61280.
         1994   12630.   10590.    8150.    3490.    4000.   18150.   31430.   83720.   80730.   43790.   22740.   11700.   331120.
         1995    5730.    6790.    6380.    8340.    7130.   19870.   13280.    4500.    2430.    1160.     840.     770.    77220.
         1996   13490.   17010.   16330.    5560.   13350.   44590.   27970.   29510.   76870.   65710.   15730.   11980.   338100.
         1997   10830.   13350.   12940.   14110.   12470.   24510.   56890.   82750.   79590.   42620.   14380.    6360.   370800.
         1998   20000.   21400.   23200.   14100.    8700.   33100.   75300.  159400.  146300.   53100.   26900.   21000.   602500.
         1999   34880.   22760.   17720.   22530.   19850.   31030.   68860.   96010.   94600.   87650.   31630.   21130.   548650.
         2000   15600.   15100.   15000.   15300.   14400.   25500.   48000.  101000.  138400.   59100.   26600.   19100.   493100.

         MEAN   10566.   11265.    9381.    8588.    9330.   22581.   48695.   62701.   50517.   23497.   10310.    7310.   274739.

          PCT    3.85%    4.10%    3.41%    3.13%    3.40%    8.22%   17.72%   22.82%   18.39%    8.55%    3.75%    2.66%   100.00%

           SD    9556.    7820.    6118.    5032.    5096.   14300.   33818.   52796.   49278.   24429.   10307.    8477.   181733.

           CV     0.90     0.69     0.65     0.59     0.55     0.63     0.69     0.84     0.98     1.04     1.00     1.16      0.66

           FILE: .\10046000                                                                      
