

                                     10055500 BEAR LAKE AT LIFTON NEAR ST. CHARLES              EOM Stor

         YEAR     OCT      NOV      DEC      JAN      FEB      MAR      APR      MAY      JUN      JUL      AUG      SEP       ANN

         1920  882000.  861000.  841000.  880000.  812000.  828000.  849000. 1083000. 1184000. 1145000. 1090000. 1050000. 11505000.
         1921 1005000. 1019000. 1019000. 1012000. 1026000. 1130000. 1207000. 1361000. 1418000. 1411000. 1368000. 1347000. 14323000.
         1922 1332000. 1312000. 1304000. 1276000. 1277000. 1271000. 1308000. 1391000. 1420000. 1393000. 1361000. 1335000. 15980000.
         1923 1305000. 1290000. 1262000. 1238000. 1214000. 1200000. 1310000. 1416000. 1421000. 1396000. 1330000. 1286000. 15668000.
         1924 1298000. 1289000. 1243000. 1187000. 1172000. 1192000. 1315000. 1361000. 1316000. 1240000. 1134000. 1051000. 14798000.
         1925 1017000.  962400.  939100.  919300.  928200.  975400. 1029000. 1069000. 1078000. 1040000.  964500.  927500. 11849400.
         1926  888800.  858700.  839100.  816300.  818300.  868200.  901600.  893400.  830400.  762000.  683500.  592400.  9752700.
         1927  545600.  501300.  445600.  423900.  427100.  447500.  521100.  602200.  640800.  581800.  505100.  479500.  6121500.
         1928  466100.  476900.  482700.  489100.  502500.  573000.  628300.  747300.  799600.  744000.  655800.  580100.  7145400.
         1929  569700.  551500.  532600.  532600.  539800.  579400.  670300.  766700.  822300.  778800.  726000.  710600.  7780300.
         1930  692800.  676300.  677600.  682200.  700000.  742600.  809600.  827700.  798900.  718000.  683500.  646700.  8655900.
         1931  643400.  623100.  613200.  615200.  619800.  645400.  665700.  649300.  586600.  478200.  396600.  340100.  6876600.
         1932  326300.  312000.  322600.  337000.  352600.  380000.  450100.  518500.  602200.  602800.  542400.  508900.  5255400.
         1933  500600.  502500.  503200.  519800.  539800.  559300.  606800.  651200.  684200.  618500.  533300.  469900.  6689100.
         1934  453900.  443700.  451300.  460300.  475700.  489700.  487200.  425800.  353900.  279700.  200800.  134100.  4656100.
         1935  120300.  122700.  122700.  122700.  140100.  156900.  190500.  197200.  220500.  146700.   77100.   20650.  1638050.
         1936    4720.    1180.    3540.   20060.   49070.   71100.  158200.  337000.  414400.  383700.  362000.  328800.  2133770.
         1937  326300.  340100.  345700.  352600.  367600.  399800.  501900.  619200.  634900.  618500.  554100.  508300.  5569000.
         1938  401900.  509600.  521700.  529400.  541100.  587900.  671700.  791500.  835700.  824400.  774800.  750000.  7739700.
         1939  725300.  708600.  707300.  716600.  731900.  794200.  856000.  875000.  839100.  766100.  692100.  655200.  9067400.
         1940  638200.  630300.  633600.  641400.  655200.  678300.  684200.  643400.  577500.  488500.  403000.  381500.  7055100.
         1941  375800.  365700.  365100.  369500.  376400.  408000.  425200.  434700.  425200.  390300.  352600.  315100.  4603600.
         1942  313800.  313800.  321300.  321300.  340100.  370100.  463500.  507000.  494900.  418800.  351300.  308800.  4524700.
         1943  294500.  284600.  280300.  281500.  295200.  356300.  475700.  567100.  628300.  592400.  545000.  492900.  5093800.
         1944  480800.  480100.  474400.  483300.  502600.  533300.  627000.  692800.  756700.  698700.  610600.  564500.  6904800.
         1945  557400.  562600.  561900.  570400.  584600.  610000.  648000.  696700.  758000.  737200.  698700.  678300.  7663800.
         1946  676900.  700700.  715300.  737900.  755300.  822300.  970600. 1096000. 1103000. 1047000.  991300.  951500. 10567800.
         1947  944600.  937800.  953500.  928200.  957600. 1026000. 1077000. 1175000. 1252000. 1213000. 1148000. 1099000. 12711700.
         1948 1065000. 1040000. 1028000. 1029000. 1040000. 1065000. 1143000. 1257000. 1289000. 1225000. 1140000. 1077000. 13398000.
         1949 1035000. 1006000.  978900.  960400.  951500.  987800. 1035000. 1113000. 1145000. 1109000. 1026000.  967200. 12314800.
         1950  972700.  967200.  955500.  953500.  953500. 1020000. 1117000. 1295000. 1402000. 1371000. 1307000. 1222000. 13536400.
         1951 1180000. 1160000. 1124000. 1077000. 1060000. 1043000. 1148000. 1295000. 1328000. 1268000. 1195000. 1104000. 13982000.
         1952 1078000. 1058000. 1026000.  989000.  968000.  954000. 1033000. 1251000. 1291000. 1257000. 1187000. 1117000. 13209000.
         1953 1063000. 1035000. 1010000. 1007000. 1004000. 1015000. 1030000. 1028000. 1054000.  989900.  913900.  866200. 12016000.
         1954  856000.  858700.  861400.  868900.  892000.  925500.  959000.  942500.  900900.  827700.  747300.  702000. 10341900.
         1955  690100.  691500.  694800.  704700.  728600.  753300.  790800.  801600.  804900.  716600.  675600.  619200.  8671700.
         1956  617200.  608000.  627000.  675600.  690800.  724000.  822300.  935000.  998200.  926200.  849200.  805600.  9279100.
         1957  798200.  800200.  804900.  828400.  850500.  894700.  946000. 1054000. 1158000. 1135000. 1054000. 1004000. 11327900.
         1958  967900.  968600.  978200.  983700. 1005000. 1044000. 1103000. 1184000. 1194000. 1115000. 1049000.  982300. 12574700.
         1959  960400.  962400.  976800.  987800. 1004000. 1025000. 1067000. 1079000. 1057000.  989900.  946000.  907100. 11962400.
         1960  911100.  914500.  917300.  927500.  954200.  992000. 1038000. 1050000.  983000.  903000.  806900.  771400. 11168900.
         1961  768000.  771400.  774100.  776800.  785500.  808900.  814300.  760700.  688200.  585300.  511500.  476300.  8521000.
         1962  476300.  478200.  479500.  485300.  525600.  547600.  706000.  839100.  866200.  815600.  751300.  716600.  7687300.
         1963  716000.  716000.  717300.  719300.  760700.  776800.  803600.  821000.  863400.  774100.  698100.  682900.  9049200.
         1964  682200.  696700.  700000.  708600.  723300.  744600.  800900.  868900.  995400.  958300.  880400.  836400.  9595700.
         1965  825000.  829700.  878400.  905000.  926200.  946600. 1013000. 1150000. 1302000. 1357000. 1313000. 1293000. 12738900.
         1966 1270000. 1250000. 1210000. 1170000. 1150000. 1130000. 1240000. 1300000. 1250000. 1160000. 1070000. 1050000. 14250000.
         1967 1040000. 1040000. 1050000. 1060000. 1080000. 1100000. 1150000. 1210000. 1340000. 1360000. 1260000. 1190000. 13880000.
         1968 1150000. 1100000. 1070000. 1060000. 1090000. 1130000. 1150000. 1160000. 1250000. 1210000. 1180000. 1170000. 13720000.
         1969 1150000. 1110000. 1080000. 1060000. 1070000. 1040000. 1160000. 1260000. 1270000. 1250000. 1180000. 1150000. 13780000.
         1970 1150000. 1130000. 1120000. 1120000. 1140000. 1140000. 1150000. 1170000. 1240000. 1210000. 1140000. 1110000. 13820000.
         1971 1120000. 1130000. 1110000. 1100000. 1100000. 1090000. 1200000. 1350000. 1380000. 1360000. 1300000. 1230000. 14470000.
         1972 1200000. 1160000. 1120000. 1110000. 1080000. 1130000. 1200000. 1300000. 1400000. 1360000. 1290000. 1220000. 14570000.
         1973 1210000. 1180000. 1140000. 1120000. 1090000. 1070000. 1130000. 1240000. 1250000. 1210000. 1170000. 1150000. 13960000.
         1974 1130000. 1130000. 1110000. 1100000. 1090000. 1100000. 1160000. 1270000. 1310000. 1270000. 1180000. 1110000. 13960000.
         1975 1110000. 1120000. 1090000. 1070000. 1090000. 1110000. 1130000. 1190000. 1320000. 1350000. 1290000. 1220000. 14090000.
         1976 1150000. 1110000. 1100000. 1070000. 1050000. 1040000. 1140000. 1270000. 1300000. 1260000. 1220000. 1170000. 13880000.
         1977 1130000. 1100000. 1060000. 1030000. 1040000. 1060000. 1050000. 1020000.  949000.  853000.  800000.  786000. 11878000.
         1978  765000.  760000.  765000.  775000.  786000.  801000.  851000.  953000. 1030000. 1030000.  966000.  959000. 10441000.
         1979  957000.  960000.  978000. 1010000. 1030000. 1040000. 1090000. 1130000. 1130000. 1040000. 1000000.  956000. 12321000.
         1980  947000.  937000.  938000.  973000. 1010000. 1030000. 1110000. 1320000. 1370000. 1350000. 1260000. 1180000. 13425000.
         1981 1120000. 1090000. 1060000. 1050000. 1050000. 1070000. 1070000. 1080000. 1080000. 1020000.  931000.  883000. 12504000.
         1982  872000.  873000.  883000.  904000.  921000.  958000. 1010000. 1150000. 1260000. 1310000. 1290000. 1240000. 12671000.
         1983 1231000. 1193000. 1177000. 1140000. 1114000. 1102000. 1104000. 1280000. 1404000. 1403000. 1370000. 1323000. 14841000.
         1984 1249000. 1177000. 1136000. 1110000. 1078000. 1056000. 1111000. 1275000. 1398000. 1390000. 1346000. 1280000. 14606000.
         1985 1212000. 1161000. 1095000. 1077000. 1061000. 1046000. 1131000. 1263000. 1276000. 1255000. 1177000. 1127000. 13881000.
         1986 1100000. 1090000. 1070000. 1060000. 1090000. 1120000. 1220000. 1350000. 1420000. 1390000. 1320000. 1260000. 14490000.
         1987 1199000. 1127000. 1070000. 1053000. 1051000. 1086000. 1119000. 1128000. 1111000. 1077000. 1035000. 1000000. 13056000.

                                     10055500 BEAR LAKE AT LIFTON NEAR ST. CHARLES              EOM Stor

         YEAR     OCT      NOV      DEC      JAN      FEB      MAR      APR      MAY      JUN      JUL      AUG      SEP       ANN

         1988  984000.  995000. 1001000. 1013000. 1036000. 1065000. 1096000. 1116000. 1050000.  947000.  875000.  816000. 11994000.
         1989  801000.  795000.  798000.  803000.  826000.  869000.  897000.  920000.  906000.  813000.  751000.  731000.  9910000.
         1990  719000.  715000.  715000.  731000.  739000.  747000.  759000.  738000.  717000.  644000.  570000.  503000.  8297000.
         1991  479000.  480000.  479000.  494000.  504000.  518000.  530000.  556000.  591000.  514000.  452000.  442000.  6039000.
         1992  436000.  446200.  457100.  465400.  480100.  505700.  521100.  469900.  392200.  331900.  239500.  220400.  4965500.
         1993  205000.  205000.  206000.  216000.  230000.  272000.  317000.  431000.  540000.  534000.  527000.  508000.  4191000.

         MEAN  831552.  821128.  812197.  810749.  818933.  843097.  901003.  973249. 1002034.  955941.  891565.  846594. 10508042.

          PCT    7.91%    7.81%    7.73%    7.72%    7.79%    8.02%    8.57%    9.26%    9.54%    9.10%    8.48%    8.06%   100.00%

           SD  324472.  313866.  303661.  293830.  286847.  280084.  281888.  303767.  320516.  335528.  336922.  332815.  3601056.

           CV     0.39     0.38     0.37     0.36     0.35     0.33     0.31     0.31     0.32     0.35     0.38     0.39      0.34

           FILE: .\10055500                                                                      
