

                                    10059500 BEAR LAKE OUTLET CANAL NEAR PARIS IDAHO          Acre-Feet 

         YEAR     OCT      NOV      DEC      JAN      FEB      MAR      APR      MAY      JUN      JUL      AUG      SEP       ANN

         1922                              37620.   31750.   31590.   24120.   13150.    1490.   20690.   30320.   15600.
         1923   22850.   20060.   37590.   39110.   39100.   34630.    3210.    1540.   35700.   38890.   55800.   45360.   373840.
         1924    4810.   10020.   57380.   61260.   29870.   15570.    3660.   23520.   63090.   72030.   88540.   61590.   491340.
         1925   41490.   29170.   36900.   33130.   13330.    3820.    2520.   27780.   32530.   53720.   55720.   34850.   364960.
         1926   17460.   23020.   16940.   29500.   13480.    4500.     750.   24370.   52950.   52030.   66910.   61690.   363600.
         1927   39180.   35680.   39660.   40880.   18330.   12920.     370.     370.     360.   42490.   50790.   28740.   309770.
         1928    7790.    3030.    1840.    1480.    1380.    1480.    1430.    1480.    4880.   44320.   61030.   46410.   176550.
         1929   19590.   14740.   26040.   14140.   10540.    2780.    1190.    1230.    1190.   32640.   40700.   13640.   178420.
         1930    6920.    1800.    1840.    4680.    3370.    2770.     300.    5360.   26310.   61040.   38560.   22870.   175820.
         1931    5070.    8560.    7640.    7160.    5810.     400.     260.   23130.   44270.   72040.   56860.   31420.   262620.
         1932    5590.     890.     760.     800.     750.     800.     770.     800.     770.   12510.   45610.   11090.    81140.
         1933    1410.     120.     120.     120.     110.     120.     120.     120.    2960.   46350.   52320.   40540.   144410.
         1934    2590.     640.     640.     660.     310.     180.    3000.   55870.   45560.   49400.   52070.   26400.   237320.
         1935    1120.    1320.    2770.    1080.     280.     350.     360.    1540.   19040.   57800.   42860.   22030.   150550.
         1936    1410.     600.     450.     180.     170.     180.     180.     180.   11950.   36740.   26860.   16430.    95330.
         1937     900.     710.     740.    2440.     720.     430.     120.      60.   14700.   33620.   39170.   20420.   114030.
         1938     790.     710.     720.     260.     170.     180.     180.     180.   14240.   22910.   29170.   17220.    86730.
         1939   20400.   14590.   10280.    6110.    1220.     610.     600.   28460.   24030.   54240.   51280.   19690.   231510.
         1940    1310.     360.     620.     620.     350.     370.     360.   34820.   45980.   63910.   51260.   12440.   212400.
         1941    1540.     240.     250.     250.     220.     250.     240.    2570.   26310.   54070.   29760.   17410.   133110.
         1942    8860.    7540.     880.   11300.    1110.    1230.     420.     430.   31510.   50550.   51500.   24830.   190160.
         1943    6330.    2900.    6100.    5570.    2960.     610.     600.   10550.   10070.   43190.   33310.   28550.   150740.
         1944    2980.    1780.    9990.    1950.     230.     250.     240.    1560.    1540.   38760.   54130.   21480.   134890.
         1945     690.     450.    2340.    1610.    1070.     470.     360.     200.    2670.   39720.   27940.   13010.    90530.
         1946    2310.     710.     680.     630.     520.     520.     430.    3430.   24060.   47360.   52580.   26320.   159550.
         1947    9270.   15830.   13770.   33130.    2360.     860.     630.    6400.   16740.   67380.   73080.   49730.   289180.
         1948   27210.   29230.   24020.   16750.    8910.    3880.     640.    3690.   34560.   67090.   62840.   46830.   325650.
         1949   29990.   28680.   36310.   44710.   28280.    1340.     470.     500.   24750.   57340.   57430.   33800.   343600.
         1950   15500.   19870.   19750.   33820.   26070.    1480.     610.     610.   56280.   86820.   98100.   81590.   440500.
         1951   61950.   46940.   60790.   68380.   52550.   54100.    4930.    1660.   61580.   91660.   91000.   73010.   668550.
         1952   37930.   38640.   55280.   60380.   54770.   48530.   10840.   10140.   54610.   64480.   77060.   59620.   572280.
         1953   37920.   27230.   40460.   28580.   30380.   20780.   17680.   32100.   27010.   71680.   49750.   29520.   413090.
         1954     760.     140.     120.      70.      60.      60.      60.   32540.   35840.   65770.   53340.   26120.   214880.
         1955    3730.     710.     150.     120.     110.     120.     120.    9990.   14780.   70520.   34440.   34070.   168860.
         1956    3340.    6590.     840.     760.     810.     860.    3190.    4570.   18740.   62860.   51790.   20880.   175230.
         1957    3230.     830.    3420.    1230.    1110.     730.     430.     370.    7900.   69110.   74470.   34880.   197710.
         1958   16830.   16770.    4280.   15490.    6290.     500.     370.    2540.   24100.   65110.   58770.   32680.   243730.
         1959   11530.    2700.    1430.     120.     110.     120.     120.    9290.   29390.   57100.   40560.   21750.   174220.
         1960     720.     530.     490.     490.     410.     350.     270.   21330.   62950.   77930.   59770.   13200.   238440.
         1961    3560.      80.      60.      90.     230.     270.     120.   49180.   64810.   81590.   48910.   17260.   266160.
         1962     330.     100.     110.     110.     100.     110.     110.     110.   17520.   63920.   45640.   15030.   143190.
         1963     190.     170.     160.     130.     100.     110.     100.     100.    2970.   80610.   64540.   16260.   165440.
         1964      90.      80.      90.      70.      80.      60.      60.      60.      60.   60500.   48960.   19020.   129130.
         1965     220.     180.     180.     180.     170.     180.     180.     180.     180.   27900.   74160.   53230.   156940.
         1966   53760.   53640.   64030.   59980.   51800.   32120.     180.    4320.   63840.   76190.   61860.   11630.   533350.
         1967     140.     110.     100.     100.      90.     110.     120.     140.     140.   58750.   94990.   58720.   213510.
         1968   44750.   46990.   43630.   17660.     170.     180.     270.     260.    7400.   61540.   24890.    4630.   252370.
         1969   18190.   41870.   43100.   35270.   28450.   43980.     300.     530.   11250.   46060.   45960.    8960.   323920.
         1970     730.   22030.   25310.   15710.     300.     320.     370.     470.    3910.   49700.   52090.    6330.   177270.
         1971     900.    6800.   35900.   44200.   37400.   46100.    5200.   33300.  100300.   83800.   86700.   56300.   536900.
         1972   62370.   54630.   55360.   51660.   53180.   20890.   32890.   53590.   65350.   81200.   82990.   57600.   671710.
         1973   38900.   52370.   54920.   54650.   49780.   56260.    8870.     610.   16780.   64630.   44040.   31870.   473680.
         1974   33780.   18460.   42900.   41610.   38570.   29990.     980.   16950.   51290.   75080.   75560.   53640.   478810.
         1975     260.    4280.   33910.   32010.    3730.     310.     300.   11080.    8620.   56670.   76940.   60780.   288890.
         1976   80090.   61550.   36640.   44580.   40500.   38870.    5690.     330.    7660.   65080.   35470.   42380.   458840.
         1977   20970.   41040.   41800.   40520.     350.     310.    7620.   44990.   63410.   84810.   40350.    1010.   387180.
         1978     270.      60.      60.      60.      60.      60.     170.     370.    1060.   50960.   37960.    4230.    95320.
         1979     590.     100.      90.      90.      80.      90.      90.      90.   22050.   77460.   30220.   13250.   144200.
         1980   10160.    1010.     180.     180.     170.     180.     360.     540.   51140.   76980.   82000.   75070.   297970.
         1981   66100.   48900.   42260.   23120.     340.     470.     470.    8520.   19380.   79870.   56840.   22550.   368820.
         1982     370.     280.     310.     180.     180.     440.     670.     830.     900.   23940.   72990.   67650.   168740.
         1983   65800.   76300.   66400.   62100.   61200.   70900.   43000.    1100.   84300.  114800.  112600.   89300.   847800.
         1984  117600.  116400.   89100.   59300.   65000.   62600.   55700.   65300.  119900.   99300.  103200.   94100.  1047500.
         1985   99200.  104100.   93900.   55600.   51200.   63100.   43700.     900.   27800.   61000.   54100.   39100.   693700.
         1986   30300.   33000.   40100.   37700.   34500.   60300.   63000.   92000.  152700.  114600.   99100.   86000.   843300.
         1987   97350.   97730.   71490.   39190.   29420.    7280.     180.   20580.   38930.   46320.   33910.   13960.   496340.
         1988     300.     290.     300.     300.     280.     300.     290.    7350.   61370.   79440.   55460.   31240.   236920.
         1989     260.     250.     260.     260.     230.     260.     250.     260.   28060.   70830.   51150.   14800.   166870.

                                    10059500 BEAR LAKE OUTLET CANAL NEAR PARIS IDAHO          Acre-Feet 

         YEAR     OCT      NOV      DEC      JAN      FEB      MAR      APR      MAY      JUN      JUL      AUG      SEP       ANN

         1990     350.     180.     190.     190.     170.     190.     180.   25510.   33580.   77770.   56880.   16690.   211880.
         1991    1480.     830.     860.     190.     170.     190.     180.   25510.   33580.   77770.   56880.   16690.   214330.
         1992     400.     390.     400.     860.     940.    1050.    1010.    1080.   20790.   74850.   48340.    7210.   157320.
         1993     390.     240.     250.     400.     360.     400.    7700.   55840.   59880.   47510.   54000.    2160.   229130.
         1994     610.     460.     310.     250.     300.     520.     670.     740.     710.   41400.   30270.   13560.    89800.
         1995     310.     300.     320.     310.     350.     710.     420.   17900.   61690.   76740.   60200.   21650.   240900.
         1996     310.     300.     310.     330.     310.     340.     340.     360.    1860.   34390.   53480.   20530.   112860.
         1997     310.     300.     310.     310.     280.     310.     300.     310.    9980.   44600.   42930.   13570.   113510.
         1998   59790.   60580.   44170.     310.     520.   17750.   33030.   21550.   43770.   63660.   69530.   67310.   481970.
         1999   68770.   68530.   49840.   43600.   45670.   54390.   38850.   18910.   15870.   85630.   71900.   66960.   628920.
         2000   51940.   49190.   43130.   25230.   46230.   53460.   23210.   39260.   41360.   75950.   67120.   51240.   567320.

         MEAN   19429.   18954.   19834.   17660.   13067.   11597.    5864.   12904.   30678.   61135.   56615.   32926.   301128.

          PCT    6.45%    6.29%    6.59%    5.86%    4.34%    3.85%    1.95%    4.29%   10.19%   20.30%   18.80%   10.93%   100.00%

           SD   27308.   26913.   24722.   21476.   19385.   20136.   13247.   18586.   28861.   20022.   19393.   22719.   200395.

           CV     1.41     1.42     1.25     1.22     1.48     1.74     2.26     1.44     0.94     0.33     0.34     0.69      0.67

           FILE: .\10059500                                                                      
