

                                    10068500 BEAR RIVER AT PESCADERO, IDAHO                   Acre-Feet 

         YEAR     OCT      NOV      DEC      JAN      FEB      MAR      APR      MAY      JUN      JUL      AUG      SEP       ANN

         1924   42990.   46270.   83880.            55130.   33180.   37380.   58100.   71390.   77370.   90960.   66390.
         1925   51380.   39070.   47280.   45020.   28740.   19130.   23520.   43170.   48060.   64540.   61170.   48090.   519170.
         1926   36560.   39200.   31200.   42300.   26190.   24430.   32500.   55520.   64740.   60540.   69020.   64460.   546660.
         1927   47320.   44330.   47720.   50400.   30490.   30170.   20260.   24150.   46530.   71790.   62420.   41620.   517200.
         1928   24980.   14620.   12010.   12880.    9820.   16710.   14630.   25460.   41830.   60910.   66740.   53040.   353630.
         1929   31950.   31170.   36290.   26900.   20670.   16200.   24340.   24710.   37780.   57820.   51440.   29210.   388480.
         1930   26210.   19300.   18010.   15810.   12870.   18510.   12260.   36940.   53760.   70910.   54740.   38320.   377640.
         1931   19290.   20430.   18130.   17760.   15600.    8800.    7110.   26710.   44790.   69330.   56950.   32990.   337890.
         1932    8440.    5950.    3790.    2980.    4020.    5370.   21260.   21050.   20230.   36310.   55480.   20540.   205420.
         1933    8360.    4770.    4020.    3690.    3330.    5320.   14720.   15900.   22900.   55890.   54470.   43700.   237070.
         1934    9920.    6470.    8010.    5450.    5280.    5960.    5760.   54950.   45540.   48680.   52090.   28050.   276160.
         1935    2690.    3450.    5280.    3250.    2370.    3830.    9240.   12260.   28030.   59300.   43230.   23060.   195990.
         1936    4310.    4570.    3570.    2240.    1720.    1560.   30220.   33960.   28170.   43610.   31440.   21690.   207060.
         1937   13560.    6840.    9270.   10010.    7530.    5370.   20900.   17840.   26940.   41300.   42260.   25170.   226990.
         1938    9220.    6200.    7540.    4950.    6040.    9140.   25350.   26390.   27560.   31710.   32390.   23660.   210150.
         1939   26310.   21160.   17800.   11310.    4690.   13920.   11300.   34000.   32990.   58710.   52830.   24830.   309850.
         1940   11590.    6220.    3890.    4500.    4020.    7580.    5580.   36620.   47290.   63920.   51600.   14760.   257570.
         1941    7760.    8440.    7380.    5840.    3730.    6790.    9850.   17390.   39350.   60360.   32720.   20620.   220230.
         1942   13110.   11290.    6070.   15470.    5920.    5640.   15850.   14590.   40630.   54000.   52710.   28400.   263680.
         1943   12190.   12770.   11070.    8970.    6720.    9410.   34220.   30370.   36220.   53840.   46290.   39030.   301100.
         1944   14140.    8690.   14920.    5770.    3500.    4160.   15280.   15090.   27960.   61380.   61860.   25640.   258390.
         1945    5080.    4090.    5370.    5380.    5650.    6280.   14940.   11720.   26200.   47820.   41500.   18850.   192880.
         1946    7700.    6260.    8450.    5070.    3330.   11380.   36680.   29270.   37300.   57390.   58080.   32190.   293100.
         1947   15380.   23680.   20710.   36670.    7870.   13880.   12770.   27100.   39610.   75980.   77250.   53810.   404710.
         1948   33010.   35550.   30980.   23360.   13560.   13720.   23430.   23030.   49010.   75590.   65220.   48550.   435010.
         1949   33790.   34800.   42050.   48730.   33340.   12230.   16030.   15660.   40020.   63510.   59770.   35480.   435410.
         1950   21100.   26900.   24800.   37900.   32100.   17200.   43100.   32800.   95200.  105500.  102800.   87700.   627100.
         1951   69500.   54500.   68700.   75700.   60400.   63600.   39900.   27500.   78100.  100700.   94600.   76300.   809500.
         1952   45100.   45440.   59970.   63710.   59380.   56010.   45230.   39820.   69480.   73330.   77100.   62240.   696810.
         1953   41870.   33870.   47720.   38580.   37280.   33370.   28720.   41880.   43020.   81920.   51540.   32070.   511840.
         1954    4000.    4980.    5370.    4840.    5160.    9950.   10370.   36940.   41940.   69190.   52610.   28620.   273970.
         1969                                                                           25800.   63950.   50040.   12870.
         1970    4040.   26310.   32690.   24840.    6230.    7740.    8260.   14900.   24440.   60900.   56200.   10330.   276880.
         1971    5200.   13300.   48600.   55600.   46900.   58100.   43600.   67300.  170500.  113000.   96000.   66900.   785000.
         1972   74600.   68300.   71500.   63500.   64300.   51100.   55700.   86100.   96900.  102800.   91900.   65800.   892500.
         1973   45100.   62840.   65090.   63410.   56930.   65540.   32930.   23550.   30320.   80630.   47950.   34210.   608500.
         1974   37760.   23340.   47570.   45090.   41890.   50640.   17950.   37020.   74000.   84200.   79990.   57280.   596730.
         1975    5670.    9220.   40270.   38680.   13210.   10330.   19200.   32860.   36120.   71990.   80530.   64960.   423040.
         1976   87570.   72250.   48280.   55820.   56130.   54600.   37070.   26540.   22170.   73470.   39350.   44510.   617760.
         1977   25650.   43980.   47050.   51910.    5570.    4160.    9180.   50440.   64130.   84370.   41850.    2570.   430860.
         1978    2190.    3730.    5340.    6050.    5640.   12350.   24000.   26960.   21480.   62360.   47100.    9730.   226930.
         1979    5750.    5830.    6150.    6150.    5990.   10000.   18010.   15590.   30990.   79370.   32930.   15810.   232570.
         1980   12630.    6170.    4580.    4780.    5140.    7090.   28140.   34280.   82480.   88840.   87930.   81700.   443760.
         1981   72310.   54620.   46770.   29680.    6390.    6480.    5780.   15950.   29600.   81060.   54890.   22440.   425970.
         1982    4260.    4570.    4200.    3380.    3640.   11860.   24100.   31720.   28320.   36580.   78900.   74700.   306230.
         1983   75700.   84000.   75300.   68700.   65700.   80200.   63300.   32400.  157500.  179400.  120200.   97000.  1099400.
         1984  125400.  127000.  100800.   69900.   76900.   81900.   91900.  104300.  159200.  111300.  108200.  100900.  1257700.
         1985  106500.  112300.  110000.   72800.   94900.  104900.   81900.   21000.   39800.   71600.   59300.   50100.   925100.
         1986   38700.   43600.   52900.   42700.   59100.  100100.   99800.  129500.  203100.  140200.  112000.   91700.  1113400.
         1987  109100.  111500.   84900.   55000.   41100.   20100.   10700.   36100.   49400.   54100.   40600.   20000.   632600.
         1988    5220.    7360.    5920.    5630.    5990.   10580.   14460.   18610.   70470.   89570.   61850.   36920.   332580.
         1989    3720.    4590.    4570.    3780.    3390.   11060.   13710.   11320.   39960.   80080.   55570.   18870.   250620.
         1990    4330.    5410.    5360.    5060.    4620.    8520.    5030.   36400.   40860.   85750.   59830.   20230.   281400.
         1991    4470.    4670.    5060.    5060.    4620.    8520.    5030.   36400.   40860.   85750.   59830.   20230.   280500.
         1992    4230.    6740.    4990.    5430.    5530.    6490.    7390.   13230.   38150.   88960.   54920.   11440.   247500.
         1993    3420.    4190.    3780.    4680.    4820.   11830.   12990.   61510.   74400.   54990.   61310.    4990.   302910.
         1994    5720.    5250.    5830.    3400.    3150.   14330.   16400.   23570.   24280.   52380.   34560.   18150.   207020.
         1995    3250.    3760.    4930.    6320.    5570.    8550.    8560.   24680.   70830.   84690.   64310.   26870.   312320.
         1996    4890.    8670.    9450.    4040.    4040.   15250.    9810.   16390.   23710.   45170.   58960.   23390.   223770.
         1997    6190.    8670.   12420.    4550.    4430.    8600.   24570.   27050.   35160.   53320.   46130.   18260.   249350.
         1998   75170.   75110.   57190.   14030.   15540.   46310.   59880.   60520.   84670.   80230.   83370.   81650.   733670.
         1999   76640.   77750.   60700.   57130.   51570.   64760.   60560.   45030.   42140.   98040.   77380.   72480.   784180.
         2000   62050.   58800.   46210.   38490.   51860.   65270.   42370.   70760.   68850.   87450.   73960.   57870.   723940.

         MEAN   28972.   28631.   29510.   25427.   21568.   24291.   26048.   34562.   53225.   72693.   62240.   40063.   444514.

                                    10068500 BEAR RIVER AT PESCADERO, IDAHO                   Acre-Feet 

         YEAR     OCT      NOV      DEC      JAN      FEB      MAR      APR      MAY      JUN      JUL      AUG      SEP       ANN


          PCT    6.52%    6.44%    6.64%    5.72%    4.85%    5.46%    5.86%    7.78%   11.97%   16.35%   14.00%    9.01%   100.00%

           SD   30558.   30163.   27806.   23517.   23608.   25674.   20891.   22038.   36948.   24484.   20319.   24775.   254359.

           CV     1.05     1.05     0.94     0.92     1.09     1.06     0.80     0.64     0.69     0.34     0.33     0.62      0.57

           FILE: .\10068500                                                                      
