

                                    10079500 BEAR RIVER AT ALEXANDER IDAHO                    Acre-Feet 

         YEAR     OCT      NOV      DEC      JAN      FEB      MAR      APR      MAY      JUN      JUL      AUG      SEP       ANN

         1927   56000.   52800.   56000.   58900.   42800.   45400.   39800.   45000.   56600.   75000.   66400.   51400.   646100.
         1928   30500.   25600.   23800.   21900.   21100.   31400.   42400.   31900.   48900.   70700.   64600.   62500.   475300.
         1929   37700.   40600.   40200.   36900.   29100.   24800.   53700.   38400.   50400.   60400.   57500.   34700.   504400.
         1930   37900.   27000.   27800.   22000.   23200.   28400.   27100.   45600.   52200.   68200.   52000.   41600.   453000.
         1931   27400.   24500.   25500.   24500.   21900.   21000.   19900.   28400.   44700.   69500.   54400.   32800.   394500.
         1932   11600.   11400.    9800.   10900.   11700.   12600.   39400.   35300.   30200.   40600.   49500.   24300.   287300.
         1933   15100.   10400.   11300.    9600.   11100.   11500.   28600.   23700.   31200.   60800.   62100.   48300.   323700.
         1934   14700.   12500.   14100.   12800.   13000.   15200.   14800.   54100.   47300.   53200.   56200.   32900.   340800.
         1935    7500.   11300.   12000.    8900.   10600.   13100.   23200.   22500.   33900.   62000.   43800.   24900.   273700.
         1936    9200.   10400.    9800.    9000.   12000.   13500.   50700.   57400.   36100.   46000.   33000.   24200.   311300.
         1937   18700.   15900.   17100.   18300.   14900.   21400.   25400.   32300.   33800.   43500.   42900.   26800.   311000.
         1938   15400.   12700.   15900.   11700.   16300.   26000.   40000.   47700.   35800.   35500.   37900.   33800.   328700.
         1939   29200.   30300.   26700.   19000.   15400.   28100.   23600.   43900.   34700.   57100.   51600.   29000.   388600.
         1940   14000.   12000.   13400.   11400.   13800.   26200.   11700.   35900.   48800.   62800.   49500.   19300.   318800.
         1941   12700.   16300.   14600.   13300.   11600.   23300.   21900.   24200.   43700.   61000.   35000.   22200.   299800.
         1942   17600.   17000.   15600.   22500.   15000.   16900.   32700.   26000.   41300.   55700.   54000.   34000.   348300.
         1943   17550.   20370.   18910.   16860.   18060.   17170.   59110.   48840.   49520.   56950.   49410.   42440.   415190.
         1944   20580.   18450.   24770.   14010.   14640.   18170.   30110.   28770.   35580.   63420.   59820.   28780.   357100.
         1945   10400.   12590.   13110.   11710.   13810.   21070.   30580.   26950.   43750.   53660.   47110.   27890.   312630.
         1946   17280.   17990.   19110.   15370.   16210.   26910.   60690.   48360.   46260.   58820.   60970.   40530.   428500.
         1947   27670.   36280.   36510.   44100.   18800.   33360.   27480.   45700.   48690.   79430.   82390.   62460.   542870.
         1948   43830.   44870.   42540.   30380.   22730.   24500.   42720.   45730.   57730.   75430.   70580.   55010.   556050.
         1949   48430.   40830.   50600.   57450.   44910.   29700.   37500.   29010.   49140.   64390.   64380.   45840.   562180.
         1950   36800.   31700.   34000.   47300.   42800.   34300.   69500.   66200.  117600.  116400.  109300.   94500.   800400.
         1951   85900.   69500.   84500.   84600.   71400.   82300.   68100.   57600.   85400.  100600.   97000.   85200.   972100.
         1952   58070.   55830.   68180.   77160.   67810.   72700.   70180.   68540.   77140.   77910.   84610.   70850.   848980.
         1953   51100.   41350.   58000.   52780.   46990.   49210.   45920.   51740.   51860.   79000.   55220.   37060.   620230.
         1954   11940.   14570.   15030.   14000.   13800.   24230.   25480.   46270.   49740.   69980.   56700.   34360.   376100.
         1955   12520.   11560.   13580.   12970.   14480.   12850.   34480.   21040.   37320.   77670.   44620.   40610.   333700.
         1956   14670.   18770.   22340.   21160.   16380.   29130.   48640.   50990.   43110.   72880.   58050.   31600.   427720.
         1957   16530.   15660.   17170.   14530.   15390.   28390.   41140.   53960.   49800.   79990.   79310.   48490.   460360.
         1958   35730.   33620.   21870.   29810.   26550.   25520.   50310.   43820.   44330.   75590.   62950.   45170.   495270.
         1959   21790.   17920.   18990.   14340.   14640.   22160.   27900.   26540.   39360.   67430.   49250.   31540.   351860.
         1960   14790.   12370.   11250.   11690.   11790.   27250.   28660.   38660.   71620.   80130.   62270.   19750.   390230.
         1961   11870.   12390.   10890.    9530.   12120.   20810.   15010.   54940.   67620.   77150.   53030.   21750.   367110.
         1962    7280.    8670.   10000.   11640.   27570.   21170.   56940.   38500.   37850.   72840.   52880.   23100.   368440.
         1963    8180.   12780.   12700.   11710.   33560.   17060.   26970.   29530.   35560.   77550.   69660.   24320.   359580.
         1964   10130.   14270.   11780.   13530.   11700.   12200.   41400.   34480.   51020.   71490.   55230.   29190.   356420.
         1965   12740.   15290.   27010.   23080.   20870.   22340.   51340.   47490.   45960.   50750.   83960.   70830.   471660.
         1966   70790.   72650.   79300.   77650.   69740.   54880.   40770.   34630.   72730.   83630.   66990.   25330.   749090.
         1967    8760.    9460.   13660.   12650.   10720.   21630.   33700.   30240.   44900.   76560.   99450.   68650.   430380.
         1968   57100.   60280.   56560.   35880.   15620.   29130.   25820.   17420.   34650.   71950.   35120.   15900.   455430.
         1969   27170.   57210.   54710.   56730.   44200.   68740.   48000.   35510.   31780.   61680.   50980.   23120.   559830.
         1970   15960.   33690.   39100.   35950.   16480.   20420.   23650.   31180.   34380.   61290.   56650.   19840.   388590.
         1971   12800.   20500.   46800.   61100.   57500.   71400.   69600.   94300.  182800.  123300.   99600.   84000.   923700.
         1972   81200.   76200.   75800.   77500.   71600.   79400.   76400.  111800.  112800.  113400.   95800.   82400.  1054300.
         1973   54970.   71820.   72660.   78010.   69760.   77490.   64440.   46740.   40310.   81740.   53270.   50080.   761290.
         1974   49600.   40120.   60630.   64070.   58930.   72490.   40920.   60980.   84200.   89000.   84080.   66010.   771030.
         1975   23150.   20660.   48800.   52480.   23840.   27370.   38120.   57940.   60410.   80440.   88440.   76700.   598350.
         1976   98980.   84910.   61760.   61560.   57930.   62990.   70490.   55740.   43580.   79550.   48800.   55240.   781530.
         1977   41380.   54070.   55060.   55340.   18150.   20220.   24180.   55250.   68450.   84180.   48020.   11010.   535310.
         1978    6080.   12040.   20100.   20340.   19600.   36910.   44120.   52620.   34670.   57400.   53270.   20530.   377680.
         1979   17200.   18040.   18650.   21210.   17070.   27490.   45310.   32830.   38430.   80370.   46410.   31060.   394070.
         1980   22300.   11200.    6200.   50300.   16000.   22200.   52400.   64200.  101300.   90500.   92200.   83900.   612700.
         1981   77830.   65430.   59960.   45130.   20930.   21990.   20070.   31080.   41360.   78290.   71300.   29530.   562900.
         1982   20630.   17930.    4020.   16940.   21670.   31230.   43750.   58600.   53560.   46210.   87490.   87030.   489060.
         1983   79200.   88100.   77400.   79100.   71500.   95700.   86200.   63500.  171000.  181500.  136800.  116800.  1246800.
         1984  146600.  145800.  114000.   91500.   85200.   93000.  110000.  136100.  183900.  125400.  128700.  125300.  1485500.
         1985  127000.  129500.  119500.   79500.   68000.   96300.  122700.   51200.   58400.   82400.   71500.   64800.  1070800.
         1986   51900.   51800.   61400.   56300.   74300.  128600.  139000.  168900.  221600.  158300.  129000.  116200.  1357300.
         1987  124300.  129400.   98100.   64300.   54200.   42200.   26500.   50600.   54300.   63900.   49700.   29800.   787300.
         1988   18400.   17500.   17510.   15450.   14600.   20800.   30610.   30610.   69270.   89490.   63450.   42940.   430630.
         1989   19060.    3700.    6790.   12460.   11280.   29330.   30650.   24670.   42570.   83450.   58970.   29830.   352760.
         1990    8330.   13780.   11870.   14780.    9640.   19580.   17260.   45660.   45040.   98720.   66560.   38900.   390120.
         1991   16010.   13550.   12190.   14780.    9640.   19580.   17260.   45660.   45040.   98720.   66560.   38900.   397890.
         1992   11310.   15490.   14480.   11260.   11560.    8220.   15180.   31070.   40830.   90410.   55260.   18050.   323120.
         1993    9070.   10910.    8730.   11060.   11640.   20040.   20400.   63560.   71480.   54250.   62240.    7620.   351000.
         1994   13130.   13740.   13360.    7700.    8070.   22710.   31190.   49210.   40660.   63570.   46280.   26220.   335840.

                                    10079500 BEAR RIVER AT ALEXANDER IDAHO                    Acre-Feet 

         YEAR     OCT      NOV      DEC      JAN      FEB      MAR      APR      MAY      JUN      JUL      AUG      SEP       ANN

         1995   11610.   10620.   11340.   13440.   10270.   28230.   18980.   33340.   69000.   85550.   59140.   30410.   381930.
         1996   10590.   19880.   19710.   10790.   14490.   28560.   19160.   31780.   36760.   49410.   63490.   33890.   338510.
         1997   17100.   21100.   22220.   14010.   13230.   21510.   50750.   50140.   51950.   59070.   53100.   27330.   401510.
         1998   86500.   89700.   62100.   26200.   17400.   51800.   84700.   98100.  108100.   83100.   91400.   96500.   895600.
         1999   87200.   91900.   67400.   68500.   65900.   83100.   83200.   71400.   63500.  105000.   85200.   82100.   954400.
         2000   67030.   67340.   55490.   50270.   62990.   85090.   62660.   95900.   90130.   91480.   82710.   70260.   881350.

         MEAN   34341.   34707.   34376.   32643.   28435.   36103.   43422.   48762.   60127.   76279.   65771.   45678.   540643.

          PCT    6.35%    6.42%    6.36%    6.04%    5.26%    6.68%    8.03%    9.02%   11.12%   14.11%   12.17%    8.45%   100.00%

           SD   31385.   31146.   27138.   24340.   21641.   25536.   24847.   25367.   36937.   24165.   21731.   26580.   266053.

           CV     0.91     0.90     0.79     0.75     0.76     0.71     0.57     0.52     0.61     0.32     0.33     0.58      0.49

           FILE: .\10079500                                                                      
