

                                    10087500 MINK C B DRY FORK, NR MINK C, IDAHO              Acre-Feet 

         YEAR     OCT      NOV      DEC      JAN      FEB      MAR      APR      MAY      JUN      JUL      AUG      SEP       ANN

         1947                                                          4500.   18240.   11110.    5180.    3360.    2540.
         1948    2490.    2200.    2060.    1930.    1590.    1760.    4680.   16980.   17870.    6480.    3460.    2630.    64130.
         1949    2370.    2280.    2090.    1940.    1650.    2410.    5490.   16640.    9980.    4140.    2790.    2420.    54200.
         1950    2470.    2100.    2010.    2200.    2130.    3080.    6540.   15400.   24620.    9530.    3090.    2030.    75200.
         1951    3050.    2550.    2410.    2200.    2280.    2430.    7000.   17420.   11340.    4080.    1970.    1460.    58190.
         1952    2710.    2330.    2160.    2010.    1700.    1860.    5890.   18750.   16120.    4120.    2000.    1400.    61050.
         1956    2050.    1950.    2490.    2410.    1870.    2780.    6440.   18600.   11790.    2970.    1660.    1310.    56320.
         1957    2040.    2080.    1970.    1720.    1610.    2240.    3230.   14010.   20190.    5610.    2020.    1260.    57980.
         1958    2880.    2520.    2260.    1960.    1880.    2350.    4200.   17050.   12350.    2850.    1490.    1070.    52860.
         1959    2477.    2265.    2150.    1926.    1682.    2059.    3461.    7706.    8547.    2029.    1164.     902.    36368.
         1960    1930.    1990.    1880.    1700.    1520.    2180.    4400.   10500.    5560.    1320.     990.     840.    34810.
         1961    1776.    1864.    1712.    1484.    1357.    1769.    2567.    6591.    3751.    1351.     851.     704.    25777.
         1962    1460.    1710.    1660.    1630.    2780.    2260.    8400.   18160.   11860.    3650.    1540.    1020.    56130.

         MEAN    2309.    2153.    2071.    1926.    1837.    2265.    5138.   15081.   12699.    4101.    2030.    1507.    52751.

          PCT    4.38%    4.08%    3.93%    3.65%    3.48%    4.29%    9.74%   28.59%   24.07%    7.77%    3.85%    2.86%   100.00%

           SD     469.     254.     250.     264.     393.     393.    1672.    4177.    5762.    2259.     886.     673.    13828.

           CV     0.20     0.12     0.12     0.14     0.21     0.17     0.33     0.28     0.45     0.55     0.44     0.45      0.26

           FILE: .\10087500                                                                      
