

                                    10086500 BEAR R BL UPL CO TAILRACE AT ONEIDA IDAHO        Acre-Feet 

         YEAR     OCT      NOV      DEC      JAN      FEB      MAR      APR      MAY      JUN      JUL      AUG      SEP       ANN

         1927   59500.   63100.   66500.   68300.   56400.   58500.   61300.   54500.   46700.   52000.   57800.   46400.   691000.
         1928   42200.   37000.   36100.   33200.   31100.   47800.   56000.   40100.   28900.   51100.   62500.   61500.   527500.
         1929   47200.   50600.   49700.   44500.   38500.   42100.   70600.   50200.   31100.   42700.   44700.   38000.   549900.
         1930   48500.   36800.   39900.   35700.   37600.   42200.   42200.   36700.   37400.   62800.   55000.   42700.   517500.
         1931   40900.   38700.   38100.   37400.   32800.   33600.   24700.   25300.   43400.   58700.   58500.   35900.   468000.
         1932   18400.   18200.   18500.   19600.   20400.   22900.   61900.   41400.   18600.   29900.   48500.   29200.   347500.
         1933   23000.   19000.   23200.   21200.   20600.   24000.   49800.   35500.   18100.   50700.   52800.   47400.   385300.
         1934   21800.   21100.   24500.   22900.   19500.   21100.   19200.   42900.   41500.   44500.   48800.   35900.   363700.
         1935   13900.   16500.   19200.   15800.   20600.   25200.   36000.   20000.   17000.   49300.   38500.   25900.   297900.
         1936   15700.   16900.   17000.   17300.   21000.   24600.   90000.   77500.   25600.   38000.   32600.   30000.   406200.
         1937   29100.   28500.   28500.   31100.   27900.   39200.   48400.   59000.   16800.   31600.   37200.   35000.   412300.
         1938   25400.   24300.   29400.   21900.   28100.   39700.   66200.   59100.   23900.   26900.   39300.   31500.   415700.
         1939   39400.   43200.   39600.   28400.   25800.   44000.   42100.   35200.   27600.   48800.   48500.   34800.   457400.
         1940   23000.   20200.   24100.   22200.   24200.   38300.   23000.   30800.   38600.   52400.   46000.   22900.   365700.
         1941   20200.   23500.   22600.   21200.   20800.   35900.   38700.   23900.   28000.   51700.   36900.   27200.   350600.
         1942   27400.   27600.   26800.   30800.   23400.   29900.   51500.   36300.   28600.   41800.   48800.   37800.   410700.
         1943   27010.   27910.   28820.   29620.   27430.   33450.   88680.   45800.   41710.   43920.   44330.   42690.   481370.
         1944   34700.   31840.   35130.   23030.   23610.   30550.   43010.   30870.   24960.   49860.   52500.   33970.   414030.
         1945   19520.   23230.   24380.   21620.   26210.   34890.   47330.   49010.   51800.   41380.   41400.   29730.   410500.
         1946   31800.   29700.   33800.   25300.   25000.   42300.   97700.   53700.   35400.   48500.   58800.   45500.   527500.
         1947   39800.   46170.   48600.   49960.   29980.   44430.   40640.   41190.   35910.   64490.   72880.   63960.   578010.
         1948   57660.   56550.   54890.   41940.   35520.   36130.   65500.   62850.   44020.   62350.   63030.   60490.   640930.
         1949   59540.   50920.   62230.   66900.   54850.   42730.   61140.   37810.   35930.   51290.   64100.   51560.   639000.
         1950   53300.   45100.   48200.   60000.   58000.   54300.  103600.   96900.  108400.  107200.  103100.  102600.   940700.
         1951  103500.   86000.  101900.  100300.   88700.  101700.  104000.   74200.   73000.   85700.   92300.   90500.  1101800.
         1952   75200.   70000.   82000.   91700.   81200.   86200.  109100.  101200.   63700.   72300.   78500.   75400.   986500.
         1953   66490.   54540.   76820.   67780.   61930.   63330.   60620.   51100.   46470.   64950.   53130.   42410.   709570.
         1954   23330.   24960.   27480.   24140.   24280.   37850.   41650.   39350.   41860.   60190.   56920.   40080.   442090.
         1955   23750.   23450.   22470.   22370.   22050.   23570.   47840.   26890.   26190.   67710.   39620.   42970.   388880.
         1956   24180.   31160.   40120.   34880.   26900.   44600.   70650.   54810.   28360.   58530.   55390.   35150.   504730.
         1957   24410.   22620.   29850.   28730.   28360.   44910.   60070.   86260.   41590.   62270.   74570.   51330.   554970.
         1958   48160.   46980.   36780.   42030.   41400.   41560.   75300.   57610.   31090.   61880.   64480.   50100.   597370.
         1959   33080.   30270.   33030.   27320.   27330.   37090.   45140.   23910.   29150.   49500.   45140.   35890.   416850.
         1960   26280.   23660.   23320.   22980.   22420.   43170.   47740.   36150.   54070.   68420.   61150.   27790.   457150.
         1961   19930.   23740.   22730.   19360.   21420.   34020.   25820.   45460.   51090.   63700.   53120.   26730.   407120.
         1962   16730.   18200.   19630.   20510.   55550.   35620.   83290.   45690.   25520.   56460.   46540.   23530.   447270.
         1963   18550.   23080.   22880.   22490.   51330.   28320.   43560.   44900.   33860.   66240.   61310.   27590.   444110.
         1964   19510.   25780.   24650.   24900.   20520.   23540.   66050.   58710.   56150.   54360.   45960.   29590.   449720.
         1965   22110.   25680.   46330.   40520.   34680.   36160.   81910.   73360.   40270.   41640.   79160.   83010.   604830.
         1966   88240.   90190.   93960.   89360.   81000.   71520.   59430.   35520.   54550.   66370.   55250.   24380.   809770.
         1967   18070.   19300.   24480.   25780.   23010.   37740.   55060.   56410.   48090.   67040.   88480.   72680.   536140.
         1968   71660.   72830.   69120.   50880.   32850.   46120.   43150.   23960.   24300.   56330.   35210.   20090.   546500.
         1969   37950.   65890.   66590.   71150.   54170.   81200.   82390.   43700.   26170.   54270.   46800.   23940.   654220.
         1970   25750.   43320.   49150.   49080.   29250.   32520.   33350.   48470.   24990.   48290.   49330.   24290.   457790.
         1971   25200.   31200.   59100.   69600.   66200.   84300.  102900.  134900.  184400.  110100.   89700.   93600.  1051200.
         1972   93800.   87400.   89600.   89900.   85400.  108400.  104000.  137800.  104200.   99600.   86900.   94200.  1181200.
         1973   73460.   84870.   85080.   90150.   78570.   92630.   90230.   69970.   27610.   71690.   44480.   60910.   869650.
         1974   62010.   50810.   71990.   71150.   64050.   93370.   73310.   87200.   76150.   72130.   74040.   64610.   860820.
         1975   36850.   32130.   58820.   66530.   34410.   40790.   55990.   94700.   73670.   66900.   76470.   77180.   714440.
         1976  111700.   99300.   75400.   75100.   67700.   74900.   95100.   84600.   35700.   59600.   44100.   54300.   877500.
         1977   52410.   62380.   66440.   67710.   29250.   30570.   25060.   46390.   55880.   60390.   37540.   26330.   560350.
         1978   12790.   16370.   21800.   23480.   26310.   50360.   73820.   77530.   35310.   42890.   42260.   21230.   444150.
         1979   26750.   26100.   26620.   25840.   25580.   34650.   54750.   42480.   34040.   58760.   43030.   29940.   428540.
         1980   28300.   24700.   18200.   34100.   30500.   34800.   66600.   94700.  116700.   72200.   85600.   94200.   700600.
         1981   88670.   77050.   68630.   55740.   26030.   27010.   27070.   35470.   38890.   58770.   64330.   27100.   594760.
         1982   28000.   20000.   17300.   27900.   36500.   48400.   76500.  102600.   64100.   36600.   85800.   98900.   642600.
         1983  105200.  105200.   91500.   90500.   81600.  117600.  111200.  104700.  204100.  198500.  162200.  123200.  1495500.
         1984  160300.  168900.  141000.  115100.  106000.  120300.  185800.  233000.  242100.  131400.  137100.  136100.  1877100.
         1985  141300.  145300.  130400.   96000.   81500.  107800.  166100.   73600.   39900.   65900.   61800.   69400.  1179000.
         1986   65700.   69700.   74100.   78600.  104200.  178800.  184200.  190800.  212800.  145000.  116400.  145500.  1565800.
         1987  125000.  144900.  115300.   74400.   65700.   55300.   35400.   52500.   43400.   54600.   47800.   31400.   845700.
         1988   26820.   24610.   25880.   24950.   22470.   30430.   42680.   33200.   56210.   71200.   55190.   39120.   452760.
         1989   25060.   13810.   18350.   21460.   17520.   45130.   49640.   25320.   28410.   67270.   58890.   33380.   404240.
         1990   17700.   25780.   25220.   28660.   20500.   29800.   25790.   43130.   32370.   63190.   56870.   37480.   406490.
         1991   15630.   21760.   18650.   20620.   17990.   18560.   26980.   47390.   49680.   58090.   50790.   24960.   371100.
         1992   19380.   22320.   22260.   18690.   20830.   28710.   25150.   53950.   61690.   44430.   51810.    7390.   376610.
         1993   15200.   17030.   15880.   16040.   14310.   38990.   51090.   82720.   47790.   45640.   42070.   35110.   421870.
         1994   29400.   19680.   25650.   16040.   14310.   38990.   51090.   82720.   47790.   45640.   42070.   35110.   448490.

                                    10086500 BEAR R BL UPL CO TAILRACE AT ONEIDA IDAHO        Acre-Feet 

         YEAR     OCT      NOV      DEC      JAN      FEB      MAR      APR      MAY      JUN      JUL      AUG      SEP       ANN

         1995   22840.   21740.   23760.   26300.   24410.   41890.   29420.   29850.   59180.   64480.   61570.   37180.   442620.
         1996   18270.   24840.   26850.   24940.   29910.   49240.   36420.   52620.   45990.   32370.   48990.   31420.   421860.
         1997   24700.   28530.   31410.   18360.   21250.   32220.   69830.   71210.   53940.   40600.   41940.   31690.   465680.
         1998   98200.  100000.   74200.   40000.   25400.   70900.  114000.  132400.  119700.   77800.   89400.   95200.  1037200.
         1999   98100.   99700.   76800.   78100.   75300.   99400.  106200.  103100.   69300.   82400.   74500.   78900.  1041800.
         2000   75200.   79700.   69700.   62200.   76700.   98600.   73500.  116400.   97700.   72200.   74200.   72800.   968900.

         MEAN   44997.   45461.   46202.   43436.   39839.   50829.   64799.   62853.   54447.   62140.   60632.   49566.   625201.

          PCT    7.20%    7.27%    7.39%    6.95%    6.37%    8.13%   10.36%   10.05%    8.71%    9.94%    9.70%    7.93%   100.00%

           SD   32964.   33315.   28868.   25913.   23540.   29422.   34272.   37674.   43967.   25998.   22982.   28699.   307915.

           CV     0.73     0.73     0.62     0.60     0.59     0.58     0.53     0.60     0.81     0.42     0.38     0.58      0.49

           FILE: .\10086500                                                                      
