

                                    10089500 MINK CREEK NR MINK CREEK ID                      Acre-Feet 

         YEAR     OCT      NOV      DEC      JAN      FEB      MAR      APR      MAY      JUN      JUL      AUG      SEP       ANN

         1943                                                          7350.   14340.   10710.     490.     220.     100.
         1944      85.    2000.    2541.    2192.    1779.     114.     234.    8197.    3545.      87.      65.      50.    20889.
         1945     430.    1820.    2390.    2250.    1480.     450.     610.    8140.   15360.     550.     240.     680.    34400.
         1946    3160.    3100.    3240.    3090.    1980.    2770.   10990.   15210.    5700.     190.     190.     300.    49920.
         1947    1090.    1990.    3220.    2590.    2470.     590.    1340.   10590.    7010.     440.     610.     500.    32440.
         1948     500.    2320.    2470.    2410.    2090.     620.    3570.   13910.    9850.     520.     180.     250.    38690.
         1949     194.     426.    2573.    2372.    2057.    3650.    2701.    9723.    2993.     404.     189.     248.    27530.
         1950     370.     410.    1750.    3240.    3050.    1770.    6030.   15020.   17110.    2300.     330.     330.    51710.
         1951     310.    3220.    3190.    2860.    2860.     300.    5580.   14820.    3750.     250.     190.     140.    37470.

         MEAN     767.    1911.    2672.    2626.    2221.    1283.    4267.   12217.    8448.     581.     246.     289.    36631.

          PCT    2.09%    5.22%    7.29%    7.17%    6.06%    3.50%   11.65%   33.35%   23.06%    1.59%    0.67%    0.79%   100.00%

           SD    1012.    1054.     519.     394.     535.    1309.    3548.    3013.    5189.     664.     153.     199.    10434.

           CV     1.32     0.55     0.19     0.15     0.24     1.02     0.83     0.25     0.61     1.14     0.62     0.69      0.28

           FILE: .\10089500                                                                      
