

                                    10096000 CUB RIVER AB MAPLE CREEK NR FRANKLIN ID          Acre-Feet 

         YEAR     OCT      NOV      DEC      JAN      FEB      MAR      APR      MAY      JUN      JUL      AUG      SEP       ANN

         1940     727.                                        3233.    5258.    5835.     476.     138.     105.     121.
         1941     760.     280.     580.     740.    1050.    2090.    4930.   12870.    1060.     120.     190.     150.    24820.
         1942     220.     180.     660.    1460.    1580.    2420.   11770.   14760.    6770.     180.     100.     240.    40340.
         1943     160.     310.     800.    1270.    1600.    3070.   16380.   15710.   12300.     230.     150.     210.    52190.
         1944     240.     400.     550.    1230.     890.    1310.    5090.   20450.   12960.                       120.
         1945     200.     340.     820.     980.    1440.    1530.    4290.   16280.   18460.     610.     320.     400.    45670.
         1946     210.     500.    2000.    2140.    1730.    5070.   17600.   16870.    6710.     290.     260.     430.    53810.
         1947    1030.     960.    1520.    1720.    1410.    2660.    6410.   18320.    9610.     260.     170.     500.    44570.
         1948     240.     540.    1450.    1220.    1360.    1060.    8070.   21680.   13410.     450.     130.     390.    50000.
         1949     470.     710.    1060.    1470.    1750.    4280.    6670.   17290.    4920.     300.     120.     230.    39270.
         1950     870.     230.    1040.    2580.    2270.    3430.    9120.   22160.   21520.    3010.     490.     390.    67110.
         1951    1260.     990.    2090.    2110.    2880.    2430.   10100.   22090.    3540.     260.     340.     260.    48350.
         1952    1280.     620.    1670.    1910.    1780.    2170.   12700.   20650.    6870.     290.     350.     280.    50570.

         MEAN     590.     505.    1187.    1569.    1645.    2673.    9107.   17305.    9124.     512.     227.     286.    46973.

          PCT    1.26%    1.08%    2.53%    3.34%    3.50%    5.69%   19.39%   36.84%   19.42%    1.09%    0.48%    0.61%   100.00%

           SD     421.     271.     545.     536.     528.    1149.    4396.    4557.    6386.     798.     124.     125.    10512.

           CV     0.71     0.54     0.46     0.34     0.32     0.43     0.48     0.26     0.70     1.56     0.55     0.44      0.22

           FILE: .\10096000                                                                      
