

                                    10096500 MAPLE CREEK NR FRANKLIN ID                       Acre-Feet 

         YEAR     OCT      NOV      DEC      JAN      FEB      MAR      APR      MAY      JUN      JUL      AUG      SEP       ANN

         1946                                                          6067.    4778.    2924.     452.     281.     160.
         1947     289.     280.     692.     304.     592.    1514.    3265.    5060.    2229.     476.     175.     113.    14989.
         1948     124.     123.     227.     338.     166.     419.    3868.    7408.    2473.     492.     152.
         1949     113.     106.     119.     124.      97.     843.    3949.    5123.    1544.     324.     131.      91.    12564.
         1950     133.     165.     172.     489.     485.    1650.    4673.    8511.    5147.    1060.     261.     148.    22894.
         1951     134.     161.     232.     173.     614.     706.    4344.    5510.    1452.     381.     167.      87.    13961.
         1952     108.      87.      91.      95.     111.     273.    5663.    6730.    1999.     375.     141.      76.    15749.

         MEAN     150.     154.     256.     254.     344.     901.    4547.    6160.    2538.     509.     187.     113.    16031.

          PCT    0.94%    0.96%    1.59%    1.58%    2.15%    5.62%   28.36%   38.42%   15.83%    3.17%    1.17%    0.70%   100.00%

           SD      69.      69.     221.     151.     245.     567.    1006.    1416.    1259.     251.      60.      35.     4018.

           CV     0.46     0.45     0.87     0.59     0.71     0.63     0.22     0.23     0.50     0.49     0.32     0.31      0.25

           FILE: .\10096500                                                                      
