

                                    10108000 UTAH POWER AND LIGHT TAILRACE NR LOGAN UTAH      Acre-Feet 

         YEAR     OCT      NOV      DEC      JAN      FEB      MAR      APR      MAY      JUN      JUL      AUG      SEP       ANN

         1961    5550.    5240.    4550.    4130.    3680.    3570.    5450.   10190.    9060.    5420.    4060.    3650.    64550.
         1962    4010.    3740.    3390.    3290.    4120.    4080.    9270.   11100.   10970.   11260.    8420.    5990.    79640.
         1963    5920.    5750.    5190.    4210.    4230.    4670.    7970.   10690.    9930.    9420.    6120.    5710.    79810.
         1964    5820.    5190.    4380.    3850.    3460.    3620.    5250.   10860.   10480.   10520.    9170.    6350.    78950.
         1965    5770.    5540.    5410.    5790.    5290.    5310.    7580.   11650.   10740.   11490.   11340.   10670.    96580.
         1966    9880.    6940.    6500.    5740.    4740.    5740.    9220.   11550.   10620.    8390.    6260.    5030.    90610.
         1967    5690.    5260.    4690.    4420.    3700.    4400.    7430.   10610.   11260.   11560.   10380.    6940.    86340.
         1968    6890.    4260.    5420.    5120.    4910.    4700.    8350.   11080.   11000.   11530.    9450.    7200.    89910.
         1969    7208.    6613.    5877.    5385.    4471.    4770.    1912.    2388.    3425.    3380.    3265.    3316.    52010.
         1970    3398.    3269.    3136.    2196.    2218.    2882.    2844.    2364.    2164.    1686.     891.     724.    27772.
         1971     628.     126.

         MEAN    5524.    4721.    4854.    4413.    4082.    4374.    6528.    9248.    8965.    8466.    6936.    5558.    74617.

          PCT    7.40%    6.33%    6.51%    5.91%    5.47%    5.86%    8.75%   12.39%   12.01%   11.35%    9.29%    7.45%   100.00%

           SD    2341.    1882.    1051.    1141.     877.     858.    2577.    3647.    3325.    3684.    3402.    2664.    21048.

           CV     0.42     0.40     0.22     0.26     0.21     0.20     0.39     0.39     0.37     0.44     0.49     0.48      0.28

           FILE: .\10108000                                                                      
