

                                    10104600 SOUTH FORK LITTLE BEAR RIVER NEAR AVON, UTAH     Acre-Feet 

         YEAR     OCT      NOV      DEC      JAN      FEB      MAR      APR      MAY      JUN      JUL      AUG      SEP       ANN

         1966                                                                                      712.     609.     602.
         1967     625.     611.     654.     671.     643.    1845.    3285.    4302.    2267.    1166.     847.     736.    17652.
         1968     625.     768.     764.     740.    1012.    1523.    2582.    1950.    1664.     869.     768.     690.    13955.
         1969     708.     708.     704.    2340.    1018.    1747.    6730.    3606.    1888.    1190.     958.     847.    22444.
         1970     924.     871.     879.    1047.     875.    1164.    2027.    2918.    1331.     879.     710.     617.    14242.
         1971     704.    1071.    1139.    1886.    1303.    2580.    4746.    3249.    2031.    1287.    1069.     926.    21991.
         1972     966.     960.    1267.    1228.     960.    3788.    4588.    2729.    1789.    1105.     948.     924.    21252.
         1973    1004.     952.     924.     899.     807.    1198.    4588.    6593.    1880.    1182.     952.     910.    21889.
         1974     940.     938.     865.    1035.     789.    3241.    5290.    4147.    1898.    1250.     990.     867.    22250.

         MEAN     812.     860.     900.    1231.     926.    2136.    4230.    3687.    1844.    1071.     872.     791.    19459.

          PCT    4.17%    4.42%    4.62%    6.32%    4.76%   10.98%   21.74%   18.95%    9.47%    5.50%    4.48%    4.06%   100.00%

           SD     161.     152.     211.     585.     198.     970.    1529.    1402.     272.     201.     150.     131.     3645.

           CV     0.20     0.18     0.23     0.48     0.21     0.45     0.36     0.38     0.15     0.19     0.17     0.17      0.19

           FILE: .\10104600                                                                      
