                        10105900 LITTLE BEAR RIVER AT PARADISE, UT                                                       PAGE  1

           WATER
           YEAR    OCT     NOV     DEC     JAN     FEB     MAR     APR     MAY     JUN     JUL     AUG     SEP       ANN

           1993   1015.   1224.   1166.   1074.    824.  10645.  13014.  22421.   8253.   1172.    783.    968.    62559.
           1994   1440.   1531.   1460.   1638.   1928.   5276.  14229.   6942.   1170.   1239.   1214.   1214.    39281.
           1995   1912.   1817.   2073.   2567.   3451.   8303.  16003.  26176.  17324.   2432.   1412.   1454.    84924.
           1996   2694.   2507.   2610.   2640.   3217.   6401.  18107.  23919.   6573.   1644.   1628.   2158.    74098.
           1997   2610.   2980.   5460.   7280.   4950.  11440.  19550.  36480.  15180.   3850.   2870.   4430.   117080.
           1998   5220.   3850.   3150.   3780.   3480.   8300.  21430.  38470.  20080.   5490.   5860.   5680.   124790.
           1999   7012.   7357.   5460.   4818.   5139.   7182.   8819.  27901.  15453.   4138.   2838.   2872.    98989.
           2000   3314.   3535.   3519.   3533.   3741.   4457.   6611.   5605.   1135.   1146.   1129.   1583.    39308.
           2001   1954.   2253.   2384.   2223.   2031.   4711.   5369.   4594.   1069.   1113.   1006.    940.    29647.
           2002   1567.   1843.   1898.   1855.   1222.   3493.   7509.   7740.   1831.    950.   1023.   1256.    32187.
           2003   1791.   1980.   1944.   2013.   2158.   3572.   4009.   5984.    807.    712.    833.    893.    26696.
           2004   1377.   1914.   1855.   1220.   1329.   5637.   5843.   4818.   1428.    859.   1002.   1386.    28668.
           2005   1882.   1835.   2178.   2410.   1922.   5090.  21864.  30375.  12071.   2485.   1983.   2206.    86301.
           2006   2995.   3150.   3794.   4211.   2872.  10312.  26569.  21614.   6014.   2446.   2251.   2747.    88975.
           2007   3261.   3418.   2947.   2275.   3346.   6591.   8144.   5526.   1375.   1206.   1345.   1559.    40993.
           2008   2087.   1989.   2049.   2011.   2350.   3554.   7958.  20388.   8987.   1156.   1000.   1880.    55409.
           2009   2112.   2444.   2471.   2747.   2628.   6897.  19440.  20846.   8584.   2190.   2067.   2406.    74832.
           2010   2882.   2606.   2509.   2549.   2235.   2997.   6545.  10376.   7549.   1472.   1232.   1400.    44352.
           2011   1880.   2370.   4070.   3690.   2740.   8520.  21080.  42640.  34330.   7600.   3820.   3550.   136290.

           AVE.   2579.   2663.   2789.   2870.   2714.   6494.  13268.  19096.   8906.   2279.   1858.   2136.    67652.

          Count     19      19      19      19      19      19      19      19      19      19      19      19        19
                        10109001 COM F LOGAN R AB ST D AND LO HP AND SM C N LO UT                                        PAGE  2

           WATER
           YEAR    OCT     NOV     DEC     JAN     FEB     MAR     APR     MAY     JUN     JUL     AUG     SEP       ANN

           1922  12510.   9780.   9910.   8740.   7430.   8840.  13010.  50480.  60330.  27020.  17750.  14490.   240290.
           1923  11730.   8490.   7660.   8270.   6340.   6810.  15630.  59950.  49600.  28240.  15540.  11160.   229420.
           1924  12530.  11030.   9370.   9090.   7890.   7370.  19280.  41570.  21390.  13840.  10590.   8810.   172760.
           1925   8740.   7190.   6670.   6430.   5660.   7220.  15760.  42110.  30420.  18600.  12570.  10180.   171550.
           1926   8725.   7704.   7182.   6595.   5877.   7985.  17734.  28647.  17092.  11629.   9090.   7716.   135976.
           1927   7310.   6610.   6220.   6080.   5380.   6720.  13940.  35490.  47670.  25050.  14940.  11600.   187010.
           1928  10590.  10180.   8720.   8070.   6870.   9470.  13940.  54150.  35220.  19130.  13350.  10590.   200280.
           1929   9840.   8380.   7530.   7230.   6060.   7470.  11210.  36770.  40320.  22160.  13740.  11090.   181800.
           1930  10260.   8420.   7672.   7021.   6151.   6791.  16145.  25299.  25025.  13924.  10485.   8475.   145668.
           1931   7930.   6575.   6411.   6028.   5105.   5726.   7648.  16750.  11693.   7402.   6262.   5250.    92780.
           1932   4920.   4570.   4720.   4670.   4240.   5700.  15220.  53920.  57470.  30600.  16590.  12500.   215120.
           1933  10800.   8940.   7700.   7280.   5860.   6520.  10070.  24420.  48530.  18610.  13140.   9720.   171590.
           1934   8390.   7139.   6655.   5974.   5258.   6875.  12791.  13043.   8360.   6341.   5423.   4752.    91001.
           1935   4560.   4460.   4470.   4360.   4240.   5000.  11200.  29470.  37510.  16910.  10990.   8270.   141440.
           1936   7060.   6150.   5480.   5130.   4940.   5820.  24360.  72950.  51580.  23720.  15590.  11770.   234550.
           1937  10430.   8640.   7720.   6740.   5870.   6510.  10000.  38400.  31260.  17900.  12290.   9490.   165250.
           1938   8780.   7700.   7200.   6730.   5700.   7330.  19650.  43450.  40540.  19620.  13570.  10240.   190510.
           1939   9035.   7928.   7400.   6647.   5764.   7843.  16885.  28663.  18262.  11994.   9243.   7456.   137120.
           1940   7031.   5974.   5863.   5633.   5236.   6419.   9943.  26551.  15979.  10145.   7801.   6536.   113111.
           1941   6056.   5296.   4814.   4590.   4354.   5282.   7073.  21053.  15739.   9804.   7353.   5845.    97259.
           1942   5784.   5209.   5100.   4865.   4290.   4939.  13394.  20227.  25428.  13791.   9552.   7424.   120003.
           1943   6520.   5910.   5510.   5420.   5150.   7030.  29360.  45600.  46440.  26290.  15050.  11330.   209610.
           1944  10159.   8277.   7315.   6557.   5625.   5724.   8757.  26660.  27358.  15277.  10671.   8172.   140552.
           1945   7450.   6500.   5720.   5580.   5140.   5580.   7280.  27920.  38920.  23580.  14290.  11020.   158980.
           1946   9580.   8510.   7790.   7290.   6040.   8910.  33360.  48000.  39200.  21850.  14730.  11310.   216570.
           1947  10430.   8870.   8130.   7050.   6400.   8450.  12770.  43590.  30270.  17320.  12450.   9760.   175490.
           1948   8890.   7620.   7070.   6520.   5860.   6010.  13430.  46900.  46140.  21040.  13980.  10860.   194320.
           1949   9860.   8480.   7700.   6990.   6020.   7670.  18610.  42900.  33130.  18350.  13020.  10840.   183570.
           1950  10480.   8060.   7450.   7660.   6670.   8610.  21820.  49110.  68780.  40020.  19790.  14330.   262780.
           1951  12560.  11040.   9880.   8570.   8090.   8800.  27260.  51750.  46150.  24790.  16140.  12380.   237410.
           1952  11560.   9720.   8710.   7900.   6740.   7080.  20040.  53190.  45960.  22500.  15130.  11800.   220330.
           1953  10580.   8980.   8280.   7830.   6450.   7450.  11660.  21640.  41880.  21980.  13500.  10170.   170400.
           1954   9156.   8144.   7258.   6827.   5758.   6801.  12528.  28262.  17431.  12137.   8799.   7093.   130194.
           1955   6643.   5998.   5462.   5318.   4614.   5086.   8041.  29681.  28497.  15088.  10221.   7779.   132428.
           1956   7370.   6490.   8860.   8010.   6300.   8200.  22630.  49230.  41860.  18920.  12560.   9620.   200050.
           1957   8870.   7640.   7130.   6530.   5990.   7230.  11020.  33790.  49690.  23570.  13720.  10410.   185590.
           1958   9740.   8260.   7630.   6730.   6210.   6990.  12800.  47220.  38940.  17630.  12370.   9810.   184330.
           1959   8577.   7686.   7057.   6272.   5560.   6508.  12603.  25696.  29942.  14910.  10419.   8396.   143626.
           1960   8450.   7033.   6357.   5909.   5290.   7511.  16153.  30119.  22582.  12597.   9326.   7765.   139092.
           1961   7139.   6583.   5927.   5581.   4879.   5435.   7359.  18042.  14513.   8158.   6325.   5439.    95380.
           1962   5350.   4900.   4780.   4580.   5700.   5650.  25910.  41400.  32520.  18020.  11920.  10160.   170890.
           1963   9080.   7640.   6620.   5820.   6890.   6460.   9530.  31960.  29060.  14340.  10030.   8490.   145920.
           1964   7600.   6710.   6000.   5510.   4970.   5200.   9000.  30110.  39160.  22080.  12930.   9930.   159200.
           1965   8600.   7480.   8100.   7550.   7540.   7510.  17600.  40560.  61800.  32370.  17520.  13560.   230190.
           1966  11660.   9650.   8510.   7610.   6380.   8590.  18030.  33250.  19860.  12500.   9540.   7900.   153480.
           1967   7420.   6740.   6370.   6320.   5220.   6520.   9570.  33280.  52620.  28350.  15420.  11730.   189560.
           1968  10300.   8750.   7690.   6960.   6690.   7720.  10460.  28060.  39810.  20830.  13990.  10740.   172000.
           1969   9720.   8600.   7960.   7670.   6430.   7120.  19840.  44360.  28320.  18450.  12110.   9660.   180240.
           1970   8850.   7320.   6820.   6680.   5710.   6230.   8370.  33530.  48600.  22450.  13360.   9980.   177900.
           1971   8800.   8600.   8170.   9150.   8520.  10240.  25280.  53480.  80650.  43750.  22350.  16190.   295180.
           1972  13930.  11380.   9870.   9390.   7990.  16350.  24500.  55320.  63260.  30390.  18840.  14300.   275520.
           1973  12560.  10630.   9340.   8220.   6720.   7220.   9400.  33670.  30390.  16980.  11940.   9500.   166570.
           1974   8240.   7610.   7050.   6710.   5740.   8710.  16970.  50690.  58070.  27030.  16600.  12850.   226270.
           1975  10350.   8490.   7490.   6930.   5860.   6820.   7780.  28490.  59290.  44750.  19650.  13640.   219540.
           1976  11450.   9480.   8730.   7730.   7030.   7960.  15260.  43710.  35700.  20410.  13580.  11120.   192160.
           1977   9796.   7914.   7004.   6583.   5439.   5823.   7644.  10020.   9753.   6690.   5804.   4885.    87355.
           1978   5140.   4940.   5000.   4700.   4390.   7880.  18400.  37030.  52660.  28900.  15290.  11520.   195850.
           1979   9770.   7890.   6900.   6340.   5350.   6430.  11260.  35620.  29390.  15940.  11010.   8320.   154220.
           1980   7590.   6610.   6230.   6340.   5930.   6680.  17170.  43620.  46700.  25570.  14930.  11880.   199250.
           1981  10336.   8233.   6845.   6526.   5697.   6327.   9152.  20813.  24299.  12452.   8477.   7174.   126331.
           1982   6900.   5840.   5820.   5580.   5760.   8580.  17770.  58170.  60310.  38810.  19560.  14500.   247600.
           1983  12480.  10440.   9780.   8830.   7400.   9690.  13040.  35900.  73920.  43650.  22740.  16370.   264240.
           1984  15350.  12440.  11520.   9920.   8620.   9760.  19730.  66650.  80090.  46050.  23590.  17170.   320890.
           1985  14940.  12670.  11300.   9990.   8050.   9450.  24280.  47890.  32330.  18800.  14100.  11580.   215380.
           1986  10490.   9340.   7730.   7540.  11390.  22690.  37410.  55970.  87170.  42140.  23110.  17930.   332910.
           1987  14198.  12389.  10746.   9191.   7970.   8362.  13073.  20251.  14174.  10590.   8969.   7416.   137329.
           1988   7347.   6460.   5960.   5899.   5191.   5768.  11492.  24843.  17796.  10306.   7862.   6543.   115467.
           1989   6230.   5800.   5340.   5220.   4760.   7590.  21250.  35400.  29740.  16150.  11930.  10000.   159410.
           1990   8269.   6758.   6446.   6004.   4752.   6534.  10163.  15183.  15600.  10104.   7809.   6450.   104072.
           1991   5770.   5040.   4600.   4460.   4120.   4990.   6590.  13680.  33320.  14540.   9660.   7410.   114180.
           1992   6575.   6220.   5821.   5419.   4903.   6557.   9927.  14771.   9070.   6470.   5314.   4891.    85938.
           1993   4710.   4280.   4240.   3880.   3420.   6830.  10520.  44650.  48920.  25350.  14410.  10500.   181710.
           1994   8811.   6956.   6601.   6177.   5334.   7363.  13375.  26563.  16262.   9759.   7640.   6135.   120976.
           1995   6280.   5480.   5180.   5030.   5280.   9370.  12810.  28730.  57760.  34180.  16440.  11900.   198440.
           1996   9980.   8480.   8120.   7290.   6670.   8130.  16920.  45720.  56440.  24130.  14290.  10530.   216700.
           1997   8970.   7790.   8170.   9690.   7560.  10860.  19490.  67350.  68110.  29840.  17220.  13280.   268330.
                        10109001 COM F LOGAN R AB ST D AND LO HP AND SM C N LO UT                                        PAGE  3

           WATER
           YEAR    OCT     NOV     DEC     JAN     FEB     MAR     APR     MAY     JUN     JUL     AUG     SEP       ANN

           1998  11880.   9750.   8790.   8430.   7050.   9940.  17270.  43530.  51490.  32990.  18650.  13970.   233740.
           1999  11650.  10160.   9240.   8350.   7280.   9480.  16750.  47510.  68370.  33060.  18780.  13390.   254020.
           2000  11270.   9959.   9406.   7978.   6964.   7708.  13569.  27612.  20380.  11718.   9078.   7813.   143455.
           2001   7539.   6900.   6375.   5580.   5415.   6966.  10259.  25061.  14331.   9265.   7652.   6637.   111980.
           2002   6472.   5798.   5556.   5135.   4641.   5597.   9687.  20592.  20745.  10877.   8164.   7319.   110583.
           2003   6934.   6165.   5702.   5496.   5169.   6555.  11240.  25654.  23058.  10776.   7906.   6750.   121405.
           2004   6502.   5324.   4820.   4675.   4286.   6609.  11222.  21384.  21338.  11589.   7857.   6498.   112104.
           2005   6320.   5700.   5180.   4910.   4240.   6550.  17670.  49760.  50640.  26550.  15240.  11570.   204330.
           2006   9680.   8300.   7470.   6250.   5990.   8130.  23890.  65610.  53220.  23520.  14260.  10990.   237310.
           2007  10338.   9423.   8805.   8148.   6889.   9844.  13964.  24623.  16643.  11060.   8795.   7601.   136133.
           2008   6840.   5890.   5900.   5720.   4940.   5510.   7240.  24630.  37290.  21620.  12800.   9300.   147680.
           2009   7560.   7060.   6120.   6260.   5360.   6970.  14800.  42190.  44690.  22230.  14130.  10410.   187780.
           2010   9320.   7640.   6720.   6230.   5190.   5890.  10000.  17250.  37740.  17650.  11250.   8840.   143720.
           2011   8240.   6830.   6910.   6760.   5650.   8220.  17990.  48040.  80410.  68740.  29300.  18540.   305630.

          +AVE.   8384.   7257.   6806.   6420.   5649.   7712.  14140.  36656.  41465.  22890.  13361.  10104.   180843.


          +   AVE. GIVEN FOR YEARS OF CONCURRENT DATA WITH CORRELATED STATION
                        10105900 LITTLE BEAR RIVER AT PARADISE, UT                                                       PAGE  4

           R      0.905   0.892   0.858   0.893   0.952   0.828   0.902   0.865   0.928   0.951   0.849   0.866               0.982
           A   -.33E+04-.30E+04-.24E+04-.32E+04-.29E+04-.60E+04-.11E+05-.11E+05-.88E+04-.67E+03-.12E+04-.18E+04          -0.371E+05
           B   0.70E+000.78E+000.76E+000.95E+000.10E+010.16E+010.17E+010.83E+000.43E+000.13E+000.23E+000.39E+00           0.579E+00

           WATER
           YEAR    OCT     NOV     DEC     JAN     FEB     MAR     APR     MAY     JUN     JUL     AUG     SEP       SUM       ANN

          *1922   5460.   4626.   5164.   5074.   4495.   8328.  11349.  30619.  16959.   2811.   2876.   3864.   101625.   102090.
          *1923   4915.   3622.   3443.   4628.   3405.   5028.  15797.  38514.  12379.   2968.   2363.   2552.    99613.    95793.
          *1924   5474.   5598.   4751.   5407.   4955.   5938.  21994.  23192.    336.   1114.   1215.   1626.    81599.    62969.
          *1925   2828.   2611.   2686.   2879.   2725.   5694.  16018.  23642.   4191.   1727.   1674.   2166.    68841.    62268.
          *1926   2817.   3011.   3077.   3036.   2942.   6938.  19369.  12419.  -1498.    829.    867.   1195.    55002.    41659.
          *1927   1829.   2160.   2341.   2547.   2445.   4881.  12928.  18124.  11555.   2557.   2224.   2725.    66317.    71224.
          *1928   4119.   4937.   4254.   4438.   3935.   9352.  12928.  33679.   6240.   1795.   1855.   2327.    89859.    78911.
          *1929   3596.   3537.   3343.   3639.   3125.   6101.   8293.  19191.   8417.   2185.   1946.   2524.    65897.    68206.
          *1930   3889.   3568.   3452.   3441.   3216.   4997.  16671.   9629.   1888.   1124.   1190.   1494.    54559.    47274.
          *1931   2262.   2133.   2488.   2497.   2170.   3265.   2246.   2502.  -3803.    284.    211.    223.    16478.    16635.
          *1932    161.    573.   1194.   1207.   1305.   3223.  15101.  33487.  15738.   3272.   2607.   3080.    80948.    87508.
          *1933   4266.   3972.   3473.   3687.   2925.   4556.   6358.   8896.  11922.   1728.   1806.   1985.    55574.    62291.
          *1934   2583.   2571.   2674.   2446.   2323.   5133.  10977.   -588.  -5226.    148.     16.     27.    23085.    15604.
          *1935    -90.    488.   1003.    912.   1305.   2085.   8276.  13105.   7218.   1509.   1308.   1413.    38531.    44825.
          *1936   1655.   1802.   1775.   1644.   2005.   3418.  30618.  49351.  13224.   2386.   2375.   2792.   113045.    98765.
          *1937   4008.   3739.   3489.   3174.   2935.   4540.   6239.  20550.   4550.   1636.   1609.   1894.    58362.    58618.
          *1938   2856.   3008.   3091.   3164.   2765.   5873.  22622.  24759.   8511.   1858.   1906.   2190.    82603.    73251.
          *1939   3034.   3185.   3244.   3085.   2829.   6707.  17928.  12433.   -999.    876.    902.   1093.    54317.    42322.
          *1940   1635.   1665.   2068.   2122.   2301.   4392.   6142.  10672.  -1974.    638.    568.    730.    30959.    28413.
          *1941    954.   1138.   1266.   1131.   1419.   2544.   1270.   6089.  -2076.    594.    464.    458.    15249.    19230.
          *1942    764.   1070.   1485.   1392.   1355.   1986.  12001.   5400.   2060.   1107.    974.   1080.    30675.    32406.
          *1943   1278.   1615.   1798.   1920.   2215.   5385.  39107.  26551.  11030.   2717.   2250.   2619.    98485.    84316.
          *1944   3818.   3457.   3179.   3000.   2690.   3262.   4129.  10763.   2884.   1299.   1234.   1375.    41089.    44310.
          *1945   1927.   2074.   1959.   2072.   2205.   3028.   1621.  11813.   7819.   2368.   2073.   2497.    41457.    54986.
          *1946   3414.   3638.   3542.   3696.   3105.   8442.  45897.  28552.   7939.   2145.   2175.   2611.   115158.    88348.
          *1947   4008.   3918.   3802.   3468.   3465.   7694.  10942.  24876.   4127.   1562.   1646.   2000.    71508.    64550.
          *1948   2932.   2946.   2992.   2965.   2925.   3727.  12062.  27635.  10902.   2041.   2001.   2434.    75561.    75459.
          *1949   3610.   3615.   3473.   3411.   3085.   6426.  20856.  24301.   5348.   1694.   1779.   2426.    80024.    69231.
          *1950   4042.   3288.   3282.   4048.   3735.   7954.  26306.  29477.  20566.   4485.   3349.   3801.   114335.   115119.
          *1951   5495.   5606.   5141.   4913.   5155.   8263.  35541.  31678.  10906.   2524.   2502.   3033.   120756.   100421.
          *1952   4796.   4579.   4246.   4276.   3805.   5467.  23284.  32879.  10825.   2229.   2268.   2804.   101458.    90527.
          *1953   4112.   4004.   3917.   4210.   3515.   6068.   9057.   6578.   9083.   2162.   1890.   2162.    56758.    61601.
          *1954   3118.   3353.   3135.   3257.   2823.   5013.  10531.  12098.  -1354.    894.    799.    950.    44618.    38310.
          *1955   1364.   1684.   1762.   1823.   1679.   2225.   2913.  13281.   3370.   1274.   1129.   1220.    33724.    39604.
          *1956   1871.   2067.   4361.   4381.   3365.   7287.  27681.  29577.   9075.   1768.   1672.   1945.    95050.    78778.
          *1957   2918.   2961.   3037.   2974.   3055.   5710.   7971.  16707.  12417.   2367.   1941.   2257.    64315.    70401.
          *1958   3526.   3443.   3420.   3164.   3275.   5320.  10993.  27902.   7828.   1602.   1628.   2020.    74121.    69671.
          *1959   2714.   2997.   2982.   2729.   2625.   4537.  10658.   9959.   3987.   1251.   1175.   1463.    47077.    46091.
          *1960   2625.   2489.   2446.   2384.   2355.   6167.  16685.  13646.    845.    953.    921.   1214.    52733.    43464.
          *1961   1710.   2139.   2117.   2073.   1944.   2792.   1755.   3579.  -2599.    382.    225.    298.    16415.    18141.
          *1962    461.    830.   1240.   1121.   2765.   3142.  33250.  23050.   5087.   1652.   1523.   2158.    76280.    61885.
          *1963   3065.   2961.   2647.   2300.   3955.   4459.   5441.  15181.   3610.   1178.   1085.   1500.    47382.    47420.
          *1964   2032.   2238.   2173.   2005.   2035.   2410.   4541.  13639.   7922.   2175.   1758.   2067.    44995.    55113.
          *1965   2730.   2837.   3779.   3944.   4605.   6166.  19142.  22350.  17586.   3500.   2823.   3498.    92959.    96239.
          *1966   4866.   4525.   4093.   4001.   3445.   7921.  19872.  16256.   -317.    941.    971.   1268.    67842.    51799.
          *1967   1906.   2261.   2456.   2775.   2285.   4556.   5509.  16282.  13668.   2982.   2335.   2777.    59792.    72701.
          *1968   3917.   3825.   3466.   3383.   3755.   6507.   7020.  11930.   8199.   2014.   2004.   2387.    58406.    62528.
          *1969   3512.   3708.   3672.   4058.   3495.   5532.  22944.  25518.   3295.   1707.   1567.   1961.    80969.    67302.
          *1970   2905.   2712.   2800.   3117.   2775.   4085.   3472.  16490.  11952.   2222.   1857.   2087.    56474.    65946.
          *1971   2870.   3708.   3833.   5464.   5585.  10604.  32180.  33120.  25633.   4965.   3943.   4534.   136440.   133888.
          *1972   6451.   5870.   5133.   5692.   5055.  20537.  30856.  34654.  18210.   3245.   3129.   3789.   142622.   122499.
          *1973   5495.   5287.   4728.   4580.   3785.   5694.   5220.  16607.   4178.   1518.   1528.   1898.    60518.    59383.
          *1974   2479.   2938.   2976.   3145.   2805.   8117.  18072.  30795.  15994.   2812.   2609.   3218.    95960.    93968.
          *1975   3952.   3622.   3313.   3354.   2925.   5044.   2470.  12289.  16515.   5094.   3317.   3529.    65424.    90069.
          *1976   4720.   4392.   4261.   4115.   4095.   6897.  15169.  24976.   6445.   1960.   1908.   2536.    81475.    74207.
          *1977   3565.   3174.   2941.   3025.   2504.   3423.   2239.  -3108.  -4631.    193.    104.     80.    13509.    13492.
          *1978    315.    861.   1408.   1235.   1455.   6767.  20500.  19408.  13685.   3053.   2305.   2694.    73685.    76345.
          *1979   3547.   3156.   2862.   2794.   2415.   4410.   8378.  18232.   3751.   1384.   1312.   1433.    53673.    52228.
          *1980   2025.   2160.   2349.   2794.   2995.   4816.  18412.  24901.  11141.   2624.   2222.   2836.    79274.    78315.
          *1981   3942.   3422.   2820.   2970.   2762.   4242.   4799.   5889.   1578.    935.    724.    981.    35066.    36072.
          *1982   1543.   1561.   2036.   2072.   2825.   7905.  19430.  37030.  16950.   4329.   3296.   3868.   102845.   106325.
          *1983   5439.   5139.   5064.   5160.   4465.   9710.  11400.  18466.  22760.   4952.   4034.   4605.   101194.   115964.
          *1984   7442.   6695.   6395.   6196.   5685.   9824.  22758.  44099.  25394.   5262.   4231.   4920.   148900.   148783.
          *1985   7156.   6874.   6227.   6262.   5115.   9320.  30482.  28460.   5006.   1752.   2029.   2718.   111402.    87659.
          *1986   4049.   4284.   3496.   3934.   8455.  30844.  52773.  35196.  28416.   4758.   4120.   5220.   185546.   155746.
          *1987   6638.   6655.   5803.   5503.   5035.   7551.  11456.   5420.  -2744.    695.    839.   1077.    53928.    42443.
          *1988   1855.   2043.   2143.   2375.   2256.   3334.   8772.   9248.  -1198.    658.    582.    733.    32801.    29778.
          *1989   1075.   1530.   1668.   1729.   1825.   6296.  25338.  18049.   3901.   1411.   1526.   2095.    66443.    55235.
          *1990   2499.   2275.   2514.   2474.   1817.   4579.   6516.   1196.  -2135.    632.    569.    696.    23633.    23177.
          *1991    754.    939.   1102.   1007.   1185.   2069.    450.    -57.   5429.   1204.    999.   1074.    16155.    29032.
          *1992   1316.   1857.   2036.   1919.   1968.   4616.   6115.    852.  -4923.    164.     -9.     82.    15994.    12671.
                        10105900 LITTLE BEAR RIVER AT PARADISE, UT                                                       PAGE  5

           WATER
           YEAR    OCT     NOV     DEC     JAN     FEB     MAR     APR     MAY     JUN     JUL     AUG     SEP       SUM       ANN

           1993   1015.   1224.   1166.   1074.    824.  10645.  13014.  22421.   8253.   1172.    783.    968.    62559.    62559.
           1994   1440.   1531.   1460.   1638.   1928.   5276.  14229.   6942.   1170.   1239.   1214.   1214.    39281.    39281.
           1995   1912.   1817.   2073.   2567.   3451.   8303.  16003.  26176.  17324.   2432.   1412.   1454.    84924.    84924.
           1996   2694.   2507.   2610.   2640.   3217.   6401.  18107.  23919.   6573.   1644.   1628.   2158.    74098.    74098.
           1997   2610.   2980.   5460.   7280.   4950.  11440.  19550.  36480.  15180.   3850.   2870.   4430.   117080.   117080.
           1998   5220.   3850.   3150.   3780.   3480.   8300.  21430.  38470.  20080.   5490.   5860.   5680.   124790.   124790.
           1999   7012.   7357.   5460.   4818.   5139.   7182.   8819.  27901.  15453.   4138.   2838.   2872.    98989.    98989.
           2000   3314.   3535.   3519.   3533.   3741.   4457.   6611.   5605.   1135.   1146.   1129.   1583.    39308.    39308.
           2001   1954.   2253.   2384.   2223.   2031.   4711.   5369.   4594.   1069.   1113.   1006.    940.    29647.    29647.
           2002   1567.   1843.   1898.   1855.   1222.   3493.   7509.   7740.   1831.    950.   1023.   1256.    32187.    32187.
           2003   1791.   1980.   1944.   2013.   2158.   3572.   4009.   5984.    807.    712.    833.    893.    26696.    26696.
           2004   1377.   1914.   1855.   1220.   1329.   5637.   5843.   4818.   1428.    859.   1002.   1386.    28668.    28668.
           2005   1882.   1835.   2178.   2410.   1922.   5090.  21864.  30375.  12071.   2485.   1983.   2206.    86301.    86301.
           2006   2995.   3150.   3794.   4211.   2872.  10312.  26569.  21614.   6014.   2446.   2251.   2747.    88975.    88975.
           2007   3261.   3418.   2947.   2275.   3346.   6591.   8144.   5526.   1375.   1206.   1345.   1559.    40993.    40993.
           2008   2087.   1989.   2049.   2011.   2350.   3554.   7958.  20388.   8987.   1156.   1000.   1880.    55409.    55409.
           2009   2112.   2444.   2471.   2747.   2628.   6897.  19440.  20846.   8584.   2190.   2067.   2406.    74832.    74832.
           2010   2882.   2606.   2509.   2549.   2235.   2997.   6545.  10376.   7549.   1472.   1232.   1400.    44352.    44352.
           2011   1880.   2370.   4070.   3690.   2740.   8520.  21080.  42640.  34330.   7600.   3820.   3550.   136290.   136290.

           AVE.   3020.   3043.   3053.   3126.   3018.   6161.  14669.  19075.   7713.   2046.   1779.   2127.    68830.    66302.


          * DATA CORRELATED WITH STATION:     10109001 COM F LOGAN R AB ST D AND LO HP AND SM C N LO UT                       
          Count      90      90      90      90      90      90      90      90      90      90      90      90                  90

           NUMBER OF YEARS   90                       Linear Regression   
                                                                                                                        PAGE  6

          Correlation Coefficients           11:39:52.7          05/25/2012
                      Linear Regression   
          1 OCT  A=-.327378592E+04, B=0.698115034E+00, R=  0.904784, R*R=  0.818634
          2 NOV  A=-.298182064E+04, B=0.777877160E+00, R=  0.891965, R*R=  0.795601
          3 DEC  A=-.241604573E+04, B=0.764872734E+00, R=  0.858157, R*R=  0.736434
          4 JAN  A=-.323071448E+04, B=0.950229735E+00, R=  0.892825, R*R=  0.797136
          5 FEB  A=-.293547898E+04, B=0.100008479E+01, R=  0.952342, R*R=  0.906955
          6 MAR  A=-.604362265E+04, B=0.162574105E+01, R=  0.828052, R*R=  0.685670
          7 APR  A=-.107380644E+05, B=0.169770728E+01, R=  0.902124, R*R=  0.813827
          8 MAY  A=-.114607907E+05, B=0.833602586E+00, R=  0.865500, R*R=  0.749090
          9 JUN  A=-.879461330E+04, B=0.426878469E+00, R=  0.928261, R*R=  0.861669
         10 JUL  A=-.668797981E+03, B=0.128780516E+00, R=  0.951478, R*R=  0.905310
         11 AUG  A=-.124230718E+04, B=0.232015175E+00, R=  0.849030, R*R=  0.720851
         12 SEP  A=-.184528014E+04, B=0.394025841E+00, R=  0.866495, R*R=  0.750813
         13 ANN  A=-.371137996E+05, B=0.579314939E+00, R=  0.982406, R*R=  0.965122


         Base Station:       O:\STREAMFL\MONTH\10109001.mon
         Correlated Station: O:\STREAMFL\MONTH\10105900.mon
         Print File Name:    O:\STREAMFL\MONTH\10105900.PRN
         Output/Save File:   
