 
                        10113500 BLACKSMITH FORK AB UP and L CO.'S DAM NR HYRUM, UT                     


         YEAR     OCT      NOV      DEC      JAN      FEB      MAR      APR      MAY      JUN      JUL      AUG      SEP       ANN

         1914                      4893.    5272.    4532.    7607.   21057.   23742.   12587.    9576.    8872.    8210.
         1915    6716.    6067.    6510.    5744.    5199.    5649.    6135.    6184.    5804.    5044.    4356.    4552.    67960.
         1916    4975.    4760.    4364.    4215.    4255.   10794.   27033.   22824.   11554.    9348.    7952.    7390.   119464.
         1917    6950.    5820.    5480.    5080.    4450.    5010.   13570.   41910.   25930.   14000.   11040.    9270.   148510.
         1918    8515.    7474.    7014.    6300.    5752.                                                 7579.    6264.
         1919    6087.    5478.    5306.    4883.    4518.    6026.    9949.   10219.    6692.    5228.    4897.    4746.    74029.
         1920    4850.    4350.    4130.    4280.    3930.    4730.    9610.   35210.   13850.    9420.    8160.    7300.   109820.
         1921    6990.    6610.    6160.    5710.    5510.   11480.   17460.   41950.   20310.   12180.   10520.    9250.   154130.
         1922    8670.    7620.    7340.    6890.    5810.    7420.   14000.   37910.   16440.   10600.    9800.    8460.   140960.
         1923    7880.    6940.    6920.    6640.    5170.    5850.   14950.   38770.   14850.   11370.    9890.    8340.   137570.
         1924    8456.    7242.    6561.    6278.    5580.    5816.   12666.   14682.    7658.    6645.    5867.    5498.    92949.
         1925    5585.    5040.    5070.    4435.    4064.    5958.   13382.   15695.    8930.    7063.    5510.    5653.    86385.
         1926    5492.    4877.    5068.    4838.    3874.    5004.   10217.    7868.    5381.    5139.    4957.    4407.    67122.
         1927    4465.    4389.    4251.    4209.    3872.    4945.   12518.   20241.   10090.    6960.    6442.    5738.    88120.
         1928    5714.    5393.    5088.    4629.    4487.    7295.   12050.   19755.    7726.    7018.    6365.    5508.    91028.
         1929    5601.    5324.    4612.    4304.    3921.    5492.   10421.   20085.    9842.    7012.    6218.    5730.    88562.
         1930    5544.    5211.    5006.    3907.    4217.    5020.    8569.    7857.    5859.    5320.    5437.    4669.    66616.
         1931    4546.    3900.    3652.    3580.    3047.    3679.    3802.    4475.    3497.    3074.    3094.    2856.    43202.
         1932    2970.    3000.    3070.    3010.    2990.    4670.   17580.   31860.   12040.    8340.    7230.    5730.   102490.
         1933    5591.    4965.    4352.    4046.    3527.    4274.    7265.   13799.   10306.    6456.    5383.    4727.    74691.
         1934    4588.    4253.    4026.    3729.    3261.    3816.    3842.    3606.    2967.    2785.    2711.    2567.    42151.
         1935    2670.    2737.    2773.    2664.    2588.    3229.    7597.   10500.    6246.    4280.    3723.    3287.    52294.
         1936    3360.    3310.    3140.    3100.    2960.    4330.   24170.   34810.   10940.    7860.    6590.    5620.   110190.
         1937    5472.    5219.    4685.    4253.    3717.    5064.    9592.   21909.    9469.    6918.    5732.    4959.    86989.
         1938    5060.    4772.    4673.    4312.    3802.    6256.   15665.   16268.    8908.    7018.    6145.    5399.    88278.
         1939    5338.    5066.    4899.    4280.    3604.    6141.    9053.    7529.    5228.    4370.    3915.    3652.    63075.
         1940    3721.    3509.    3497.    3491.    3223.    4140.    5516.    5439.    3773.    3285.    2995.    2860.    45449.
         1941    3021.    2878.    2912.    2842.    2743.    3158.    3860.    5127.    3429.    2971.    2824.    2594.    38359.
         1942    2874.    2765.    2834.    2725.    2418.    2908.    6750.    6169.    4990.    4094.    3416.    3158.    45101.
         1943    3197.    3269.    3370.    3535.    3380.    6030.   20688.   14479.    8731.    6897.    6095.    5129.    84800.
         1944    5056.    4544.    4330.    4078.    3527.    3864.    5528.    9193.    6534.    5340.    4627.    4032.    60653.
         1945    4245.    4110.    3707.    3578.    3695.    4328.    5566.   11814.   12311.    7059.    6177.    5316.    71906.
         1946    5240.    5060.    5060.    5000.    4090.    8130.   33680.   22600.   12270.    9240.    7960.    6690.   125020.
         1947    6889.    6163.    5738.    5157.    4699.    6482.    9360.   12539.    7275.    6325.    5738.    5117.    81482.
         1948    5274.    4788.    4596.    4284.    4096.    4850.   12676.   26874.   12048.    8501.    7299.    6175.   101461.
         1949    6093.    5724.    5252.    4887.    4687.    7093.   16852.   16502.    9713.    8140.    7224.    6319.    98486.
         1950    6432.    5538.    5328.    5970.    5413.    7712.   22760.   30764.   18766.   11764.   10100.    8928.   139475.
         1951    8323.    7692.    7464.    6460.    6708.    7049.   24014.   26059.   13993.   10917.    9814.    8388.   136881.
         1952    8020.    6950.    6630.    6050.    5330.    6060.   24350.   37160.   16410.   12110.   10230.    8520.   147820.
         1953    8152.    7154.    6668.    6506.    5512.    6428.    8741.   11264.   11040.    7470.    6405.    5629.    90969.
         1954    5494.    5215.    5171.    5052.    4395.    5627.   10276.    8557.    5867.    5155.    4721.    4286.    69816.
         1955    4237.    4015.    3913.    4072.    3614.    4034.    7716.   15140.    7440.    5710.    5157.    4590.    69638.
         1956    4663.    4326.    6833.    7077.    5379.    7605.   20378.   19287.   10768.    8577.    7341.    6296.   108530.
         1957    6101.    5653.    5460.    5040.    5383.    6688.   10489.   20584.   13139.    9104.    7730.    6764.   102135.
         1958    6809.    6065.    5978.    5480.    5322.    6200.   11117.   20761.    9245.    7503.    6716.    5875.    97071.
         1959    6046.    5607.    5256.    5018.    4393.    5651.    8652.    7892.    5849.    5070.    4895.    4570.    68899.
         1960    4742.    4290.    4058.    4387.    3796.    6182.   10155.    9681.    6258.    5113.    4451.    3888.    67001.
         1961    4003.    3900.    4046.    3741.    3348.    3634.    4362.    4612.    3503.    3132.    2870.    2801.    43952.
         1962    3235.    3053.    3041.    3003.    4499.    4134.   21933.   15822.    8354.    6518.    5883.    5207.    84682.
         1963    4893.    4461.    4159.    3810.    5193.    4719.    7095.   10895.    6058.    4766.    4264.    3844.    64157.
         1964    3969.    3913.    3537.    3582.    3094.    3108.    7997.   17927.    9525.    6649.    5623.    4826.    73750.
         1965    4431.    4151.    5526.    4879.    5637.    5669.   19964.   24405.   13624.    9588.    8218.    7496.   113588.
         1966    6934.    6210.    5591.    4980.    4427.    6692.   12811.   11199.    7121.    6169.    5332.    4856.    82322.
         1967    4915.    4512.    4550.    4429.    3870.    5748.    9850.   24627.   15031.    9237.    7517.    6732.   101018.
         1968    6813.    5782.    5661.    5230.    5064.    6111.    7956.   13876.    9388.    7037.    6522.    5931.    85371.
         1969    6129.    5554.    5340.    5157.    4721.    5643.   17159.   16259.    9158.    7757.    6680.    5788.    95345.
         1970    5992.    5318.    5254.    5155.    4600.    5205.    6208.   15174.    9035.    6924.    6202.    5536.    80603.
         1971    5480.    5310.    5740.    7100.    6850.    9590.   26550.   37730.   21060.   13800.   11950.   10310.   161470.
         1972    9820.    8300.    7970.    7980.    7020.   16730.   27450.   33430.   18020.   13580.   11610.    9600.   171510.
         1973    9150.    7837.    7486.    6867.    5655.    6912.   10742.   19638.   10405.    8497.    7501.    6885.   107575.
         1974    6198.    5800.    5788.    5758.    5046.   10528.   18660.   27348.   14370.   10812.    8945.    7505.   126758.
         1975    7307.    6603.    6351.    5903.    4681.    6659.    8594.   25140.   18135.   10869.    9051.    7359.   116652.
         1976    7827.    6645.    6079.    5825.    5522.    6829.   15237.   20799.    9727.    7956.    6821.    5732.   104999.
         1977    5800.    4994.    4907.    4566.    3991.    4219.    4387.    4689.    4062.    3457.    3126.    2975.    51173.
         1978    3384.    3507.    3650.    3457.    3312.    7464.   16687.   17677.    9215.    6637.    5782.    5365.    86137.
         1979    5201.    4786.    4564.    4229.    3969.    6024.   10707.   15005.    7849.    6660.    5215.    4411.    78620.
         1980    4911.    4447.    4467.    5689.    5466.    6222.   15820.   22923.   14711.    9356.    7571.    6643.   108226.

                        10113500 BLACKSMITH FORK AB UP and L CO.'S DAM NR HYRUM, UT                     


         YEAR     OCT      NOV      DEC      JAN      FEB      MAR      APR      MAY      JUN      JUL      AUG      SEP       ANN

         1981    6409.    5439.    4860.    4582.    4625.    5058.    5500.    7311.    5772.    4600.    3951.    3759.    61866.
         1982    4080.    3840.    3880.    3690.    4440.    8980.   19590.   37450.   15490.   10670.    9290.    8610.   130010.
         1983    8370.    7370.    7090.    6520.    5530.    8450.   12150.   33420.   25590.   15190.   13220.   10810.   153710.
         1984   10400.    8990.    9750.    9070.    7660.   10630.   25640.   57780.   29390.   17470.   14690.   12460.   213930.
         1985   11794.   10360.    9630.    8699.    7192.    9059.   23621.   20579.   12016.   10564.    9727.    8638.   141879.
         1986    8220.    7240.    6850.    6560.   14960.   21910.   31480.   33740.   21860.   16720.   13890.   10730.   194160.
         1987   10007.    8644.    8152.    7436.    6456.    7379.    8442.    8225.    6674.    6123.    5599.    5288.    88425.
         1988    5298.    4988.    4877.    4802.    4322.    4780.    5897.    6262.    4703.    4395.    3981.    3693.    57998.
         1989    3614.    3443.    3423.    3308.    3100.    5145.   10879.    8216.    5419.    4776.    4427.    3961.    59711.
         1990    4102.    3903.    3802.    3737.    3136.    4201.    4268.    4149.    3328.    3019.    2868.    2626.    43139.
         1991    2654.    2672.    2503.    2636.    2483.    3148.    4151.    6908.    8961.    4925.    4112.    3638.    48791.
         1992    3620.    3610.    3493.    3203.    3213.    3880.    3969.    3685.    2957.    2775.    2515.    2392.    39312.
         1993    2618.    2450.    2533.    2783.    2973.    9636.   14279.   19436.    9999.    7135.    6202.    5363.    85407.
         1994    4921.    4437.    4387.    4173.    3665.    5893.   10175.    8652.    5340.    4485.    3993.    3626.    63747.
         1995    3888.    3667.    3673.    3650.    4040.    9416.   11105.   15901.   11873.    8473.    7180.    6325.    89191.
         1996    6167.    5597.    5393.    5076.    5324.    7624.   13317.   20093.   10980.    8392.    6889.    6109.   100961.
         2000                                                          7817.    7115.    5762.    5383.    5304.    4370.
         2001    4699.    4350.    4308.    4114.    3707.    4822.    5639.    5669.    4201.    4189.    3745.    3388.    52831.
         2002    3552.    3400.    3497.    3400.    3023.    4195.    6232.    6486.    4387.    3971.    3654.    3513.    49310.
         2003    3537.    3340.    3191.    3158.    3072.    4378.    6216.    7795.    3495.    3092.    3110.    2735.    47119.
         2004    2793.    2686.    2682.    2612.    2573.    4596.    5661.    5010.    3890.    3394.    2882.    2717.    41496.
         2005    2967.    2807.    2971.    3283.    3279.    5504.   15850.   21769.   10850.    7626.    6204.    5457.    88567.
         2006    5197.    4592.    4671.    5326.    4435.    7615.   23748.   21731.   10435.    8178.    7202.    5875.   109005.
         2007    5857.    5298.    5050.    4516.    4338.    6518.    6325.    5937.    4504.    4108.    3771.    3604.    59826.
         2008    3713.    3598.    3786.    3769.    3600.    4526.    6212.   14216.    7995.    5651.    5147.    4592.    66805.
         2009    4548.    4243.    3993.    4056.    3560.    5369.   12502.   14668.    8263.    6575.    5847.    5195.    78819.
         2010    5215.    4651.    4389.    4302.    3689.    4136.    5544.    6609.    5990.    4939.    4479.    3842.    57785.
         2011    4110.    3940.    4760.    5180.    4200.    8000.   21950.   46650.   31380.   17600.   13920.   11500.   173190.
         2012   10227.    8769.    7779.    7321.    6161.    7462.    8095.    7140.    5564.    5179.    4784.    4356.    82837.
         2013    4487.    4235.    4205.    3874.    3515.    4481.    5411.    5506.    4064.    3642.    3362.    3219.    50001.
         2014    3251.    3114.    3037.    3043.    3279.    5159.    9211.   10024.    5772.    4786.

         MEAN    5556.    5061.    4942.    4747.    4453.    6245.   12498.   17576.    9982.    7328.    6422.    5640.    90588.

          PCT    6.13%    5.59%    5.46%    5.24%    4.92%    6.89%   13.80%   19.40%   11.02%    8.09%    7.09%    6.23%   100.00%

           SD    1962.    1604.    1503.    1377.    1555.    2684.    6997.   11418.    5766.    3303.    2696.    2184.    36847.

           CV     0.35     0.32     0.30     0.29     0.35     0.43     0.56     0.65     0.58     0.45     0.42     0.39      0.41

           FILE: 10113500.MON              

              Critical (Driest) Period Analysis
              ---------------------------------

                1 Year Period 1941-1941

         MEAN    3021.    2878.    2912.    2842.    2743.    3158.    3860.    5127.    3429.    2971.    2824.    2594.    38359.

                3 Year Period 1940-1942

         MEAN    3205.    3051.    3081.    3019.    2795.    3402.    5375.    5578.    4064.    3450.    3078.    2871.    42970.

                5 Year Period 1988-1992

         MEAN    3858.    3723.    3620.    3537.    3251.    4231.    5833.    5844.    5074.    3978.    3581.    3262.    49790.

               10 Year Period 1933-1942

         MEAN    4170.    3947.    3779.    3544.    3184.    4332.    9331.   12516.    6626.    5004.    4343.    3882.    64658.



              ERROR CHECK


         ERROR 1914**********
         ERROR 1918**********
         ERROR 2000**********
         ERROR 2014**********

         Years not in Sequence, Duplicated or Missing
         Years as They Appear in File:
          1914 1915 1916 1917 1918 1919 1920 1921 1922 1923 1924 1925 1926 1927 1928
          1929 1930 1931 1932 1933 1934 1935 1936 1937 1938 1939 1940 1941 1942 1943
          1944 1945 1946 1947 1948 1949 1950 1951 1952 1953 1954 1955 1956 1957 1958
          1959 1960 1961 1962 1963 1964 1965 1966 1967 1968 1969 1970 1971 1972 1973
          1974 1975 1976 1977 1978 1979 1980 1981 1982 1983 1984 1985 1986 1987 1988
          1989 1990 1991 1992 1993 1994 1995 1996 2000 2001 2002 2003 2004 2005 2006
          2007 2008 2009 2010 2011 2012 2013 2014
1   MISSING   YEAR GROUPS
          1997-1999
