 
                        10174500 SEVIER RIVER AT HATCH, UT                                              


         YEAR     OCT      NOV      DEC      JAN      FEB      MAR      APR      MAY      JUN      JUL      AUG      SEP       ANN

         1989    4306.    4221.    3757.    3249.    2951.    4217.    6417.    4524.    3235.    2916.    2894.    2588.    45275.
         1990    2690.    2882.    2656.    2610.    2422.    2769.    3064.    5887.    4104.    3039.    2412.    2178.    36713.
         1991    2620.    2523.    2255.    2283.    2450.    2900.    2876.    6910.    7738.    3269.    2868.    2503.    41195.
         1992    2491.    2874.    2692.    2826.    2775.    3013.    5328.   13626.    6456.    3939.    3743.    3029.    52792.
         1993    3200.    3430.    3040.    3080.    2680.    4010.   15420.   51100.   31410.   11760.    7730.    5940.   142800.
         1994    6135.    5326.    4957.    4594.    3933.    5403.    5538.   10009.    6541.    4270.    3560.    3235.    63501.
         1995    3950.    3760.    3710.    3340.    3280.    6020.    9170.   29550.   42570.   18910.    9160.    6920.   140340.
         1996    6071.    5568.    5084.    5058.    4965.    4554.    4431.    7146.    3388.    2924.    2769.    2737.    54695.
         1997    3017.    3420.    3257.    3802.    2910.    4721.    5625.   15634.    7018.    4366.    4102.    5589.    63461.
         1998    5180.    4410.    3970.    3790.    3380.    4920.    6720.   30930.   32370.   12360.    7420.    8440.   123890.
         1999    6587.    6105.    5209.    4786.    4235.    4217.    4449.   13450.   11433.    6325.    5234.    4495.    76525.
         2000    4189.    3890.    3737.    3677.    3447.    3767.    5425.   10760.    4076.    2884.    2993.    2680.    51525.
         2001    3360.    3364.    3275.    2987.    2860.    4211.    5780.   22594.    8132.    5336.    4439.    3168.    69506.
         2002    3408.    3368.    3235.    2850.    2640.    2951.    2811.    2458.    1981.    2001.    1904.    2073.    31680.
         2003    2337.    2259.    2265.    2275.    2146.    2426.    2364.    8305.    4352.    2495.    2503.    2265.    35992.
         2004    2249.    2273.    2340.    2386.    2120.    2705.    3481.   11387.    3794.    2832.    2783.    2420.    40770.
         2005    4010.    4950.    4150.    5540.    4610.    6290.   19180.   65620.   67240.   36440.   17230.    9990.   245250.
         2006    8856.    7321.    6849.    6379.    5544.    6809.    8941.   25779.    9634.    7256.    5633.    4959.   103960.
         2007    5361.    4495.    4130.    3550.    3572.    4237.    5000.    6668.    3457.    2866.    2975.    3098.    49409.
         2008    3342.    3150.    3295.    3039.    2850.    3588.    4979.   16994.    8329.    5117.    4620.    3289.    62592.
         2009    3542.    3491.    3237.    3053.    2799.    3542.    5205.   22304.    7587.    4899.    3814.    3556.    67029.
         2010    3886.    3592.    2973.    3043.    2882.    3402.    5534.   18914.   22425.    6797.    5685.    4026.    83159.
         2011    6220.    4880.    5010.    3940.    3530.    6260.   21270.   49860.   55630.   20920.   10640.    8130.   196290.
         2012    7983.    6900.    6143.    5776.    5181.    6111.    8392.    9999.    4784.    4310.    4572.    4048.    74199.

         MEAN    4375.    4102.    3801.    3663.    3340.    4293.    6975.   19184.   14904.    7426.    5070.    4223.    81356.

          PCT    5.38%    5.04%    4.67%    4.50%    4.11%    5.28%    8.57%   23.58%   18.32%    9.13%    6.23%    5.19%   100.00%

           SD    1802.    1373.    1209.    1137.     952.    1290.    4912.   16218.   17904.    7943.    3419.    2200.    53397.

           CV     0.41     0.33     0.32     0.31     0.29     0.30     0.70     0.85     1.20     1.07     0.67     0.52      0.66

           FILE: 10174500.mon              

              Critical (Driest) Period Analysis
              ---------------------------------

                1 Year Period 2002-2002

         MEAN    3408.    3368.    3235.    2850.    2640.    2951.    2811.    2458.    1981.    2001.    1904.    2073.    31680.

                3 Year Period 2002-2004

         MEAN    2665.    2633.    2613.    2504.    2302.    2694.    2885.    7383.    3376.    2443.    2397.    2253.    36147.

                5 Year Period 2000-2004

         MEAN    3109.    3031.    2970.    2835.    2643.    3212.    3972.   11101.    4467.    3110.    2924.    2521.    45895.

               10 Year Period 1995-2004

         MEAN    4035.    3842.    3608.    3495.    3198.    4049.    5026.   15221.   11911.    6043.    4331.    4079.    68838.



              ERROR CHECK


