 
                        10183500 SEVIER RIVER NEAR KINGSTON, UT                                         


         YEAR     OCT      NOV      DEC      JAN      FEB      MAR      APR      MAY      JUN      JUL      AUG      SEP       ANN

         1989    5100.    9348.   10199.    7706.    7144.    9304.    3174.    1144.    1111.     856.    1057.     823.    56966.
         1990    1720.    3931.    7357.    7630.    7811.    6565.    1470.     980.     737.     572.     754.     655.    40182.
         1991     970.    3435.    6827.    6284.    6629.    5111.    1438.    1480.    1712.     703.     471.     704.    35764.
         1992     845.    3759.    7698.    7073.    7416.    7821.    1932.    6048.    1753.     847.     878.     871.    46941.
         1993    1260.    5820.    8300.    8550.    9030.   14230.   17500.   39570.   24480.    5070.    4690.    2720.   141220.
         1994    8253.   11443.   11887.   11250.   10124.   11778.    2840.    3148.    1523.     708.     724.     811.    74489.
         1995    3710.    8270.    9580.    9550.    9150.   13350.    8130.   29880.   42870.   19750.    4940.    4900.   164080.
         1996    7279.   11544.   12296.   11845.   11752.   10280.    3366.    1285.     789.     803.     636.     854.    72729.
         1997    1785.    6325.    9007.   10383.    8311.   10725.    5070.    6879.    2311.    1051.    2073.    9354.    73274.
         1998    8035.    8892.    9715.    9392.    8590.   11746.    7031.   18220.   25321.    6748.    2832.   12430.   128952.
         1999   10264.   14087.   12198.   11149.    9917.    8154.    2267.    7722.    5302.    1734.    2729.    4078.    89601.
         2000    4298.    8112.   10352.   11163.   10679.    9374.    2910.    3830.     849.     784.    1000.     889.    64240.
         2001    2674.    9055.    9269.    8755.    8680.   11371.    4165.   12591.    2519.    1109.    1394.    1206.    72788.
         2002    1688.    5895.    8733.    8628.    7468.    6787.    1016.     799.     618.     548.     486.     567.    43233.
         2003    1371.    3406.    6762.    7256.    6083.    5808.     871.    1700.     827.     633.    1281.     537.    36535.
         2004     823.    3055.    6127.    6920.    6936.    6684.     930.    2705.     607.     540.     527.     481.    36335.
         2005    3320.    9850.    9140.   11730.    9580.   11040.   23660.   59120.   70160.   25050.   15720.    8420.   256790.
         2006   11937.   13708.   13718.   12801.   11032.   12173.   10461.   14420.    3285.    1783.    1870.    2140.   109328.
         2007    8311.   10013.   10433.   10020.    9570.   10151.    2539.    1228.     722.     989.     732.     581.    65289.
         2008    1490.    4574.    8283.    7857.    8174.    9408.    2571.    8118.    2458.     908.     906.     724.    55471.
         2009    1740.    5933.    8227.    8331.    8557.    9465.    4044.   12260.    2354.    1129.     793.     688.    63521.
         2010    1224.    5784.    8202.    8793.    8573.   11464.    9080.   12296.   12056.    2227.    3110.     813.    83622.
         2011    8440.    9940.   12640.   11090.   10710.   15440.   28150.   52990.   47920.   15690.   14110.   13280.   240400.
         2012   11643.   14630.   13115.   11814.   10439.   13216.    4106.    2108.     705.     689.     893.     875.    84233.

         MEAN    4508.    7950.    9586.    9415.    8848.   10060.    6197.   12522.   10541.    3788.    2692.    2892.    88999.

          PCT    5.06%    8.93%   10.77%   10.58%    9.94%   11.30%    6.96%   14.07%   11.84%    4.26%    3.02%    3.25%   100.00%

           SD    3728.    3531.    2132.    1866.    1499.    2718.    7185.   16492.   18476.    6635.    3973.    3905.    59369.

           CV     0.83     0.44     0.22     0.20     0.17     0.27     1.16     1.32     1.75     1.75     1.48     1.35      0.67

           FILE: O:\streamfl\month\10183500

              Critical (Driest) Period Analysis
              ---------------------------------

                1 Year Period 1991-1991

         MEAN     970.    3435.    6827.    6284.    6629.    5111.    1438.    1480.    1712.     703.     471.     704.    35764.

                3 Year Period 2002-2004

         MEAN    1294.    4119.    7207.    7601.    6829.    6426.     939.    1735.     684.     574.     765.     528.    38701.

                5 Year Period 2000-2004

         MEAN    2171.    5905.    8249.    8544.    7969.    8005.    1978.    4325.    1084.     723.     938.     736.    50626.

               10 Year Period 1995-2004

         MEAN    4193.    7864.    9404.    9504.    8757.    9428.    3576.    8561.    8201.    3370.    1790.    3530.    78177.



              ERROR CHECK


