                        10183500 SEVIER RIVER NEAR KINGSTON, UT                                                          PAGE  1

           WATER
           YEAR    OCT     NOV     DEC     JAN     FEB     MAR     APR     MAY     JUN     JUL     AUG     SEP       ANN

           1914                                                                   8811.  11841.   7041.   4011.          
           1915   8705.   8961.  10701.   9792.  10784.  13472.  17562.  31587.  17895.   2912.   2202.   8152.   142725.
           1916   4990.  10550.  10390.  12210.  13490.  17990.  30160.  32870.  13460.  10230.  19380.   6650.   182370.
           1917  19630.  11580.  11910.   9520.  10050.  13620.  20010.  35290.  29980.   5170.   6660.   5980.   179400.
           1918   5294.  10401.  13069.  11742.  11798.  16750.  13363.  12167.   2610.   7341.   1476.   4683.   110694.
           1919   6097.   8644.  11090.   8858.   9045.  15479.  21021.   8848.   1849.   1025.   2216.   2184.    96356.
           1920   4140.   7470.   5220.   5470.  11060.  11660.  14660.  49550.  29620.   3210.  11100.   5780.   158940.
           1921   7636.  12133.  10179.   9989.  13581.  20287.  12684.  20055.  15642.   7591.  14083.  13833.   157693.
           1922   6800.  10220.  14180.  11150.  11020.  17700.  21220.  70950.  52730.  17070.  14990.  12010.   260040.
           1923   6590.  11580.  12340.  11660.  13240.  13920.  19750.  43050.  21150.   9840.  10290.   7750.   181160.
           1924   8301.  10266.   9715.   8380.  14900.  13315.  17470.   4487.   1323.   1628.   1301.   3195.    94281.
           1925   3475.   6883.   8136.   7722.   9705.  10911.   8144.   2430.   1696.   1708.   1942.   8106.    70858.
           1926   7738.   7333.   8152.   7186.   7412.   9412.  11072.  11133.   1922.   1252.   2144.   1349.    76105.
           1927   2485.   4225.   7166.   7476.   8430.  10038.   8577.   8650.   2241.   1615.   1676.  11219.    73798.
           1928   7228.   8158.   8805.   7993.   9491.  14886.   7275.   7361.   1093.    956.   1797.   1119.    76162.
           1929   2384.   7168.   6764.   5534.   5554.  13010.  10310.  10653.   1563.   3999.   7740.  10641.    85320.
           1930   3519.   6809.   7743.   5756.   7125.   8273.   5693.   3691.   2144.   1313.   7981.   2001.    62048.
           1931   4255.   5256.   6446.   6230.   7035.   7498.   2644.   1049.    583.    540.    649.    524.    42709.
           1932    966.   1759.   2100.   2767.   4298.   8630.  11496.  22465.  21092.   9439.   6621.   4727.    96360.
           1933   4935.   7523.   6764.   4304.   5554.   9519.   7053.   3049.   5290.   2640.   2176.   2182.    60989.
           1934   2963.   6202.   7728.   7759.   7539.   7035.   1291.    756.    571.    532.    813.    672.    43861.
           1935    928.   2295.   6456.   6456.   6109.   6764.   4284.  10449.   9070.    710.   1150.   1835.    56506.
           1936   1761.   5911.   6716.   6623.   6641.   8487.   5806.   4812.   1031.   3176.   4314.   4310.    59588.
           1937   3480.   7110.   6710.   5840.   6430.  10530.  17290.  39870.  16190.   6120.   2400.   5690.   127660.
           1938   5849.   7678.   9898.   9308.   7468.  17191.  18262.  27243.  15001.   1696.   2091.   6575.   128260.
           1939   8454.   9312.   9531.   7993.   6664.  12327.  11219.   3925.    899.    672.    732.  12149.    83877.
           1940   8606.   7474.   7936.   7993.   8114.   7859.   4399.   3231.    696.    540.    385.   8830.    66063.
           1941   7820.   7320.   7700.   7580.   8220.   7820.   9600.  47640.  28610.   7120.   6000.   4730.   150160.
           1942  12250.  11780.  11960.  12000.  10480.  16540.  28150.  32010.  13030.   2650.   3260.   2630.   156740.
           1943   7347.   9945.  10318.   9751.   9429.  11607.  13533.   8803.   2366.    631.   4219.   1353.    89302.
           1944   6655.   8348.   9007.   8456.   8202.  11286.  12623.  23056.  17147.   1566.    640.   1083.   108069.
           1945   6668.   9027.   8559.   9142.   8618.   9469.  10066.  12024.   5794.   1771.   3959.   3802.    88899.
           1946   8872.   8922.   8743.   7482.   8281.  10223.  10546.   2136.    547.    543.   1220.    783.    68298.
           1947   6954.   9049.   8529.   5940.   8505.   9775.   8307.  17546.   7301.   1047.   4017.   2273.    89243.
           1948   5572.   8904.   8884.   8561.   9324.  10969.  16286.   9477.   1724.    807.   1331.    843.    82682.
           1949   2872.   7061.   6319.   5236.   5236.  10949.  21658.  17810.  20668.   4572.   1551.   2957.   106889.
           1950   7456.   9043.   7759.   6968.  10092.   9622.   4869.   5970.   2085.   1697.   1008.   1632.    68201.
           1951   2269.   7216.   9419.   9209.   7803.   7521.   1962.   1672.    820.   1055.   1254.    885.    51085.
           1952   1630.   6310.   6760.   6120.   7600.  10000.  17840.  34940.  18310.   5180.   3940.   4870.   123500.
           1953   5447.   7734.  10830.  10381.   8543.   8608.   2404.   1154.    633.    953.   2121.    857.    59665.
           1954   2475.   6516.   8307.   8309.   8025.   8487.   4691.   6974.   1077.    817.    642.   1373.    57693.
           1955   1700.   4467.   8003.   6605.   5746.   9126.   3340.   1083.    769.    415.   1071.    778.    43103.
           1956    839.   4072.   7414.   7392.   6141.   5933.   1095.   2043.    578.    531.    556.    501.    37095.
           1957    609.   3507.   6522.   6573.   6674.   4030.   1194.   1176.  13236.    938.    678.    831.    45968.
           1958   5375.  10479.   9108.   7813.  12099.  12873.  17213.  27542.  15055.   1290.   1614.   6538.   126999.
           1959   5580.   7567.   8928.   9172.   8515.   9116.   1757.    537.    579.    450.    746.    539.    53486.
           1960    776.   3156.   7131.   7117.   6877.   8100.   1190.    718.    526.    460.    330.    417.    36798.
           1961    424.   3985.   5889.   5966.   5802.   7117.   1946.    549.    458.    433.    947.   5728.    39244.
           1962   2394.   5082.   6200.   5966.   9505.  12109.  14019.  12611.   2301.    714.    560.    669.    72130.
           1963   2789.   5716.   6014.   4873.   7230.   5907.    970.   1117.    596.    365.    617.   1116.    37310.
           1964    864.   2880.   6595.   5397.   5195.   6918.   5034.   4342.   1166.    376.    529.    495.    39791.
           1965   1106.   3675.   7638.   7041.   6343.   6704.   3905.   6353.  15909.   3059.   2737.   3233.    67703.
           1966   3269.   7938.   9850.   7922.   6845.  13948.   7379.   7027.    560.    377.    449.    459.    66023.
           1967   3672.   7206.  10544.   8340.   8356.   8648.   3360.   6145.  13757.   3043.   2408.  10403.    85882.
           1968  11195.   9546.   7509.   5078.  10538.   9562.   9269.  12647.   9263.   2305.   8755.   2221.    97888.
           1969   7500.   8160.   8520.  10110.   8750.  11780.  18200.  34050.  22280.   6140.   6400.   8190.   150080.
           1970   9134.  11802.  11758.  11098.   9840.   9810.   4854.    846.    749.    680.    695.   1523.    72789.
           1971   4205.   8577.   7948.   7674.   7261.   8963.   1993.    727.    815.    301.   2651.   1894.    53009.
           1972   4405.   9481.  14382.   8703.   9792.   7726.   1416.    687.    671.    548.    479.   1548.    59838.
           1973   6530.   8600.   7170.   6260.   7990.   9320.  14260.  40890.  29280.   5140.   5320.   3440.   144200.
           1974   8471.  10165.  11818.  10348.   9665.  11365.   5942.    602.    443.    612.    515.    581.    70527.
           1975   1226.   6113.   7716.   8271.   7220.   7144.   3086.   2850.   7755.   2180.    747.   1097.    55405.
           1976   3660.   6712.   9235.   8479.   9360.   8491.   3001.   3420.    783.    672.    568.    579.    54960.
           1977   2666.   5923.   7386.   7148.   7198.   4935.   1180.    718.    528.    702.    627.    537.    39548.
           1978    730.   3479.   6060.   6893.   6561.   7105.   2616.   8705.   9427.    873.    559.    538.    53546.
           1979    940.   7340.   7250.   7590.   7560.  12400.  15470.  33450.  26150.   5670.   3220.   2120.   129160.
           1980   4470.   8660.  10510.  11470.  11700.  10170.  14690.  39450.  32690.  11370.   4300.   7370.   166850.
           1981   9612.  11948.  12962.  11879.   9987.  10667.   4871.   5322.   2444.   1067.   1577.   3045.    85381.
           1982   6609.   8698.   9525.   9057.   9876.  10241.   7277.  11863.   7224.   2023.   4401.   5046.    91840.
           1983   8590.   9580.   9250.   9150.  10240.  12660.  12630.  38840.  67810.  17930.  10540.   5770.   212990.
           1984  13051.  14102.  15503.  13390.  12347.  14198.  15848.  21854.   3535.   3584.  11831.   3830.   143073.
           1985   7775.  10856.  11292.  10082.  10019.  13458.  18530.  17532.   4381.   4219.   1989.   3705.   113838.
           1986   9840.  11034.  11494.  11119.  12278.  10921.   7482.   6311.   2908.   1613.   2709.   3195.    90904.
           1987   8828.  10217.  10727.   9652.  10421.  13317.   7930.   7281.   1835.   1384.   3277.   2241.    87110.
           1988   5532.  11816.  10042.   9187.  10602.  12056.   9429.  12222.   5141.   2225.   2519.   2660.    93431.
           1989   5100.   9348.  10199.   7706.   7144.   9304.   3174.   1144.   1111.    856.   1057.    823.    56966.
                        10183500 SEVIER RIVER NEAR KINGSTON, UT                                                          PAGE  2

           WATER
           YEAR    OCT     NOV     DEC     JAN     FEB     MAR     APR     MAY     JUN     JUL     AUG     SEP       ANN

           1990   1720.   3931.   7357.   7630.   7811.   6565.   1470.    980.    737.    572.    754.    655.    40182.
           1991    970.   3435.   6827.   6284.   6629.   5111.   1438.   1480.   1712.    703.    471.    704.    35764.
           1992    845.   3759.   7698.   7073.   7416.   7821.   1932.   6048.   1753.    847.    878.    871.    46941.
           1993   1260.   5820.   8300.   8550.   9030.  14230.  17500.  39570.  24480.   5070.   4690.   2720.   141220.
           1994   8253.  11443.  11887.  11250.  10124.  11778.   2840.   3148.   1523.    708.    724.    811.    74489.
           1995   3710.   8270.   9580.   9550.   9150.  13350.   8130.  29880.  42870.  19750.   4940.   4900.   164080.
           1996   7279.  11544.  12296.  11845.  11752.  10280.   3366.   1285.    789.    803.    636.    854.    72729.
           1997   1785.   6325.   9007.  10383.   8311.  10725.   5070.   6879.   2311.   1051.   2073.   9354.    73274.
           1998   8035.   8892.   9715.   9392.   8590.  11746.   7031.  18220.  25321.   6748.   2832.  12430.   128952.
           1999  10264.  14087.  12198.  11149.   9917.   8154.   2267.   7722.   5302.   1734.   2729.   4078.    89601.
           2000   4298.   8112.  10352.  11163.  10679.   9374.   2910.   3830.    849.    784.   1000.    889.    64240.
           2001   2674.   9055.   9269.   8755.   8680.  11371.   4165.  12591.   2519.   1109.   1394.   1206.    72788.
           2002   1688.   5895.   8733.   8628.   7468.   6787.   1016.    799.    618.    548.    486.    567.    43233.
           2003   1371.   3406.   6762.   7256.   6083.   5808.    871.   1700.    827.    633.   1281.    537.    36535.
           2004    823.   3055.   6127.   6920.   6936.   6684.    930.   2705.    607.    540.    527.    481.    36335.
           2005   3320.   9850.   9140.  11730.   9580.  11040.  23660.  59120.  70160.  25050.  15720.   8420.   256790.
           2006  11937.  13708.  13718.  12801.  11032.  12173.  10461.  14420.   3285.   1783.   1870.   2140.   109328.
           2007   8311.  10013.  10433.  10020.   9570.  10151.   2539.   1228.    722.    989.    732.    581.    65289.
           2008   1490.   4574.   8283.   7857.   8174.   9408.   2571.   8118.   2458.    908.    906.    724.    55471.
           2009   1740.   5933.   8227.   8331.   8557.   9465.   4044.  12260.   2354.   1129.    793.    688.    63521.
           2010   1224.   5784.   8202.   8793.   8573.  11464.   9080.  12296.  12056.   2227.   3110.    813.    83622.
           2011   8440.   9940.  12640.  11090.  10710.  15440.  28150.  52990.  47920.  15690.  14110.  13280.   240400.
           2012  11643.  14630.  13115.  11814.  10439.  13216.   4106.   2108.    705.    689.    893.    875.    84233.
           2013   2227.   7256.   9029.   7712.   8598.   9919.   2551.   3257.                                          

           AVE.   5114.   7886.   9050.   8458.   8751.  10481.   8878.  13799.   9605.   3230.   3253.   3520.    92124.

          Count     99      99      99      99      99      99      99      99      99      99      99      99        98
                        10183500 SEVIER RIVER NEAR KINGSTON, UT                                                          PAGE  3

           WATER
           YEAR    OCT     NOV     DEC     JAN     FEB     MAR     APR     MAY     JUN     JUL     AUG     SEP       ANN

           1914                                                                   8811.  11841.   7041.   4011.          
           1915   8705.   8961.  10701.   9792.  10784.  13472.  17562.  31587.  17895.   2912.   2202.   8152.   142725.
           1916   4990.  10550.  10390.  12210.  13490.  17990.  30160.  32870.  13460.  10230.  19380.   6650.   182370.
           1917  19630.  11580.  11910.   9520.  10050.  13620.  20010.  35290.  29980.   5170.   6660.   5980.   179400.
           1918   5294.  10401.  13069.  11742.  11798.  16750.  13363.  12167.   2610.   7341.   1476.   4683.   110694.
           1919   6097.   8644.  11090.   8858.   9045.  15479.  21021.   8848.   1849.   1025.   2216.   2184.    96356.
           1920   4140.   7470.   5220.   5470.  11060.  11660.  14660.  49550.  29620.   3210.  11100.   5780.   158940.
           1921   7636.  12133.  10179.   9989.  13581.  20287.  12684.  20055.  15642.   7591.  14083.  13833.   157693.
           1922   6800.  10220.  14180.  11150.  11020.  17700.  21220.  70950.  52730.  17070.  14990.  12010.   260040.
           1923   6590.  11580.  12340.  11660.  13240.  13920.  19750.  43050.  21150.   9840.  10290.   7750.   181160.
           1924   8301.  10266.   9715.   8380.  14900.  13315.  17470.   4487.   1323.   1628.   1301.   3195.    94281.
           1925   3475.   6883.   8136.   7722.   9705.  10911.   8144.   2430.   1696.   1708.   1942.   8106.    70858.
           1926   7738.   7333.   8152.   7186.   7412.   9412.  11072.  11133.   1922.   1252.   2144.   1349.    76105.
           1927   2485.   4225.   7166.   7476.   8430.  10038.   8577.   8650.   2241.   1615.   1676.  11219.    73798.
           1928   7228.   8158.   8805.   7993.   9491.  14886.   7275.   7361.   1093.    956.   1797.   1119.    76162.
           1929   2384.   7168.   6764.   5534.   5554.  13010.  10310.  10653.   1563.   3999.   7740.  10641.    85320.
           1930   3519.   6809.   7743.   5756.   7125.   8273.   5693.   3691.   2144.   1313.   7981.   2001.    62048.
           1931   4255.   5256.   6446.   6230.   7035.   7498.   2644.   1049.    583.    540.    649.    524.    42709.
           1932    966.   1759.   2100.   2767.   4298.   8630.  11496.  22465.  21092.   9439.   6621.   4727.    96360.
           1933   4935.   7523.   6764.   4304.   5554.   9519.   7053.   3049.   5290.   2640.   2176.   2182.    60989.
           1934   2963.   6202.   7728.   7759.   7539.   7035.   1291.    756.    571.    532.    813.    672.    43861.
           1935    928.   2295.   6456.   6456.   6109.   6764.   4284.  10449.   9070.    710.   1150.   1835.    56506.
           1936   1761.   5911.   6716.   6623.   6641.   8487.   5806.   4812.   1031.   3176.   4314.   4310.    59588.
           1937   3480.   7110.   6710.   5840.   6430.  10530.  17290.  39870.  16190.   6120.   2400.   5690.   127660.
           1938   5849.   7678.   9898.   9308.   7468.  17191.  18262.  27243.  15001.   1696.   2091.   6575.   128260.
           1939   8454.   9312.   9531.   7993.   6664.  12327.  11219.   3925.    899.    672.    732.  12149.    83877.
           1940   8606.   7474.   7936.   7993.   8114.   7859.   4399.   3231.    696.    540.    385.   8830.    66063.
           1941   7820.   7320.   7700.   7580.   8220.   7820.   9600.  47640.  28610.   7120.   6000.   4730.   150160.
           1942  12250.  11780.  11960.  12000.  10480.  16540.  28150.  32010.  13030.   2650.   3260.   2630.   156740.
           1943   7347.   9945.  10318.   9751.   9429.  11607.  13533.   8803.   2366.    631.   4219.   1353.    89302.
           1944   6655.   8348.   9007.   8456.   8202.  11286.  12623.  23056.  17147.   1566.    640.   1083.   108069.
           1945   6668.   9027.   8559.   9142.   8618.   9469.  10066.  12024.   5794.   1771.   3959.   3802.    88899.
           1946   8872.   8922.   8743.   7482.   8281.  10223.  10546.   2136.    547.    543.   1220.    783.    68298.
           1947   6954.   9049.   8529.   5940.   8505.   9775.   8307.  17546.   7301.   1047.   4017.   2273.    89243.
           1948   5572.   8904.   8884.   8561.   9324.  10969.  16286.   9477.   1724.    807.   1331.    843.    82682.
           1949   2872.   7061.   6319.   5236.   5236.  10949.  21658.  17810.  20668.   4572.   1551.   2957.   106889.
           1950   7456.   9043.   7759.   6968.  10092.   9622.   4869.   5970.   2085.   1697.   1008.   1632.    68201.
           1951   2269.   7216.   9419.   9209.   7803.   7521.   1962.   1672.    820.   1055.   1254.    885.    51085.
           1952   1630.   6310.   6760.   6120.   7600.  10000.  17840.  34940.  18310.   5180.   3940.   4870.   123500.
           1953   5447.   7734.  10830.  10381.   8543.   8608.   2404.   1154.    633.    953.   2121.    857.    59665.
           1954   2475.   6516.   8307.   8309.   8025.   8487.   4691.   6974.   1077.    817.    642.   1373.    57693.
           1955   1700.   4467.   8003.   6605.   5746.   9126.   3340.   1083.    769.    415.   1071.    778.    43103.
           1956    839.   4072.   7414.   7392.   6141.   5933.   1095.   2043.    578.    531.    556.    501.    37095.
           1957    609.   3507.   6522.   6573.   6674.   4030.   1194.   1176.  13236.    938.    678.    831.    45968.
           1958   5375.  10479.   9108.   7813.  12099.  12873.  17213.  27542.  15055.   1290.   1614.   6538.   126999.
           1959   5580.   7567.   8928.   9172.   8515.   9116.   1757.    537.    579.    450.    746.    539.    53486.
           1960    776.   3156.   7131.   7117.   6877.   8100.   1190.    718.    526.    460.    330.    417.    36798.
           1961    424.   3985.   5889.   5966.   5802.   7117.   1946.    549.    458.    433.    947.   5728.    39244.
           1962   2394.   5082.   6200.   5966.   9505.  12109.  14019.  12611.   2301.    714.    560.    669.    72130.
           1963   2789.   5716.   6014.   4873.   7230.   5907.    970.   1117.    596.    365.    617.   1116.    37310.
           1964    864.   2880.   6595.   5397.   5195.   6918.   5034.   4342.   1166.    376.    529.    495.    39791.
           1965   1106.   3675.   7638.   7041.   6343.   6704.   3905.   6353.  15909.   3059.   2737.   3233.    67703.
           1966   3269.   7938.   9850.   7922.   6845.  13948.   7379.   7027.    560.    377.    449.    459.    66023.
           1967   3672.   7206.  10544.   8340.   8356.   8648.   3360.   6145.  13757.   3043.   2408.  10403.    85882.
           1968  11195.   9546.   7509.   5078.  10538.   9562.   9269.  12647.   9263.   2305.   8755.   2221.    97888.
           1969   7500.   8160.   8520.  10110.   8750.  11780.  18200.  34050.  22280.   6140.   6400.   8190.   150080.
           1970   9134.  11802.  11758.  11098.   9840.   9810.   4854.    846.    749.    680.    695.   1523.    72789.
           1971   4205.   8577.   7948.   7674.   7261.   8963.   1993.    727.    815.    301.   2651.   1894.    53009.
           1972   4405.   9481.  14382.   8703.   9792.   7726.   1416.    687.    671.    548.    479.   1548.    59838.
           1973   6530.   8600.   7170.   6260.   7990.   9320.  14260.  40890.  29280.   5140.   5320.   3440.   144200.
           1974   8471.  10165.  11818.  10348.   9665.  11365.   5942.    602.    443.    612.    515.    581.    70527.
           1975   1226.   6113.   7716.   8271.   7220.   7144.   3086.   2850.   7755.   2180.    747.   1097.    55405.
           1976   3660.   6712.   9235.   8479.   9360.   8491.   3001.   3420.    783.    672.    568.    579.    54960.
           1977   2666.   5923.   7386.   7148.   7198.   4935.   1180.    718.    528.    702.    627.    537.    39548.
           1978    730.   3479.   6060.   6893.   6561.   7105.   2616.   8705.   9427.    873.    559.    538.    53546.
           1979    940.   7340.   7250.   7590.   7560.  12400.  15470.  33450.  26150.   5670.   3220.   2120.   129160.
           1980   4470.   8660.  10510.  11470.  11700.  10170.  14690.  39450.  32690.  11370.   4300.   7370.   166850.
           1981   9612.  11948.  12962.  11879.   9987.  10667.   4871.   5322.   2444.   1067.   1577.   3045.    85381.
           1982   6609.   8698.   9525.   9057.   9876.  10241.   7277.  11863.   7224.   2023.   4401.   5046.    91840.
           1983   8590.   9580.   9250.   9150.  10240.  12660.  12630.  38840.  67810.  17930.  10540.   5770.   212990.
           1984  13051.  14102.  15503.  13390.  12347.  14198.  15848.  21854.   3535.   3584.  11831.   3830.   143073.
           1985   7775.  10856.  11292.  10082.  10019.  13458.  18530.  17532.   4381.   4219.   1989.   3705.   113838.
           1986   9840.  11034.  11494.  11119.  12278.  10921.   7482.   6311.   2908.   1613.   2709.   3195.    90904.
           1987   8828.  10217.  10727.   9652.  10421.  13317.   7930.   7281.   1835.   1384.   3277.   2241.    87110.
           1988   5532.  11816.  10042.   9187.  10602.  12056.   9429.  12222.   5141.   2225.   2519.   2660.    93431.
           1989   5100.   9348.  10199.   7706.   7144.   9304.   3174.   1144.   1111.    856.   1057.    823.    56966.
                        10183500 SEVIER RIVER NEAR KINGSTON, UT                                                          PAGE  4

           WATER
           YEAR    OCT     NOV     DEC     JAN     FEB     MAR     APR     MAY     JUN     JUL     AUG     SEP       ANN

           1990   1720.   3931.   7357.   7630.   7811.   6565.   1470.    980.    737.    572.    754.    655.    40182.
           1991    970.   3435.   6827.   6284.   6629.   5111.   1438.   1480.   1712.    703.    471.    704.    35764.
           1992    845.   3759.   7698.   7073.   7416.   7821.   1932.   6048.   1753.    847.    878.    871.    46941.
           1993   1260.   5820.   8300.   8550.   9030.  14230.  17500.  39570.  24480.   5070.   4690.   2720.   141220.
           1994   8253.  11443.  11887.  11250.  10124.  11778.   2840.   3148.   1523.    708.    724.    811.    74489.
           1995   3710.   8270.   9580.   9550.   9150.  13350.   8130.  29880.  42870.  19750.   4940.   4900.   164080.
           1996   7279.  11544.  12296.  11845.  11752.  10280.   3366.   1285.    789.    803.    636.    854.    72729.
           1997   1785.   6325.   9007.  10383.   8311.  10725.   5070.   6879.   2311.   1051.   2073.   9354.    73274.
           1998   8035.   8892.   9715.   9392.   8590.  11746.   7031.  18220.  25321.   6748.   2832.  12430.   128952.
           1999  10264.  14087.  12198.  11149.   9917.   8154.   2267.   7722.   5302.   1734.   2729.   4078.    89601.
           2000   4298.   8112.  10352.  11163.  10679.   9374.   2910.   3830.    849.    784.   1000.    889.    64240.
           2001   2674.   9055.   9269.   8755.   8680.  11371.   4165.  12591.   2519.   1109.   1394.   1206.    72788.
           2002   1688.   5895.   8733.   8628.   7468.   6787.   1016.    799.    618.    548.    486.    567.    43233.
           2003   1371.   3406.   6762.   7256.   6083.   5808.    871.   1700.    827.    633.   1281.    537.    36535.
           2004    823.   3055.   6127.   6920.   6936.   6684.    930.   2705.    607.    540.    527.    481.    36335.
           2005   3320.   9850.   9140.  11730.   9580.  11040.  23660.  59120.  70160.  25050.  15720.   8420.   256790.
           2006  11937.  13708.  13718.  12801.  11032.  12173.  10461.  14420.   3285.   1783.   1870.   2140.   109328.
           2007   8311.  10013.  10433.  10020.   9570.  10151.   2539.   1228.    722.    989.    732.    581.    65289.
           2008   1490.   4574.   8283.   7857.   8174.   9408.   2571.   8118.   2458.    908.    906.    724.    55471.
           2009   1740.   5933.   8227.   8331.   8557.   9465.   4044.  12260.   2354.   1129.    793.    688.    63521.
           2010   1224.   5784.   8202.   8793.   8573.  11464.   9080.  12296.  12056.   2227.   3110.    813.    83622.
           2011   8440.   9940.  12640.  11090.  10710.  15440.  28150.  52990.  47920.  15690.  14110.  13280.   240400.
           2012  11643.  14630.  13115.  11814.  10439.  13216.   4106.   2108.    705.    689.    893.    875.    84233.
           2013   2227.   7256.   9029.   7712.   8598.   9919.   2551.   3257.                                          

          +AVE.   5114.   7886.   9050.   8458.   8751.  10481.   8878.  13799.   9605.   3230.   3253.   3520.    92124.


          +   AVE. GIVEN FOR YEARS OF CONCURRENT DATA WITH CORRELATED STATION
                        10183500 SEVIER RIVER NEAR KINGSTON, UT                                                          PAGE  5

           R      1.000   1.000   1.000   1.000   1.000   1.000   1.000   1.000   1.000   1.000   1.000   1.000               1.000
           A   0.00E+000.00E+000.00E+000.00E+000.00E+000.00E+000.00E+000.00E+000.00E+000.00E+000.00E+000.00E+00           0.000E+00
           B   0.10E+010.10E+010.10E+010.10E+010.10E+010.10E+010.10E+010.10E+010.10E+010.10E+010.10E+010.10E+01           0.100E+01

           WATER
           YEAR    OCT     NOV     DEC     JAN     FEB     MAR     APR     MAY     JUN     JUL     AUG     SEP       SUM       ANN

           1989   5100.   9348.  10199.   7706.   7144.   9304.   3174.   1144.   1111.    856.   1057.    823.    56966.    56966.
           1990   1720.   3931.   7357.   7630.   7811.   6565.   1470.    980.    737.    572.    754.    655.    40182.    40182.
           1991    970.   3435.   6827.   6284.   6629.   5111.   1438.   1480.   1712.    703.    471.    704.    35764.    35764.
           1992    845.   3759.   7698.   7073.   7416.   7821.   1932.   6048.   1753.    847.    878.    871.    46941.    46941.
           1993   1260.   5820.   8300.   8550.   9030.  14230.  17500.  39570.  24480.   5070.   4690.   2720.   141220.   141220.
           1994   8253.  11443.  11887.  11250.  10124.  11778.   2840.   3148.   1523.    708.    724.    811.    74489.    74489.
           1995   3710.   8270.   9580.   9550.   9150.  13350.   8130.  29880.  42870.  19750.   4940.   4900.   164080.   164080.
           1996   7279.  11544.  12296.  11845.  11752.  10280.   3366.   1285.    789.    803.    636.    854.    72729.    72729.
           1997   1785.   6325.   9007.  10383.   8311.  10725.   5070.   6879.   2311.   1051.   2073.   9354.    73274.    73274.
           1998   8035.   8892.   9715.   9392.   8590.  11746.   7031.  18220.  25321.   6748.   2832.  12430.   128952.   128952.
           1999  10264.  14087.  12198.  11149.   9917.   8154.   2267.   7722.   5302.   1734.   2729.   4078.    89601.    89601.
           2000   4298.   8112.  10352.  11163.  10679.   9374.   2910.   3830.    849.    784.   1000.    889.    64240.    64240.
           2001   2674.   9055.   9269.   8755.   8680.  11371.   4165.  12591.   2519.   1109.   1394.   1206.    72788.    72788.
           2002   1688.   5895.   8733.   8628.   7468.   6787.   1016.    799.    618.    548.    486.    567.    43233.    43233.
           2003   1371.   3406.   6762.   7256.   6083.   5808.    871.   1700.    827.    633.   1281.    537.    36535.    36535.
           2004    823.   3055.   6127.   6920.   6936.   6684.    930.   2705.    607.    540.    527.    481.    36335.    36335.
           2005   3320.   9850.   9140.  11730.   9580.  11040.  23660.  59120.  70160.  25050.  15720.   8420.   256790.   256790.
           2006  11937.  13708.  13718.  12801.  11032.  12173.  10461.  14420.   3285.   1783.   1870.   2140.   109328.   109328.
           2007   8311.  10013.  10433.  10020.   9570.  10151.   2539.   1228.    722.    989.    732.    581.    65289.    65289.
           2008   1490.   4574.   8283.   7857.   8174.   9408.   2571.   8118.   2458.    908.    906.    724.    55471.    55471.
           2009   1740.   5933.   8227.   8331.   8557.   9465.   4044.  12260.   2354.   1129.    793.    688.    63521.    63521.
           2010   1224.   5784.   8202.   8793.   8573.  11464.   9080.  12296.  12056.   2227.   3110.    813.    83622.    83622.
           2011   8440.   9940.  12640.  11090.  10710.  15440.  28150.  52990.  47920.  15690.  14110.  13280.   240400.   240400.
           2012  11643.  14630.  13115.  11814.  10439.  13216.   4106.   2108.    705.    689.    893.    875.    84233.    84233.

           AVE.   4508.   7950.   9586.   9415.   8848.  10060.   6197.  12522.  10541.   3788.   2692.   2892.    88999.    88999.


          * DATA CORRELATED WITH STATION:     10183500 SEVIER RIVER NEAR KINGSTON, UT                                         
          Count      24      24      24      24      24      24      24      24      24      24      24      24                  24

           NUMBER OF YEARS   24                       Linear Regression   
                                                                                                                        PAGE  6

          Correlation Coefficients           16:40:31.0          06/07/2013
                      Linear Regression   
          1 OCT  A=0.000000000E+00, B=0.100000000E+01, R=  1.000000, R*R=  1.000000
          2 NOV  A=0.000000000E+00, B=0.100000000E+01, R=  1.000000, R*R=  1.000000
          3 DEC  A=0.000000000E+00, B=0.100000000E+01, R=  1.000000, R*R=  1.000000
          4 JAN  A=0.000000000E+00, B=0.100000000E+01, R=  1.000000, R*R=  1.000000
          5 FEB  A=0.000000000E+00, B=0.100000000E+01, R=  1.000000, R*R=  1.000000
          6 MAR  A=0.000000000E+00, B=0.100000000E+01, R=  1.000000, R*R=  1.000000
          7 APR  A=0.000000000E+00, B=0.100000000E+01, R=  1.000000, R*R=  1.000000
          8 MAY  A=0.000000000E+00, B=0.100000000E+01, R=  1.000000, R*R=  1.000000
          9 JUN  A=0.000000000E+00, B=0.100000000E+01, R=  1.000000, R*R=  1.000000
         10 JUL  A=0.000000000E+00, B=0.100000000E+01, R=  1.000000, R*R=  1.000000
         11 AUG  A=0.000000000E+00, B=0.100000000E+01, R=  1.000000, R*R=  1.000000
         12 SEP  A=0.000000000E+00, B=0.100000000E+01, R=  1.000000, R*R=  1.000000
         13 ANN  A=0.000000000E+00, B=0.100000000E+01, R=  1.000000, R*R=  1.000000


         Base Station:       10183500.mon
         Correlated Station: O:\STREAMFL\MONTH\10183500.mon
         Print File Name:    O:\STREAMFL\MONTH\10180000.prn
         Output/Save File:   
