                        10241600 SUMMIT CREEK NEAR SUMMIT, UTAH                   Acre-Feet                              PAGE  1

           WATER
           YEAR    OCT     NOV     DEC     JAN     FEB     MAR     APR     MAY     JUN     JUL     AUG     SEP       ANN

           1965     57.     60.     63.     61.     61.     82.    343.   1479.   1355.    354.    213.    153.     4281.
           1966    157.    124.    109.     93.     74.    128.    521.    574.    186.     89.     56.     55.     2166.
           1967     80.     78.     65.     47.     55.     82.    113.    645.    403.    158.    130.    189.     2045.
           1968    119.    103.    106.    100.     92.    139.    385.   1620.    702.    207.    238.     86.     3897.
           1969    136.    147.    117.    115.    111.    136.    388.   1763.    601.    504.    196.     93.     4307.
           1970    112.     83.     89.     71.     41.    132.    257.   1176.    419.    166.    192.     95.     2833.
           1971    117.    112.    146.    133.    118.     93.    197.    648.    224.    132.    130.     99.     2149.
           1972    118.     98.    104.     87.    108.    209.    221.    202.    141.     59.     54.     75.     1476.
           1973     86.     90.     82.     80.     61.     83.    282.   4598.   1712.    364.    194.    141.     7773.
           1974    166.    156.    165.    137.    116.    150.    301.    618.    181.     86.     59.     55.     2190.
           1975     80.     75.     60.     60.     51.     66.     69.    802.    714.    372.    218.     90.     2657.
           1976    106.    108.     89.     91.     91.    105.    186.    685.    229.    110.     84.     89.     1973.
           1977     93.     71.     45.     61.     58.     68.    111.    100.     95.     87.     70.     58.      917.
           1978     53.     48.     50.     51.     55.     84.    294.   1075.    520.    155.     23.     68.     2476.
           1979     94.     95.     94.     73.     68.     77.    216.   1549.    824.    202.    129.     88.     3509.
           1980     94.     90.     80.     96.    146.    196.    409.   1509.    843.    298.    129.    141.     4031.
           1981    148.    123.    123.    107.     77.    108.    522.    706.    396.    174.    113.    111.     2708.
           1982    125.    115.    100.     79.     82.    117.    365.   1094.    342.    141.    128.    130.     2818.
           1983    140.    113.    112.    133.    142.    190.    312.   4274.   2257.    563.    342.    221.     8799.
           1984    254.    234.    220.    194.    174.    195.    547.   2261.    643.    315.    327.    218.     5582.
           1985    180.    155.    157.    151.    140.    156.    757.   1008.    426.    239.    119.    105.     3593.
           1986    156.    141.    133.    103.     96.    173.    452.    859.    392.    145.    136.    117.     2903.
           1987    156.    153.    181.    135.    103.    133.    741.   1057.    325.    147.    143.    119.     3393.

           AVE.    123.    112.    108.     98.     92.    126.    347.   1317.    606.    220.    149.    113.     3412.

           NUMBER OF YEARS   23
                        10242000 COAL CREEK NEAR CEDAR CITY, UT                   Acre-Feet                              PAGE  2

           WATER
           YEAR    OCT     NOV     DEC     JAN     FEB     MAR     APR     MAY     JUN     JUL     AUG     SEP       ANN

           1915      0.      0.      0.      0.      0.      0.      0.      0.   8257.   6404.    768.    347.    15776.
           1916     60.    100.     80.    380.    650.   2180.   7730.  15570.   5730.   1400.      0.   2230.    36110.
           1917   1810.    720.    490.    340.    350.    940.   3380.  10440.   8660.   2000.   1290.    670.    31090.
           1918    592.    590.    459.    661.    504.   1470.   3864.   8376.   3193.   1298.      0.    443.    21450.
           1919    668.    583.    619.    436.    466.    835.   5032.   5790.    714.    684.    482.   1892.    18201.
           1920    712.    540.      0.      0.      0.      0.      0.      0.      0.      0.      0.      0.     1252.
           1935      0.      0.      0.      0.      0.      0.      0.      0.   5962.   1734.   2017.    605.    10318.
           1936    557.    694.    615.    492.    690.   1129.   4395.   4961.   1345.   3636.   1297.    448.    20259.
           1937    610.    600.    610.    680.    670.   1110.   3760.  20120.   4970.   1850.    920.   1190.    37090.
           1938      0.      0.      0.      0.      0.      0.   8380.  14570.   5050.   1620.   1570.    910.    32100.
           1939   1212.    781.    720.    738.    666.   1537.   3431.   3943.   1208.    565.    762.   1862.    17425.
           1940    912.    520.    492.    430.    434.   1218.   4562.   4560.   1002.    502.    734.   1773.    17139.
           1941    820.    770.    450.    420.    580.   1160.   2230.  20830.   9530.   2120.   1240.    910.    41060.
           1942   1320.   1170.    810.    630.    600.   1130.   6440.  11870.   5500.   1630.    970.    720.    32790.
           1943    724.    585.    553.    528.    611.    986.   5367.   5933.   1513.   1031.    893.    524.    19248.
           1944    650.    580.    580.    550.    690.   1090.   1550.  13810.   5670.   1310.   1050.    680.    28210.
           1945    640.    710.    560.    590.    650.    910.   2160.  10700.   3630.   1630.   1510.    800.    24490.
           1946   1002.    543.    478.    506.    659.    831.   2582.   2454.   1202.    795.    858.    525.    12435.
           1947   1220.   1250.   1000.    740.   1030.   1670.   4240.  11000.   3020.   1250.   1000.    520.    27940.
           1948    693.    655.    754.    676.    690.    868.   3880.   9537.   2545.    727.    738.    430.    22193.
           1949    480.    530.    510.    490.    500.    900.   4080.  11140.   5730.   1640.    760.    650.    27410.
           1950    774.    718.    688.    664.    782.   1021.   3679.   4572.   1509.    817.    511.    481.    16216.
           1951    478.    477.    458.    394.    426.    559.   1244.   2569.    954.    568.    557.    401.     9085.
           1952    550.    570.    580.    650.    630.    850.   5820.  19070.   7550.   1850.   1320.    740.    40180.
           1953    651.    630.    704.    751.    686.    988.   1698.   2339.   1567.   1281.    751.    498.    12544.
           1954    602.    598.    538.    551.    665.    745.   4332.   6321.   1743.   1196.    652.    666.    18609.
           1955    514.    537.    484.    532.    532.    897.   1454.   4502.   1109.   1101.   1456.    471.    13589.
           1956    524.    672.    669.    534.    550.    999.   2285.   4877.   1628.    956.    528.    377.    14599.
           1957    467.    357.    364.    414.    562.    714.   1926.   6914.   8356.   1595.    900.    584.    23153.
           1958    980.    990.    730.    600.    720.    710.   2980.  20660.   4850.   1210.    980.   1350.    36760.
           1959    633.    541.    532.    482.    450.    797.   1866.   1632.    778.    468.   1804.    398.    10381.
           1960    415.    389.    359.    437.    425.   1077.   2485.   3269.    960.    475.    365.    518.    11174.
           1961    570.    773.    441.    444.    436.    757.   2634.   3862.   1160.    629.   1812.   1588.    15106.
           1962    494.    419.    441.    478.    669.    850.   7293.   7958.   3066.   1339.    675.    676.    24358.
           1963    529.    487.    397.    442.    612.    670.   1481.   3959.    865.    479.   1046.   1004.    11971.
           1964    473.    528.    391.    416.    445.    819.   2152.   7878.   2541.   1043.   1332.    450.    18468.
           1965    400.    460.    500.    590.    620.    710.   2810.  10000.   9730.   2590.   1280.   1170.    30860.
           1966    708.    732.    827.    766.    598.   1623.   5700.   6954.   1591.    883.    677.    567.    21626.
           1967    723.    588.    796.    492.    525.    924.   1160.   8225.   6331.   3299.   1384.   2210.    26657.
           1968    670.    660.    730.    780.    890.   1570.   3350.  12330.   4700.   1660.   3670.    720.    31730.
           1969    750.    670.    660.    760.    680.   1250.   5350.  21600.   6840.   3000.   1370.    970.    43900.
           1970    958.    851.    766.    740.    787.    966.   1242.   6107.   1934.   1099.    895.    740.    17085.
           1971    606.    532.    555.    679.    643.   1012.   2999.   6067.   3418.   1261.   1041.    726.    19539.
           1972    899.    817.    696.    636.    775.   1551.   2275.   2934.   1543.    778.    592.    745.    14241.
           1973   2360.    940.    920.    820.    720.   1080.   4430.  30050.  11100.   2380.   1680.    850.    57330.
           1974    756.    684.    731.    755.    738.   1228.   1880.   3775.   1043.    834.    562.    411.    13397.
           1975    477.    522.    406.    512.    746.   1041.   1018.   6359.   5821.   1993.    891.    806.    20592.
           1976    575.    463.    558.    572.    713.    851.   1363.   5641.   1652.    893.    724.    809.    14814.
           1977    628.    544.    476.    532.    478.    633.   1366.   1170.    978.    557.    480.    420.     8262.
           1978    380.    350.    410.    450.    470.   1100.   3370.  12390.   7370.   1450.    800.    740.    29280.
           1979    710.    780.    680.    580.    580.   1050.   3730.  17830.   8520.   1930.   1290.    640.    38320.
           1980    580.    560.    580.    650.    980.    890.   4130.  12890.   9140.   2320.   1150.   1450.    35320.
           1981    956.    651.    825.    813.    688.    918.   5058.   6627.   2793.   1168.   1290.    911.    22698.
           1982   1030.    790.    680.    710.    820.   1060.   3980.  12810.   3720.   1310.   1370.   1040.    29320.
           1983    900.    810.    870.    890.    910.   1560.   2770.  19540.  25480.   4300.   2820.   1430.    62280.
           1984   1670.   1190.   1310.   1090.    910.   1500.   3970.  12110.   2600.   2180.   1550.    810.    30890.
           1985    970.    900.    890.    820.    890.   1400.   8300.  10060.   2820.   1840.    880.    830.    30600.
           1986   1051.    876.   1057.    865.    813.   2212.   4883.   7624.   2525.    885.   1388.   1168.    25347.
           1987   1309.    849.    608.    462.    576.    944.   5254.   7283.   1882.   1097.   1029.    576.    21869.
           1988    960.   1430.    720.    640.    920.   1490.   5150.  10300.   3600.   1510.   1170.    750.    28640.
           1989    648.    597.    455.    437.    603.   1317.   2477.   1307.    687.    610.    745.    425.    10308.
           1990    385.    378.    469.    446.    515.   1017.   2801.   3009.   1225.    596.    569.    600.    12010.
           1991    380.    368.    356.    541.    580.    646.   1545.   4502.   3233.    719.    646.    564.    14080.
           1992    496.    744.    568.    534.    532.    860.   4677.   5823.   1500.    769.    742.    569.    17814.
           1993    590.    560.    530.    640.    630.   1880.   4440.  24660.  11350.   2030.   1120.    790.    49220.
           1994   1041.    658.    649.    634.    610.   1285.   2549.   5784.   1543.    653.   1010.    561.    16977.
                        10242000 COAL CREEK NEAR CEDAR CITY, UT                   Acre-Feet                              PAGE  3

           WATER
           YEAR    OCT     NOV     DEC     JAN     FEB     MAR     APR     MAY     JUN     JUL     AUG     SEP       ANN

           1995    840.    640.    680.    690.    950.   2430.   2960.  12540.  15990.   4290.   1340.    890.    44240.
           1996    744.    686.    674.    684.    756.   1063.   1946.   2757.    837.    692.    579.    641.    12059.
           1997    601.    948.    711.    823.    633.   1400.   3384.   5810.   1644.    756.    850.   1646.    19206.
           1998    840.    650.    610.    570.    600.   1490.   3100.  17280.  12560.   3580.   1520.   2790.    45590.
           1999   1543.   1297.   1035.    768.    762.   1252.   2083.   7484.   3556.   1805.   1014.    893.    23492.
           2000    680.    609.    946.    686.    708.   1236.   4225.   5074.   1273.    658.    616.    560.    17271.
           2001    630.    790.    820.    780.    710.   1370.   3380.  10680.   2010.   1070.   1010.    600.    23850.
           2002    560.    543.    475.    447.    503.    641.   1218.    754.    448.    415.    357.    593.     6954.
           2003    742.    511.    621.    627.    584.    967.   1632.   5681.   1440.    619.    647.    500.    14571.
           2004    450.    613.    675.    753.    658.   1576.   2828.   4689.   1168.    859.    564.    621.    15454.
           2005   2940.   2420.   1220.   1090.    920.   1750.   6370.  35620.  23270.   3810.   3690.   1170.    84270.
           2006   1460.    990.    810.    800.    830.   1190.   5160.  12320.   2070.   2740.    820.    630.    29820.
           2007   1099.    645.    640.    680.    726.   1547.   2830.   2795.   1043.    676.    840.    937.    14458.
           2008    536.    539.    550.    555.    653.   1363.   2715.   5724.   2569.   1168.    701.    461.    17534.
           2009    570.    530.    600.    720.    690.   1070.   3240.  11290.   1710.    790.    480.    450.    22140.
           2010    466.      0.      0.      0.      0.      0.      0.      0.      0.      0.      0.      0.      466.

          +AVE.    872.    705.    719.    694.    720.   1177.   3495.  10451.   5371.   1726.   1253.    902.    28085.


          +   AVE. GIVEN FOR YEARS OF CONCURRENT DATA WITH CORRELATED STATION
                        10241600 SUMMIT CREEK NEAR SUMMIT, UTAH                   Acre-Feet                              PAGE  4

           R      0.651   0.842   0.794   0.829   0.805   0.789   0.926   0.931   0.960   0.922   0.830   0.832               0.954
           A   0.33E+02-.37E+02-.40E+02-.61E+02-.85E+02-.18E+02-.52E+01-.42E+030.76E+02-.30E+020.64E+010.49E+01          -0.562E+03
           B   0.10E+000.21E+000.21E+000.23E+000.25E+000.12E+000.10E+000.17E+000.99E-010.14E+000.11E+000.12E+00           0.142E+00

           WATER
           YEAR    OCT     NOV     DEC     JAN     FEB     MAR     APR     MAY     JUN     JUL     AUG     SEP       SUM       ANN

          *1915     33.    -37.    -40.    -61.    -85.    -18.     -5.   -415.    890.    897.     94.     46.     1299.     1670.
          *1916     40.    -16.    -24.     26.     75.    249.    775.   2166.    641.    173.      6.    272.     4383.     4548.
          *1917    219.    115.     61.     17.      1.     97.    336.   1316.    930.    260.    153.     85.     3590.     3837.
          *1918     94.     88.     55.     91.     39.    162.    385.    973.    391.    158.      6.     58.     2499.     2473.
          *1919    102.     86.     88.     39.     30.     84.    502.    545.    146.     69.     61.    231.     1984.     2013.
          *1920    106.     77.    -40.    -61.    -85.    -18.     -5.   -415.     76.    -30.      6.      5.     -384.     -385.
          *1935     33.    -37.    -40.    -61.    -85.    -18.     -5.   -415.    664.    221.    236.     77.      570.      898.
          *1936     91.    109.     87.     52.     85.    120.    438.    407.    209.    497.    154.     59.     2307.     2305.
          *1937     96.     90.     86.     95.     80.    118.    374.   2921.    566.    238.    111.    147.     4922.     4686.
          *1938     33.    -37.    -40.    -61.    -85.    -18.    840.   2000.    574.    205.    185.    114.     3710.     3980.
          *1939    158.    128.    109.    108.     79.    170.    341.    238.    195.     52.     93.    228.     1899.     1903.
          *1940    127.     73.     61.     38.     22.    131.    455.    341.    175.     43.     90.    217.     1772.     1863.
          *1941    118.    125.     53.     35.     58.    124.    220.   3038.   1016.    277.    147.    114.     5325.     5248.
          *1942    169.    210.    127.     83.     63.    120.    644.   1553.    618.    206.    117.     91.     4002.     4078.
          *1943    108.     86.     74.     60.     65.    103.    536.    568.    225.    120.    108.     68.     2121.     2161.
          *1944    100.     85.     80.     65.     85.    116.    151.   1874.    635.    160.    126.     86.     3563.     3430.
          *1945     99.    113.     75.     74.     75.     93.    213.   1359.    434.    206.    178.    101.     3021.     2903.
          *1946    136.     78.     58.     55.     77.     84.    255.     -9.    194.     85.    104.     68.     1187.     1197.
          *1947    159.    227.    166.    109.    169.    187.    422.   1408.    374.    151.    120.     67.     3559.     3391.
          *1948    105.    101.    116.     94.     85.     88.    386.   1166.    327.     76.     90.     56.     2690.     2578.
          *1949     83.     75.     65.     51.     38.     92.    406.   1432.    641.    208.     93.     83.     3267.     3316.
          *1950    113.    115.    102.     91.    108.    107.    366.    343.    225.     89.     64.     62.     1784.     1732.
          *1951     82.     64.     54.     29.     20.     50.    120.     11.    170.     53.     70.     53.      776.      723.
          *1952     90.     83.     80.     88.     70.     86.    582.   2747.    821.    238.    156.     94.     5134.     5124.
          *1953    100.     96.    105.    111.     84.    103.    166.    -28.    230.    156.     92.     65.     1281.     1213.
          *1954     95.     89.     71.     65.     79.     73.    432.    633.    248.    144.     81.     85.     2094.     2071.
          *1955     86.     76.     60.     61.     46.     92.    141.    331.    185.    130.    172.     61.     1442.     1361.
          *1956     87.    105.     98.     61.     50.    104.    225.    393.    236.    109.     66.     50.     1586.     1504.
          *1957     81.     38.     35.     34.     53.     69.    189.    731.    900.    201.    109.     75.     2516.     2714.
          *1958    134.    172.    111.     77.     92.     69.    295.   3010.    554.    146.    118.    167.     4944.     4640.
          *1959     98.     77.     70.     50.     26.     80.    183.   -145.    153.     38.    212.     53.      893.      907.
          *1960     76.     45.     34.     39.     20.    114.    245.    127.    171.     39.     48.     67.     1024.     1019.
          *1961     92.    126.     51.     41.     22.     75.    260.    225.    190.     61.    212.    195.     1551.     1575.
          *1962     84.     52.     51.     49.     80.     86.    730.    904.    378.    164.     83.     86.     2747.     2885.
          *1963     88.     66.     42.     40.     66.     64.    144.    241.    161.     40.    125.    125.     1202.     1132.
          *1964     82.     74.     40.     34.     25.     82.    212.    891.    327.    121.    158.     59.     2105.     2051.
           1965     57.     60.     63.     61.     61.     82.    343.   1479.   1355.    354.    213.    153.     4281.     4281.
           1966    157.    124.    109.     93.     74.    128.    521.    574.    186.     89.     56.     55.     2166.     2166.
           1967     80.     78.     65.     47.     55.     82.    113.    645.    403.    158.    130.    189.     2045.     2045.
           1968    119.    103.    106.    100.     92.    139.    385.   1620.    702.    207.    238.     86.     3897.     3897.
           1969    136.    147.    117.    115.    111.    136.    388.   1763.    601.    504.    196.     93.     4307.     4307.
           1970    112.     83.     89.     71.     41.    132.    257.   1176.    419.    166.    192.     95.     2833.     2833.
           1971    117.    112.    146.    133.    118.     93.    197.    648.    224.    132.    130.     99.     2149.     2149.
           1972    118.     98.    104.     87.    108.    209.    221.    202.    141.     59.     54.     75.     1476.     1476.
           1973     86.     90.     82.     80.     61.     83.    282.   4598.   1712.    364.    194.    141.     7773.     7773.
           1974    166.    156.    165.    137.    116.    150.    301.    618.    181.     86.     59.     55.     2190.     2190.
           1975     80.     75.     60.     60.     51.     66.     69.    802.    714.    372.    218.     90.     2657.     2657.
           1976    106.    108.     89.     91.     91.    105.    186.    685.    229.    110.     84.     89.     1973.     1973.
           1977     93.     71.     45.     61.     58.     68.    111.    100.     95.     87.     70.     58.      917.      917.
           1978     53.     48.     50.     51.     55.     84.    294.   1075.    520.    155.     23.     68.     2476.     2476.
           1979     94.     95.     94.     73.     68.     77.    216.   1549.    824.    202.    129.     88.     3509.     3509.
           1980     94.     90.     80.     96.    146.    196.    409.   1509.    843.    298.    129.    141.     4031.     4031.
           1981    148.    123.    123.    107.     77.    108.    522.    706.    396.    174.    113.    111.     2708.     2708.
           1982    125.    115.    100.     79.     82.    117.    365.   1094.    342.    141.    128.    130.     2818.     2818.
           1983    140.    113.    112.    133.    142.    190.    312.   4274.   2257.    563.    342.    221.     8799.     8799.
           1984    254.    234.    220.    194.    174.    195.    547.   2261.    643.    315.    327.    218.     5582.     5582.
           1985    180.    155.    157.    151.    140.    156.    757.   1008.    426.    239.    119.    105.     3593.     3593.
           1986    156.    141.    133.    103.     96.    173.    452.    859.    392.    145.    136.    117.     2903.     2903.
           1987    156.    153.    181.    135.    103.    133.    741.   1057.    325.    147.    143.    119.     3393.     3393.
          *1988    132.    265.    109.     86.    142.    165.    514.   1292.    431.    189.    139.     95.     3558.     3491.
          *1989    100.     89.     54.     39.     63.    143.    245.   -199.    144.     59.     91.     56.      884.      896.
                        10241600 SUMMIT CREEK NEAR SUMMIT, UTAH                   Acre-Feet                              PAGE  5

           R      0.651   0.842   0.794   0.829   0.805   0.789   0.926   0.931   0.960   0.922   0.830   0.832               0.954
           A   0.33E+02-.37E+02-.40E+02-.61E+02-.85E+02-.18E+02-.52E+01-.42E+030.76E+02-.30E+020.64E+010.49E+01          -0.562E+03
           B   0.10E+000.21E+000.21E+000.23E+000.25E+000.12E+000.10E+000.17E+000.99E-010.14E+000.11E+000.12E+00           0.142E+00

           WATER
           YEAR    OCT     NOV     DEC     JAN     FEB     MAR     APR     MAY     JUN     JUL     AUG     SEP       SUM       ANN

          *1990     73.     43.     57.     41.     42.    107.    277.     83.    197.     57.     71.     77.     1124.     1137.
          *1991     72.     41.     33.     63.     58.     61.    151.    331.    395.     74.     80.     72.     1432.     1430.
          *1992     84.    120.     77.     61.     46.     87.    467.    550.    224.     82.     91.     73.     1962.     1959.
          *1993     94.     81.     69.     86.     70.    212.    443.   3674.   1195.    264.    134.     99.     6422.     6403.
          *1994    140.    102.     94.     84.     65.    139.    252.    544.    228.     65.    121.     72.     1907.     1840.
          *1995    120.     98.    100.     97.    149.    280.    293.   1664.   1653.    591.    159.    111.     5316.     5698.
          *1996    110.    108.     99.     96.    101.    112.    191.     42.    158.     71.     72.     82.     1241.     1144.
          *1997     95.    163.    107.    128.     71.    153.    336.    548.    238.     80.    103.    202.     2224.     2156.
          *1998    120.    100.     86.     70.     63.    165.    307.   2450.   1315.    489.    179.    339.     5681.     5889.
          *1999    192.    237.    174.    115.    103.    135.    205.    825.    427.    232.    122.    112.     2877.     2762.
          *2000    103.     92.    155.     96.     89.    133.    421.    426.    201.     66.     76.     72.     1931.     1882.
          *2001     98.    130.    129.    118.     90.    150.    336.   1355.    274.    125.    121.     77.     3003.     2813.
          *2002     91.     78.     58.     42.     39.     60.    118.   -290.    120.     30.     47.     76.      468.      422.
          *2003    110.     71.     88.     83.     59.    100.    159.    527.    218.     60.     80.     65.     1619.     1500.
          *2004     80.     92.     99.    112.     77.    175.    280.    362.    191.     95.     71.     79.     1713.     1625.
          *2005    335.    473.    212.    189.    142.    196.    637.   5491.   2371.    522.    426.    145.    11139.    11363.
          *2006    183.    172.    127.    122.    119.    128.    515.   1627.    280.    367.    100.     80.     3821.     3658.
          *2007    146.     99.     92.     95.     94.    171.    280.     48.    179.     68.    102.    117.     1492.     1484.
          *2008     88.     77.     73.     66.     76.    149.    269.    534.    329.    139.     86.     60.     1947.     1919.
          *2009     92.     75.     84.    104.     85.    113.    322.   1457.    245.     85.     61.     59.     2780.     2571.
          *2010     81.    -37.    -40.    -61.    -85.    -18.     -5.   -415.     76.    -30.      6.      5.     -523.     -496.

           AVE.    112.    102.     83.     72.     67.    114.    329.   1045.    486.    181.    122.    102.     2815.     2814.


          * DATA CORRELATED WITH STATION:     10242000 COAL CREEK NEAR CEDAR CITY, UT                   Acre-Feet             

           NUMBER OF YEARS   82                       Linear Regression   
                                                                                                                        PAGE  6

          Correlation Coefficients           07:44:53.9          12/16/2010
                      Linear Regression   
          1 OCT  A=0.334755760E+02, B=0.102514789E+00, R=  0.650617, R*R=  0.423303
          2 NOV  A=-.368170376E+02, B=0.210789313E+00, R=  0.842383, R*R=  0.709609
          3 DEC  A=-.403885847E+02, B=0.206819760E+00, R=  0.794068, R*R=  0.630543
          4 JAN  A=-.610179302E+02, B=0.229354322E+00, R=  0.828769, R*R=  0.686858
          5 FEB  A=-.850849180E+02, B=0.246341578E+00, R=  0.804517, R*R=  0.647248
          6 MAR  A=-.180297766E+02, B=0.122508952E+00, R=  0.789469, R*R=  0.623262
          7 APR  A=-.521909155E+01, B=0.100873751E+00, R=  0.926101, R*R=  0.857663
          8 MAY  A=-.415466786E+03, B=0.165814125E+00, R=  0.930712, R*R=  0.866225
          9 JUN  A=0.758809026E+02, B=0.986370971E-01, R=  0.960349, R*R=  0.922270
         10 JUL  A=-.295994940E+02, B=0.144755040E+00, R=  0.921706, R*R=  0.849542
         11 AUG  A=0.637432747E+01, B=0.113712229E+00, R=  0.829598, R*R=  0.688233
         12 SEP  A=0.489477350E+01, B=0.119746382E+00, R=  0.831702, R*R=  0.691727
         13 ANN  A=-.562355691E+03, B=0.141511247E+00, R=  0.954262, R*R=  0.910616


         Base Station:       o:\streamfl\month\10242000.mon
         Correlated Station: o:\streamfl\month\10241600.mon
         Print File Name:    o:\streamfl\month\10241600.PRN
         Output/Save File:   
