 
                        USGS 13075000 MARSH CREEK NR MCCAMMON ID                                        


         YEAR     OCT      NOV      DEC      JAN      FEB      MAR      APR      MAY      JUN      JUL      AUG      SEP       ANN

         1955    4659.    4483.    4592.    4074.    3451.    5006.    4415.    3106.    2985.    2299.    3076.    3029.    45175.
         1956    3874.    3671.    4415.    5625.    3330.    7484.    4516.    3211.    2289.    1993.    2446.    3271.    46125.
         1957    4167.    4386.    4715.    3584.    6696.    5631.    4550.    7928.    4498.    3241.    3673.    4064.    57134.
         1958    5419.    5905.    5871.    4929.    9306.    7345.    6581.    4786.    3376.    2711.    3422.    3977.    63628.
         1959    5153.    5544.    5810.    4532.    5137.    5072.    4219.    3489.    2654.    3098.    2719.    4477.    51903.
         1960    4830.    3902.    3989.    3991.    4191.    9610.    5657.    2481.    1978.    2229.    2775.    2668.    48300.
         1961    3362.    3550.    3630.    3457.    4455.    4786.    3546.    2557.    1795.    1757.    2077.    3294.    38267.
         1962    3308.    3364.    3580.    3779.   18270.   10022.    5940.    3019.    2761.    2303.    2803.    2882.    62031.
         1963    3725.    4778.    4264.    3542.    8273.    4626.    5167.    4808.    4978.    2384.    2408.    3864.    52818.
         1964    3953.    4610.    4014.    3751.    3326.    4467.    8739.    5284.    6805.    3862.    2745.    3501.    55057.
         1965    4687.    5098.    8769.    6553.    6698.    5889.    8376.    8208.    5012.    5002.    4701.    5266.    74259.
         1966    5351.    6143.    5250.    5054.    4516.    9203.    5383.    3346.    2509.    2158.    2170.    2813.    53897.
         1967    3646.    3898.    4046.    4592.    4302.    4592.    4606.    4334.    5447.    4254.    3051.    3408.    50174.
         1968    4451.    4475.    4322.    3959.    6476.    6294.    4498.    3681.    4336.    3277.    4877.    4278.    54924.
         1969    4651.    4941.    4717.    7987.    5224.   10586.   12904.    5572.    4707.    4229.    3745.    4344.    73607.
         1970    6153.    5586.    5625.    7204.    5566.    5542.    4354.    5268.    3975.    3675.    3465.    5464.    61876.
         1971    5821.    5734.    5508.    5435.    6204.    9622.   10205.   13388.    7317.    4362.    4441.    5875.    83912.
         1972    6706.    6186.    6417.    6962.    6551.   10887.   10715.    8918.    5603.    3907.    4620.    5008.    82480.
         1973    6069.    5685.    5488.    5330.    4528.    9205.    8037.    6565.    3628.    4449.    4100.    6119.    69203.
         1974    5540.    6284.    6048.    5857.    4758.   11121.    8384.    8108.    3560.    3130.    3919.    3630.    70339.
         1975    5322.    5919.    5554.    5419.    5453.    9501.    6897.   10816.    7950.    4844.    4147.    4499.    76321.
         1976    5675.    4810.    5177.    4975.    5334.    9336.   12678.    9410.    4487.    2838.    4044.    4112.    72876.
         1977    4925.    4794.    4479.    4272.    3737.    5054.    3116.    3667.    3330.    2440.    3013.    3961.    46788.
         1978    4058.    4663.    5405.    5147.    5244.    6526.    8912.    6375.    2797.    2128.    3047.    4582.    58883.
         1979    4141.    3961.    3525.    3927.    6345.   10030.    5875.    3418.    2388.    2580.    3104.    3919.    53213.
         1980    3800.    3578.    3850.   13785.   11617.    6871.    5976.   11018.    8803.    3485.    2922.    3882.    79587.
         1981    4596.    5338.    5536.    4653.    5853.    5326.    4229.    5853.    5946.    2370.    2354.    3217.    55271.
         1982    5028.    4550.    5040.    3064.    6131.    7704.    8148.   13115.    7361.    5363.    4729.    6774.    77007.
         1983    7769.    7755.    7140.    7462.    8406.   11790.    9372.   15592.   13589.    7023.    7620.    7085.   110603.
         1984    9122.    9402.    8777.    7591.    6831.   10822.   12381.   19027.   14138.    7190.    7565.    7668.   120514.
         1985    9364.    8013.    6774.    6651.    5891.    8573.   15213.    7218.    4459.    4078.    3915.    5385.    85534.
         1986    6333.    6565.    6428.    6069.   16266.   12042.   12522.   12244.    6813.    5449.    5845.    7388.   103964.
         1987    8287.    7607.    6944.    6337.    6865.    8755.    4858.    5226.    4260.    4157.    4457.    4548.    72301.
         1988    5722.    5784.    5468.    5292.    5641.    6994.    4826.    3780.    3019.    2340.    2529.    2779.    54174.
         1989    3780.    4054.    3396.    3298.    3219.    9336.    6067.    3969.    3782.    2916.    3348.    4058.    51225.
         1990    4881.    4574.    4292.    4820.    4155.    4925.    3927.    3969.    3689.    2858.    2334.    3166.    47591.
         1991    3888.    3761.    3193.    3485.    3923.    4643.    4026.    5827.    3648.    2438.    2638.    3951.    45422.
         1992    3784.    4080.    3606.    3257.    4441.    3666.    2686.    1638.    2059.    1984.    1504.    2444.    35147.
         1993    2624.    2781.    2787.    3358.    3114.    6881.    5633.    7827.    4901.    2908.    4334.    3780.    50928.
         1994    4060.    3709.    3822.    4221.    4877.    4864.    2898.    2434.    2198.    1452.    2069.    2733.    39336.
         1995    2963.    2872.    3316.    4834.    4776.    5058.    3846.    5502.    5578.    2791.    2707.    3658.    47901.
         1996    3955.    3876.    4391.    3915.    6351.    8055.    6306.    9178.    6512.    3800.    3112.    4473.    63923.
         1997    4405.    4383.    5950.    6970.    6052.    7734.    7906.   10056.    5887.    4034.    4221.    4574.    72172.
         1998    5006.    4766.    4362.    5966.    6099.    6462.    7315.    9132.    5907.    2940.    3376.    4268.    65599.
         1999    4320.    4237.    4340.    4846.    6044.    5740.    5546.    6637.    5574.    2872.    3747.    4731.    58632.
         2000    3957.    3981.    4068.    4667.    5385.    4848.    4627.    3015.    2390.    2321.    2249.    3570.    45078.
         2001    3917.    3231.    3449.    3128.    3574.    4512.    3658.    2259.    2606.    2128.    1755.    2430.    36649.
         2002    2979.    2924.    2934.    2818.    2283.    4205.    3211.    2269.    1912.    2475.    1839.    2634.    32483.
         2003    2872.    2749.    2696.    2930.    2747.    2755.    2237.    2053.     624.     875.     926.    1321.    24784.
         2004    2172.    2420.    2501.    2400.    2364.    4483.    2805.    2430.    2578.    2273.    1974.    2422.    30821.
         2005    3491.    3011.    3261.    3102.    2769.    5790.    4278.    6361.    5536.    3122.    2229.    2878.    45828.
         2006    3689.    3306.    3959.    5818.    4140.    8190.   11030.    9162.    4167.    3499.    2793.    3830.    63583.
         2007    4028.    3965.    3876.    3267.    5685.    5776.    4326.    2862.    2075.    1991.    2166.    2469.    42486.
         2008    3120.    2916.    3072.    2811.    2850.    4544.    3316.    2979.    2680.    1904.    1658.    2227.    34078.
         2009    3017.    2731.    2771.    2979.    3291.    4598.    4260.    3923.    6482.    3533.    2707.    3160.    43452.
         2010    3503.    3096.    3049.    3118.    2942.    4937.    3806.    3723.    2862.    2085.    2190.    3102.    38412.
         2011    3070.    2791.    3531.    4060.    3293.    5593.    5393.    9983.    6615.    3051.    2464.    2688.    52530.
         2012    3626.    3640.    3213.    3737.    4100.    5457.    3606.    2174.    2017.    2396.    1676.    2198.    37839.
         2013    2464.    2660.    2779.    2406.    2313.    4415.    3068.    1954.     936.    1275.    1616.    2025.    27911.
         2014    2327.    2323.    1849.    1862.    3312.    2759.    2442.    2085.    1845.    1652.    2356.    2206.    27017.
         2015    2329.    2210.    2237.    2271.    2694.

         MEAN    4490.    4459.    4490.    4675.    5372.    6776.    6067.    5970.    4410.    3103.    3175.    3867.    57050.

                        USGS 13075000 MARSH CREEK NR MCCAMMON ID                                        


         YEAR     OCT      NOV      DEC      JAN      FEB      MAR      APR      MAY      JUN      JUL      AUG      SEP       ANN


          PCT    7.87%    7.82%    7.87%    8.19%    9.42%   11.88%   10.63%   10.47%    7.73%    5.44%    5.57%    6.78%   100.00%

           SD    1532.    1498.    1467.    1882.    2852.    2395.    3023.    3747.    2561.    1251.    1298.    1347.    19725.

           CV     0.34     0.34     0.33     0.40     0.53     0.35     0.50     0.63     0.58     0.40     0.41     0.35      0.35

           FILE: 13075000.MON              

              Critical (Driest) Period Analysis
              ---------------------------------

                1 Year Period 2003-2003

         MEAN    2872.    2749.    2696.    2930.    2747.    2755.    2237.    2053.     624.     875.     926.    1321.    24784.

                3 Year Period 2002-2004

         MEAN    2674.    2698.    2710.    2716.    2465.    3814.    2751.    2251.    1705.    1874.    1579.    2126.    29363.

                5 Year Period 2000-2004

         MEAN    3180.    3061.    3130.    3189.    3271.    4161.    3308.    2405.    2022.    2014.    1748.    2475.    33963.

               10 Year Period 2001-2010

         MEAN    3279.    3035.    3157.    3237.    3264.    4979.    4293.    3802.    3152.    2389.    2024.    2647.    39258.



              ERROR CHECK


         ERROR 1971      1.00
         ERROR 1972      1.00
         ERROR 1974      1.00
         ERROR 1975      3.00
         ERROR 1976      1.00
         ERROR 1979      2.00
         ERROR 1982      1.00
         ERROR 1983      1.00
         ERROR 1985      1.00
         ERROR 1986      2.00
         ERROR 1997      1.00
         ERROR 2006      1.00
         ERROR 2015**********
