1                        09275500 WEST FORK DUCHESNE RIVER NEAR HANNA, UT          Acre-Feet                              PAGE  1

            WATER
            YEAR    OCT     NOV     DEC     JAN     FEB     MAR     APR     MAY     JUN     JUL     AUG     SEP       ANN

            1921                                                                                           1799.          
            1922   1561.   1254.   1329.   1361.   1261.   1123.                                                          
            1923   1140.   1040.   1230.   1230.   1110.   1230.   2050.  13680.  15470.   5480.   2470.   2150.    48280.
            1946   1150.   1100.    970.    960.    830.   1140.   5140.  11270.   5010.   1710.   1190.    890.    31360.
            1947   1030.    940.    850.    800.    780.   1090.   2360.  15360.   7630.   2940.   1650.   1080.    36510.
            1948   1050.    950.    960.    910.    810.    880.   1630.  10670.   5390.   1800.   1090.    820.    26960.
            1949   1010.    990.    930.    920.    750.    880.   3630.  13600.  11860.   3470.   1630.   1160.    40830.
            1950   1240.    910.    840.    740.    790.   1420.   3910.  13440.  16150.   4230.   1940.   1520.    47130.
            1951   1260.   1190.   1120.   1010.    780.    880.   2230.  10730.   8850.   2830.   1580.   1090.    33550.
            1952   1070.    870.    960.    860.    860.    860.   3520.  22490.  19960.   5000.   2540.   1760.    60750.
            1953   1450.   1140.   1070.   1060.    980.   1120.   1610.   4620.  11990.   3100.   1710.   1130.    30980.
            1954   1166.   1067.    928.    855.    833.    982.   2392.   7139.   2664.   1279.    902.    873.    21080.
            1955    820.    720.    740.    680.    560.    680.   1350.  10730.   6260.   2170.   1460.   1010.    27180.
            1956   1000.    890.    940.    840.    810.   1020.   2530.  13110.   6980.   2280.   1410.    850.    32660.
            1957    850.    790.    740.    690.    700.    830.   1290.   6610.  16370.   4040.   2010.   1300.    36220.
            1958   1420.   1200.   1150.   1080.    810.    840.   2050.  16000.   9930.   2430.   1430.   1240.    39580.
            1959   1190.   1002.    932.    829.    770.    752.   1589.   5627.   4223.   1404.    928.    827.    20073.
            1960    942.    843.    664.    659.    672.    986.   2208.   7462.   3568.   1244.    738.    744.    20730.
            1961    799.    803.    746.    660.    597.    774.   1301.   3911.   1460.    646.    584.    701.    12982.
            1962    810.    820.    710.    590.    600.    670.   4900.  15780.  14000.   3790.   1770.   1310.    45750.
            1963   1216.    984.    940.    772.    813.   1002.   1289.   8426.   6902.   1997.   1446.   1200.    26987.
            1964   1020.    920.    850.    840.    760.    760.   1290.  10340.  10060.   3350.   1640.   1240.    33070.
            1965   1070.    980.   1050.    860.    780.    800.   1920.  10920.  20760.   5640.   2780.   1810.    49370.
            1966   1710.   1400.   1230.    970.    750.   1250.   4260.  11700.   4340.   1970.   1340.   1200.    32120.
            1967   1080.    900.    880.    820.    720.    950.   1330.   8790.  17310.   5030.   2160.   1620.    41590.
            1968   1380.   1100.   1020.    790.    740.    930.   1500.   8060.  14200.   3320.   2070.   1480.    36590.
            1969   1380.    990.    960.    900.    690.    840.   3890.  22940.  10540.   3860.   2040.   1460.    50490.
            1970   1410.   1083.    922.   1075.    918.    962.   1250.   9683.   9376.   2547.   1420.   1160.    31806.
            1971   1220.   1050.    990.   1060.    880.   1150.   2770.  10070.  12360.   3250.   1620.   1290.    37710.
            1972   1350.   1160.   1010.   1020.    890.   1330.   2590.  13010.   7770.   2410.   1390.   1170.    35100.
            1973   1350.    980.    920.    790.    710.    940.   1650.  12870.  10600.   3690.   2130.   1630.    38260.
            1974   1430.   1280.   1200.   1140.    900.   1230.   1570.  14390.   8100.   2410.   1360.   1050.    36060.
            1975   1180.   1070.   1040.    920.    770.    970.   1240.   5280.  17830.   6350.   2300.   1530.    40480.
            1976   1490.   1110.   1260.    950.    710.    860.   1690.  10440.   5580.   1880.   1280.   1030.    28280.
            1977   1079.    874.    743.    692.    621.    803.   1668.   1902.   1545.    785.    695.    557.    11964.
            1978    720.    650.    650.    670.    630.    840.   1840.   7860.  12880.   2990.   1360.   1140.    32230.
            1979   1060.   1130.    980.    980.    890.    960.   1570.  10020.   8270.   2010.   1240.    890.    30000.
            1980    930.    920.    840.    720.    720.    800.   2890.  13810.  17850.   4700.   2110.   1700.    47990.
            1981   1484.   1178.   1146.   1158.   1027.   1174.   2450.   6307.   4973.   1684.   1105.   1252.    24938.
            1982   1410.   1100.   1030.    640.    690.   1040.   2590.  16490.  18180.   5870.   2310.   1890.    53240.
            1983   1840.   1280.   1050.   1120.    710.   1210.   1690.   9310.  26430.   6480.   2720.   1840.    55680.
            1984   1670.   1450.   1270.   1070.   1000.   1230.   2410.  18210.  15250.   5070.   2870.   1810.    53310.
            1985   1310.   1120.   1080.   1060.    900.   1110.   4060.  16980.   8450.   3010.   1610.   1620.    42310.
            1986   1585.   1325.   1016.    930.    861.   1714.   3739.   8850.   9374.   3084.   1825.   1906.    36209.
            1987   1791.   1238.   1018.    851.    692.    946.   2376.   2537.   2106.   1380.   1065.    833.    16833.
            1988    835.    793.    726.    700.    626.    752.   1771.   3806.   2041.    990.    725.    637.    14402.
            1989    618.    666.    673.    628.    560.    946.   2279.   2525.   1743.   1142.    772.    759.    13311.
            1990    605.    526.    575.    583.    519.    725.   1444.   1847.   1476.   1087.    835.    745.    10967.
            1991    552.    612.    587.    557.    586.    575.    989.   2071.   2106.   1730.   1095.    899.    12359.
            1992    827.    806.    749.    651.    568.    803.   1127.   3211.    934.    883.    601.    468.    11628.
            1993    550.    614.    585.    498.    473.    922.   1194.   8701.   3356.   1638.   1218.   1127.    20876.
            1994   1002.    756.    890.    738.    559.    726.   1263.   1734.   1692.   1014.   1018.    791.    12183.

            AVE.   1151.    985.    921.    843.    747.    960.   2229.   9829.   9116.   2808.   1525.   1184.    32299.

           Count     49      49      49      49      49      49      49      49      49      49      49      49        49
1                        09292500 YELLOWSTONE RIVER NEAR ALTONAH, UT                                                      PAGE  2

            WATER
            YEAR    OCT     NOV     DEC     JAN     FEB     MAR     APR     MAY     JUN     JUL     AUG     SEP       ANN

            1945   5720.   5070.   3372.   2767.   2333.   2793.   3074.  13864.  23825.  17137.  11516.   7077.    98548.
            1946   5304.   3991.   3382.   3136.   2499.   2705.   6776.  14719.  15233.   7515.   6321.   4362.    75943.
            1947   4818.   4221.   3892.   3443.   2932.   3259.   4207.  28865.  28332.  17109.  10370.   7620.   119068.
            1948   5812.   4500.   3876.   3320.   2761.   3013.   3217.  16385.  16665.   6910.   6631.   4251.    77341.
            1949   3990.   3640.   3440.   3200.   2780.   3000.   4750.  17290.  42660.  17000.   8470.   6610.   116830.
            1950   5810.   4650.   3970.   3470.   2890.   3100.   5600.  16820.  36750.  14400.   6560.   6370.   110390.
            1951   4401.   3546.   3497.   3199.   2842.   3215.   2983.  13043.  27166.  12141.  11409.   5944.    93386.
            1952   5270.   4170.   4000.   3380.   3160.   3070.   5590.  27270.  44680.  22780.  15360.  10530.   149260.
            1953   6607.   4679.   4155.   3689.   2910.   3124.   3314.   4441.  25626.  10637.   8352.   6022.    83556.
            1954   4376.   3836.   3489.   3057.   2509.   2797.   3870.  18948.   9584.   7609.   7753.   5159.    72987.
            1955   4324.   3521.   3185.   2767.   2221.   2460.   2971.  14392.  20041.   7523.   8743.   5899.    78047.
            1956   4457.   3572.   3348.   3128.   2588.   2819.   3818.  21592.  29671.   9140.   6204.   4600.    94937.
            1957   3920.   3480.   3350.   3070.   2500.   2720.   2730.   5220.  36650.  19210.  10780.   9160.   102790.
            1958   6262.   5032.   4019.   3174.   2777.   2951.   3469.  23413.  28590.   9100.   6385.   7020.   102192.
            1959   5631.   3461.   3027.   2767.   2499.   2590.   2983.   6825.  22255.   8668.   8565.   5470.    74741.
            1960   5219.   3911.   3130.   2797.   2573.   2965.   3810.  13662.  17486.   7152.   5189.   4582.    72476.
            1961   4306.   3412.   2932.   2507.   2221.   2460.   2769.   9493.   9719.   6236.   5841.  10865.    62761.
            1962   8900.   5300.   3930.   3120.   2750.   2810.   7150.  17650.  41290.  18620.   8670.   6300.   126490.
            1963   5312.   3753.   3122.   2362.   2339.   2460.   2535.  16891.  25418.  11199.   8239.   9031.    92661.
            1964   6050.   4470.   3220.   2840.   2360.   2690.   3090.  19010.  32700.  18480.   9220.   6320.   110450.
            1965   4390.   3230.   3220.   2870.   2520.   2690.   3280.   7970.  44090.  45730.  22490.  13020.   155500.
            1966   8154.   5633.   4395.   3031.   2519.   3025.   5508.  22709.  17274.  11351.   9612.   8525.   101736.
            1967   6600.   4700.   4220.   3850.   3130.   3080.   3210.  16300.  36590.  27590.  12250.   7530.   129050.
            1968   5600.   4160.   3760.   3390.   3040.   3100.   3410.   7670.  52510.  18630.  14520.   7940.   127730.
            1969   6400.   4460.   4420.   3740.   2770.   3450.   7590.  36840.  26630.  12230.   9060.   7190.   124780.
            1970   5736.   4247.   3376.   2941.   2586.   2694.   2444.  12897.  23560.  11833.   8051.   8610.    88975.
            1971   5180.   3720.   3610.   3160.   2640.   2890.   3690.  10120.  40250.  16580.   9650.   6340.   107830.
            1972   5197.   4473.   3955.   3423.   2709.   3675.   3580.  13460.  30565.   9245.   7283.   5094.    92659.
            1973   5950.   4630.   3960.   3280.   2720.   2780.   2950.  21070.  33550.  19130.  12480.   9440.   121940.
            1974   6044.   4671.   3878.   3356.   2684.   3340.   4366.  18672.  12547.   8789.   5554.   3677.    77578.
            1975   3880.   3260.   3040.   2860.   2420.   2530.   2490.   6360.  37920.  36950.  10830.   6540.   119080.
            1976   4582.   3759.   3544.   3074.   2588.   2767.   2914.  15096.  25002.   8894.   6490.   5266.    83976.
            1977   4151.   2961.   2505.   2313.   1658.   1906.   2471.   4427.  14846.   7670.   5958.   4112.    54978.
            1978   3650.   2960.   2690.   2030.   2130.   2780.   3420.   8210.  31700.  11350.   6520.   4450.    81890.
            1979   3562.   3059.   2372.   1632.   1751.   2261.   2878.  14497.  22147.   9078.   8160.   4282.    75679.
            1980   3590.   3000.   2680.   2350.   2320.   2490.   3610.  10370.  44000.  15780.   7630.   6150.   103970.
            1981   4614.   3481.   2862.   2626.   2467.   2678.   3142.  10580.  24922.   7793.   6432.   5417.    77014.
            1982   5220.   4190.   3420.   2440.   2090.   2650.   3410.  14560.  37270.  19090.  10000.  11890.   116230.
            1983  13100.   7230.   5880.   4330.   3470.   3580.   3420.  10350.  60150.  31150.  16160.  11260.   170080.
            1984  10665.   6732.   5393.   4425.   3503.   3412.   3878.  23415.  23207.  17111.  13597.  10024.   125362.
            1985   7674.   5472.   4945.   4141.   3181.   3304.   5510.  18492.  22407.  12559.   7696.   6244.   101625.
            1986   5530.   5220.   4250.   3640.   3240.   4850.   5540.  19940.  59080.  20910.  12050.   9040.   153290.
            1987   6760.   5480.   4240.   3480.   3070.   3350.   4410.  28600.  32810.  12520.  11290.   7430.   123440.
            1988   5399.   4542.   3886.   3560.   3249.   3279.   3467.  11125.  11667.   7573.   5143.   3836.    66726.
            1989   3356.   2803.   2545.   2283.   2154.   2686.   3479.   9697.  12813.   8688.   6190.   4467.    61161.
            1990   3830.   2610.   2410.   2280.   2140.   2450.   3320.   8570.  32090.  11560.   8070.   5420.    84750.
            1991   4540.   3400.   3820.   3260.   2750.   2690.   2630.   6870.  33130.  14100.   9890.  10290.    97370.
            1992   5655.   3979.   3509.   3469.   3302.   3078.   3671.  14206.  10102.   6660.   4657.   3600.    65888.
            1993   3257.   2612.   2214.   2346.   2571.   3231.   2848.  18022.  27600.  14017.  10570.   5595.    94883.
            1994   4608.   3721.   3239.   2563.   2577.   2805.   3535.  12942.  10497.   6496.   5576.   4917.    63476.
            1995   6000.   4130.   3810.   3350.   2940.   3430.   3640.   6500.  50810.  38810.  14090.   8330.   145840.
            1996   5952.   4655.   3834.   3380.   2888.   3027.   3332.  14505.  26561.   9792.   5837.   5046.    88809.
            1997   4390.   3630.   3010.   2670.   2640.   2830.   3270.  20880.  38870.  11300.  10760.  14040.   118290.
            1998   9040.   5790.   4870.   4030.   2930.   3080.   3370.  10920.  38250.  28860.  13000.  11020.   135160.
            1999   7540.   5530.   4280.   3910.   3300.   3330.   3310.  14040.  51660.  17270.  12350.  12360.   138880.
            2000   6218.   4499.   3703.   3229.   3178.   3398.   4092.  15745.  10481.   6597.   4996.   6032.    72168.
            2001   5360.   4950.   3970.   3620.   3200.   3880.   5010.  32340.  19400.   9960.   7890.   5280.   104860.
            2002   4038.   3156.   2959.   2830.   2331.   2271.   2773.   6710.   7156.   4086.   2910.   6061.    47281.
            2003   5100.   3318.   2916.   2600.   2241.   2450.   2914.  18914.  17494.   8640.   5312.   4514.    76413.
            2004   3618.   2979.   2890.   3255.   2243.   3088.   4054.  13006.  12526.   9471.   6466.   4554.    68150.
            2005   4510.   4080.   3290.   3450.   3180.   3550.   5260.  32320.  52940.  23310.  12360.   9820.   158070.
            2006   6829.   4703.   3257.   3096.   2945.   3328.   4407.  26941.  22132.   8870.   6819.   6599.    99926.
            2007   6992.   4977.   4193.   3509.   3144.   3731.   3983.  14333.   7565.   6179.   4979.   4844.    68429.
            2008   5677.   3568.   2527.   2473.   2269.   2777.   3086.  12155.  20398.   9699.   7133.   5405.    77167.
            2009   4092.   3231.   2535.   2164.   2035.   2555.   3398.  24787.  20725.  12024.   7357.   5581.    90484.
            2010   4200.   2800.   2520.   2160.   1920.   2070.   2530.   6400.  37620.   9690.   6750.   3670.    82330.
            2011   4690.   4380.   3590.   3490.   2860.   2930.   4020.  10170.  61580.  50870.  14520.   8070.   171170.
            2012   7841.                                           6161.                                                  

           +AVE.   5462.   4113.   3576.   3073.   2654.   2933.   3790.  15101.  28601.  14132.   9039.   6810.    99285.


           +   AVE. GIVEN FOR YEARS OF CONCURRENT DATA WITH CORRELATED STATION
1                        09275500 WEST FORK DUCHESNE RIVER NEAR HANNA, UT          Acre-Feet                              PAGE  3

            R      0.779   0.805   0.714   0.667   0.496   0.795   0.945   0.811   0.865   0.912   0.875   0.810               0.880
            A   0.20E+030.96E+020.57E+02-.73E+02-.10E+03-.43E+03-.10E+04-.15E+04-.51E+040.10E+03-.42E+020.85E+02          -0.158E+05
            B   0.18E+000.22E+000.24E+000.30E+000.32E+000.47E+000.86E+000.75E+000.50E+000.19E+000.17E+000.16E+00           0.484E+00

            WATER
            YEAR    OCT     NOV     DEC     JAN     FEB     MAR     APR     MAY     JUN     JUL     AUG     SEP       SUM       ANN

           *1921                                                                                           1799.                    
           *1922   1561.   1254.   1329.   1361.   1261.   1123.                                                                    
           *1923   1140.   1040.   1230.   1230.   1110.   1230.   2050.  13680.  15470.   5480.   2470.   2150.    48280.    48280.
           *1945   1196.   1192.    872.    752.    644.    894.   1613.   8900.   6749.   3384.   1954.   1228.    29377.    31943.
            1946   1150.   1100.    970.    960.    830.   1140.   5140.  11270.   5010.   1710.   1190.    890.    31360.    31360.
            1947   1030.    940.    850.    800.    780.   1090.   2360.  15360.   7630.   2940.   1650.   1080.    36510.    36510.
            1948   1050.    950.    960.    910.    810.    880.   1630.  10670.   5390.   1800.   1090.    820.    26960.    26960.
            1949   1010.    990.    930.    920.    750.    880.   3630.  13600.  11860.   3470.   1630.   1160.    40830.    40830.
            1950   1240.    910.    840.    740.    790.   1420.   3910.  13440.  16150.   4230.   1940.   1520.    47130.    47130.
            1951   1260.   1190.   1120.   1010.    780.    880.   2230.  10730.   8850.   2830.   1580.   1090.    33550.    33550.
            1952   1070.    870.    960.    860.    860.    860.   3520.  22490.  19960.   5000.   2540.   1760.    60750.    60750.
            1953   1450.   1140.   1070.   1060.    980.   1120.   1610.   4620.  11990.   3100.   1710.   1130.    30980.    30980.
            1954   1166.   1067.    928.    855.    833.    982.   2392.   7139.   2664.   1279.    902.    873.    21080.    21080.
            1955    820.    720.    740.    680.    560.    680.   1350.  10730.   6260.   2170.   1460.   1010.    27180.    27180.
            1956   1000.    890.    940.    840.    810.   1020.   2530.  13110.   6980.   2280.   1410.    850.    32660.    32660.
            1957    850.    790.    740.    690.    700.    830.   1290.   6610.  16370.   4040.   2010.   1300.    36220.    36220.
            1958   1420.   1200.   1150.   1080.    810.    840.   2050.  16000.   9930.   2430.   1430.   1240.    39580.    39580.
            1959   1190.   1002.    932.    829.    770.    752.   1589.   5627.   4223.   1404.    928.    827.    20073.    20073.
            1960    942.    843.    664.    659.    672.    986.   2208.   7462.   3568.   1244.    738.    744.    20730.    20730.
            1961    799.    803.    746.    660.    597.    774.   1301.   3911.   1460.    646.    584.    701.    12982.    12982.
            1962    810.    820.    710.    590.    600.    670.   4900.  15780.  14000.   3790.   1770.   1310.    45750.    45750.
            1963   1216.    984.    940.    772.    813.   1002.   1289.   8426.   6902.   1997.   1446.   1200.    26987.    26987.
            1964   1020.    920.    850.    840.    760.    760.   1290.  10340.  10060.   3350.   1640.   1240.    33070.    33070.
            1965   1070.    980.   1050.    860.    780.    800.   1920.  10920.  20760.   5640.   2780.   1810.    49370.    49370.
            1966   1710.   1400.   1230.    970.    750.   1250.   4260.  11700.   4340.   1970.   1340.   1200.    32120.    32120.
            1967   1080.    900.    880.    820.    720.    950.   1330.   8790.  17310.   5030.   2160.   1620.    41590.    41590.
            1968   1380.   1100.   1020.    790.    740.    930.   1500.   8060.  14200.   3320.   2070.   1480.    36590.    36590.
            1969   1380.    990.    960.    900.    690.    840.   3890.  22940.  10540.   3860.   2040.   1460.    50490.    50490.
            1970   1410.   1083.    922.   1075.    918.    962.   1250.   9683.   9376.   2547.   1420.   1160.    31806.    31806.
            1971   1220.   1050.    990.   1060.    880.   1150.   2770.  10070.  12360.   3250.   1620.   1290.    37710.    37710.
            1972   1350.   1160.   1010.   1020.    890.   1330.   2590.  13010.   7770.   2410.   1390.   1170.    35100.    35100.
            1973   1350.    980.    920.    790.    710.    940.   1650.  12870.  10600.   3690.   2130.   1630.    38260.    38260.
            1974   1430.   1280.   1200.   1140.    900.   1230.   1570.  14390.   8100.   2410.   1360.   1050.    36060.    36060.
            1975   1180.   1070.   1040.    920.    770.    970.   1240.   5280.  17830.   6350.   2300.   1530.    40480.    40480.
            1976   1490.   1110.   1260.    950.    710.    860.   1690.  10440.   5580.   1880.   1280.   1030.    28280.    28280.
            1977   1079.    874.    743.    692.    621.    803.   1668.   1902.   1545.    785.    695.    557.    11964.    11964.
            1978    720.    650.    650.    670.    630.    840.   1840.   7860.  12880.   2990.   1360.   1140.    32230.    32230.
            1979   1060.   1130.    980.    980.    890.    960.   1570.  10020.   8270.   2010.   1240.    890.    30000.    30000.
            1980    930.    920.    840.    720.    720.    800.   2890.  13810.  17850.   4700.   2110.   1700.    47990.    47990.
            1981   1484.   1178.   1146.   1158.   1027.   1174.   2450.   6307.   4973.   1684.   1105.   1252.    24938.    24938.
            1982   1410.   1100.   1030.    640.    690.   1040.   2590.  16490.  18180.   5870.   2310.   1890.    53240.    53240.
            1983   1840.   1280.   1050.   1120.    710.   1210.   1690.   9310.  26430.   6480.   2720.   1840.    55680.    55680.
            1984   1670.   1450.   1270.   1070.   1000.   1230.   2410.  18210.  15250.   5070.   2870.   1810.    53310.    53310.
            1985   1310.   1120.   1080.   1060.    900.   1110.   4060.  16980.   8450.   3010.   1610.   1620.    42310.    42310.
            1986   1585.   1325.   1016.    930.    861.   1714.   3739.   8850.   9374.   3084.   1825.   1906.    36209.    36209.
            1987   1791.   1238.   1018.    851.    692.    946.   2376.   2537.   2106.   1380.   1065.    833.    16833.    16833.
            1988    835.    793.    726.    700.    626.    752.   1771.   3806.   2041.    990.    725.    637.    14402.    14402.
            1989    618.    666.    673.    628.    560.    946.   2279.   2525.   1743.   1142.    772.    759.    13311.    13311.
            1990    605.    526.    575.    583.    519.    725.   1444.   1847.   1476.   1087.    835.    745.    10967.    10967.
            1991    552.    612.    587.    557.    586.    575.    989.   2071.   2106.   1730.   1095.    899.    12359.    12359.
            1992    827.    806.    749.    651.    568.    803.   1127.   3211.    934.    883.    601.    468.    11628.    11628.
            1993    550.    614.    585.    498.    473.    922.   1194.   8701.   3356.   1638.   1218.   1127.    20876.    20876.
            1994   1002.    756.    890.    738.    559.    726.   1263.   1734.   1692.   1014.   1018.    791.    12183.    12183.
           *1995   1245.    989.    978.    925.    838.   1196.   2100.   3371.  20123.   7535.   2400.   1430.    43131.    54841.
           *1996   1237.   1102.    983.    934.    822.   1005.   1835.   9382.   8105.   1977.    970.    900.    29252.    27227.
           *1997    964.    881.    784.    723.    742.    912.   1781.  14168.  14205.   2266.   1823.   2352.    41601.    41502.
           *1998   1778.   1348.   1234.   1128.    835.   1030.   1868.   6690.  13898.   5630.   2211.   1864.    39513.    49670.
           *1999   1515.   1292.   1091.   1092.    954.   1148.   1816.   9032.  20544.   3409.   2098.   2080.    46073.    51471.
           *2000   1284.   1069.    952.    889.    915.   1181.   2489.  10313.    135.   1365.    824.   1059.    22474.    19169.
           *2001   1133.   1166.   1016.   1006.    922.   1409.   3280.  22773.   4556.   2009.   1326.    937.    41533.    34999.
           *2002    902.    778.    772.    770.    643.    647.   1354.   3529.  -1512.    884.    463.   1063.    10293.     7119.
           *2003   1088.    813.    762.    702.    614.    732.   1475.  12692.   3611.   1756.    879.    814.    25938.    21225.
           *2004    828.    740.    755.    897.    615.   1034.   2457.   8256.   1149.   1916.   1079.    820.    20546.    17224.
           *2005    985.    978.    852.    955.    915.   1253.   3495.  22758.  21179.   4566.   2100.   1670.    61706.    60763.
           *2006   1391.   1113.    844.    850.    840.   1147.   2761.  18719.   5910.   1800.   1140.   1150.    37665.    32610.
           *2007   1419.   1172.   1070.    973.    904.   1338.   2395.   9252.  -1310.   1285.    821.    867.    20187.    17359.
           *2008   1189.    867.    668.    664.    623.    886.   1623.   7617.   5050.   1959.   1194.    958.    23299.    21590.
           *2009    911.    794.    670.    572.    548.    781.   1892.  17102.   5213.   2405.   1233.    986.    33107.    28038.
           *2010    930.    701.    666.    571.    511.    552.   1144.   3296.  13586.   1958.   1128.    678.    25721.    24090.
           *2011   1016.   1043.    925.    967.    813.    959.   2427.   6127.  25461.   9845.   2474.   1388.    53445.    67106.
           *2012   1568.                                           4271.                                                            

            AVE.   1162.    990.    911.    846.    751.    972.   2225.  10084.   9154.   2889.   1505.   1198.    32880.    32925.


           * DATA CORRELATED WITH STATION:     09292500 YELLOWSTONE RIVER NEAR ALTONAH, UT                                     
           Count      68      67      67      67      67      67      68      67      67      67      67      67                  68

            NUMBER OF YEARS   68                       Linear Regression   
1                                                                                                                        PAGE  4

           Correlation Coefficients           14:43:10.1          05/21/2012
                       Linear Regression   
           1 OCT  A=0.195115124E+03, B=0.175047952E+00, R=  0.779327, R*R=  0.607350
           2 NOV  A=0.955699909E+02, B=0.216270073E+00, R=  0.804844, R*R=  0.647773
           3 DEC  A=0.569330936E+02, B=0.241665497E+00, R=  0.713842, R*R=  0.509571
           4 JAN  A=-.726308724E+02, B=0.297902707E+00, R=  0.666608, R*R=  0.444367
           5 FEB  A=-.104104860E+03, B=0.320591559E+00, R=  0.496340, R*R=  0.246354
           6 MAR  A=-.428560633E+03, B=0.473550515E+00, R=  0.794658, R*R=  0.631482
           7 APR  A=-.103444046E+04, B=0.861141622E+00, R=  0.945234, R*R=  0.893468
           8 MAY  A=-.150924934E+04, B=0.750834792E+00, R=  0.811362, R*R=  0.658309
           9 JUN  A=-.505906170E+04, B=0.495613106E+00, R=  0.865500, R*R=  0.749090
          10 JUL  A=0.101417497E+03, B=0.191548338E+00, R=  0.911556, R*R=  0.830935
          11 AUG  A=-.416278817E+02, B=0.173285453E+00, R=  0.875482, R*R=  0.766469
          12 SEP  A=0.850654123E+02, B=0.161429485E+00, R=  0.809634, R*R=  0.655507
          13 ANN  A=-.157740803E+05, B=0.484197569E+00, R=  0.879554, R*R=  0.773615


          Base Station:       O:\STREAMFL\MONTH\09292500.MON
          Correlated Station: O:\STREAMFL\MONTH\09275500.MON
          Print File Name:    O:\STREAMFL\MONTH\10105900.PRN
          Output/Save File:   
